1.000000000000000000e+00 3.940381418031144818e-04 8.070232322394893867e-03 1.145909874937150835e-06 1.060592871895316321e-03 1.365968795038296940e-05 7.378404539332909361e-05 1.794131429694562657e-06 9.484261816050888663e-04 5.119668229226963328e-04 4.265726538110506394e-02 6.312738620477762732e-04 3.031212214102960086e-05 2.642270248423325141e-01 3.389823695540926103e-04 2.507795342228359356e-02 4.287281370326497052e-05 1.463156306362523670e-05 7.030665261569558888e-05 8.486166748497489531e-04 1.842516138163562689e-01 2.333573089413626955e-01 8.304431594417143250e-04 1.683205722781277005e-03 5.574512565609977127e-02 3.086093322598107980e-01 1.509458955063660407e-04 1.686893618670661960e-05 1.918739072499884711e-04 1.360016770156782069e-04 1.264805907153220845e-04 6.053460749310019017e-05 8.005489465187658540e-03 2.696609254726630711e-01 1.494516724931667742e-04 2.734931811465051710e-01 5.424006544857741269e-04 2.702194559153122677e-01 6.279266484037366153e-06 1.542903788151304620e-03 1.980725354963732976e-01 1.842199073630058090e-05 2.327283602208320146e-01 4.961505945321601548e-04 1.025660165029003987e-03 2.545124685075331487e-04 5.072934213259216573e-04 4.859398818438961442e-06 5.849877976893262665e-02 3.899027415129899076e-05 4.263584959155169979e-06 2.703799401754759524e-01 2.271544518229552112e-01 9.596654117598887803e-05 2.746526754777479651e-01 9.655729246083573705e-03 2.696199720295404112e-01 1.331843633956332506e-04 6.151469575894505598e-04 6.835998580817767567e-02 1.801767954362715890e-02 1.043368116954606470e-05 8.347699555483138745e-03 2.521939181947783770e-01 7.233031555410621150e-02 6.092522734250382672e-04 1.689490644083819788e-03 4.259178872960536966e-05 1.159161698560098279e-05 1.841688822112929128e-03 7.722944321317494476e-02 4.403304423233229823e-05 2.088159152773931955e-05 1.662280520305858128e-02 1.815488917129438606e-01 8.035807273944677864e-06 8.354545798061278200e-03 2.013690240084886305e-06 3.717746167998798836e-05 1.837861297426736818e-04 2.682142541867720276e-01 7.703034074829618293e-06 2.372772379275263088e-06 2.465609538070168971e-01 6.119236542565133913e-02 5.594528799590853252e-02 2.496874548404555971e-01 8.045092634185338574e-04 6.865228580760556149e-05 1.283833406256604704e-04 5.161180089087101148e-06 3.031674061218350529e-03 1.877797949526481482e-04 2.705059747295673334e-01 9.704748545838577049e-04 1.976041125847311508e-01 4.596324933148772493e-04 6.226818162595371688e-06 6.361966648234959024e-05 2.000363886831927895e-01 6.027371105622311497e-05 4.628005012573788396e-04 8.406209072246666469e-01 3.480615280697106455e-03 2.376860039696845808e-04 3.570871263809419207e-06 4.543600041223681032e-05 7.624489753652277657e-03 1.279787370443041697e-04 3.901730553277721553e-04 4.692749558915991860e-09 9.807943363681946656e-06 1.768316421334190647e-01 6.392141151831379122e-04 5.231819571202583246e-04 4.224473511637605857e-06 1.242384915383471482e-06 3.496710521733631437e-05 1.990555306894066013e-04 3.925590400984925454e-02 1.015675359946733669e-05 4.481526869720609441e-04 1.200205956327786471e-06 3.547593054256990146e-07 2.734302137250675946e-01 3.776432659552181917e-05 2.567354556247457009e-01 1.633797777880423036e-03 2.673578370213646194e-01 2.703412180749997229e-01 2.694894309312654834e-01 1.938367569564454218e-01 2.317964173409678426e-07 1.643820488869782932e-05 2.616290088297451593e-06 5.601101543466755796e-05 1.229286488157518430e-04 3.852711388186251529e-02 1.600236159712482603e-04
3.940381418031144818e-04 1.000000000000000000e+00 2.664437684002163837e-05 1.090953487204457794e-08 1.635108789870341170e-05 6.050469785678461604e-05 7.256450315008279237e-03 1.172757575359658414e-06 2.136305025079326332e-07 3.283365787099510219e-05 4.928186748537500140e-05 4.773853888113727683e-07 4.615382156476837902e-04 4.336500597995572299e-04 2.675984195113733938e-03 6.986987796433837450e-05 6.172738261847704203e-07 2.866382609325901585e-03 1.286565384267777075e-06 1.819466363637598507e-06 3.115903430097647329e-03 1.564504994910398839e-03 1.944115907201756076e-05 1.791728204858574901e-04 2.722439052345282081e-04 4.343167852386711769e-03 1.364222501652854657e-05 1.040267245669603787e-05 1.329177981698111151e-08 3.111113455039490151e-05 1.858537576992924313e-08 1.036393525754992713e-05 9.369913513164254150e-05 4.474205654019393743e-04 1.110621012178626132e-01 4.483163484554648220e-04 2.600595962737934502e-02 4.649495301061628877e-04 2.712041283832168763e-06 6.994730771972380856e-02 2.462134036006849349e-03 4.394385936867401157e-06 5.525842223436743493e-04 3.943502632785169385e-05 1.558812093989427592e-05 8.480329918281545587e-02 4.063180975011157915e-05 4.336293977724307145e-06 2.656200771388286808e-02 3.173903914003710873e-07 4.226535447370145399e-06 4.458021269148745229e-04 3.575477270469290601e-04 4.313573204652623424e-05 6.028595805832626412e-04 4.019960075539729142e-05 4.423494118343484463e-04 2.056756790774569643e-05 2.466761693328063478e-07 6.017839861651264017e-05 9.974299451070006435e-05 1.423220507169916521e-04 2.264781928443380769e-03 5.714466069176135816e-03 7.715039005541822676e-05 9.710150937443226947e-06 1.101731296952306263e-05 6.611507940499855378e-05 2.612477400436347907e-06 1.054661098276614878e-04 3.424467016283925321e-04 6.455919824752396721e-06 1.153004423245901876e-04 1.692124649238266887e-01 2.874729296858021801e-04 7.825998838416576236e-06 3.034251813464664989e-05 1.155633606131905407e-06 7.422100470296132601e-04 5.593447212081212930e-06 4.400099523639969040e-04 1.003404288843694301e-04 2.339301171267578875e-06 1.181463199343762201e-03 9.200381997177788844e-05 1.064677455783558720e-04 4.020478059760000731e-04 1.263870698937977211e-03 1.184451775322794957e-09 1.570172634010649423e-03 2.752579415460864371e-06 3.549624463582067187e-03 2.479846236510319969e-04 5.072411928580090401e-04 7.410911893874155263e-06 3.057631905974723409e-04 7.245345285738904487e-07 1.275380845391310452e-07 6.518545905320364620e-05 5.304850635198711398e-04 5.937671344951858511e-06 2.373440333701979501e-06 4.927971173001831351e-04 2.658747011886232747e-01 3.435166363127586941e-03 8.698807903357885417e-07 7.565595424111574098e-06 1.088193827426226867e-04 8.994309061988871150e-05 1.251036423533952342e-03 4.387988261635278547e-09 4.158315182604193552e-06 5.909662789127550402e-04 1.213358541461160903e-07 1.069651824951132384e-03 4.263322892504588265e-07 1.248311685221233793e-07 4.876152651578594951e-05 5.857528926862078978e-05 4.832817529526259450e-05 1.933905731000877483e-05 4.964944947274451579e-06 2.274372920947368543e-12 1.159959578947517706e-08 7.359207854976642423e-04 4.474206925456005378e-07 4.183611876285381554e-04 3.758858690820744422e-06 7.812577411157931289e-04 4.638495010789049416e-04 4.427325002236335541e-04 2.629160760242844983e-03 7.923859656308504901e-11 1.102034757234431192e-03 2.946251006341944109e-08 1.635460243168464583e-05 1.608043871334624542e-05 5.192371839563025317e-05 8.609227037608906119e-02
8.070232322394893867e-03 2.664437684002163837e-05 1.000000000000000000e+00 1.658624585402853832e-03 2.985645942203009936e-03 8.664486463726996235e-07 3.480732758248377178e-06 1.830652579087023830e-07 6.378943871946823206e-06 1.408963723518262055e-05 2.250890459202765405e-03 4.318843749320683029e-05 2.423310827767259961e-06 2.494655591743958484e-02 1.435553690520948604e-05 6.182969506542721578e-04 1.970202090828247592e-03 1.011227550192844351e-06 2.176538729173069797e-08 6.783979231177685826e-06 1.602833802471903199e-02 2.106005821840264275e-02 1.086695296050640942e-04 9.912881624319109662e-05 4.171562654424273431e-01 6.379709425129036042e-03 1.110323405691000109e-05 1.946350549961377513e-06 1.134638470894673923e-05 1.425104342999482590e-02 1.189346644250699817e-02 1.405057025821928761e-06 5.635210431042088830e-04 2.599124445763454846e-02 9.374163057787563503e-07 2.545187523995066578e-02 7.020604238245182159e-05 2.542591377635408656e-02 6.643682281289591684e-07 8.527248612882674754e-05 1.768724172519721069e-02 6.386205751863188295e-04 5.927094308941020795e-02 7.616921775172239679e-05 3.464218973592112149e-07 9.461491942084078433e-05 2.489251399853220983e-02 5.803901376926346088e-06 4.360852417114839327e-03 1.140405433019375976e-02 7.719736021427951834e-07 2.543794854680729925e-02 2.714102326126153347e-02 3.238259419943607671e-05 2.521209895499794060e-02 4.842300751429444829e-04 2.554711957612667075e-02 4.100144198468573076e-04 2.255600970554437078e-04 1.886689570681464962e-03 3.262829223142877733e-04 5.804291835693817587e-07 1.121572771848053992e-04 8.088390643809669628e-03 2.564735364496760137e-02 4.691355580447391350e-05 9.663724837768044608e-05 1.156713891438322997e-02 4.014597120152594889e-06 1.340901470142207962e-05 3.067264483884620807e-01 1.317999414406907972e-06 3.983386725372840049e-06 8.691263867777295404e-04 1.899462872866890945e-02 8.572707371429709819e-07 9.992430386340664938e-01 3.064247157331381090e-07 1.672496896098832483e-06 9.252583816202542065e-05 2.733119506271013480e-02 6.016042792234221431e-07 3.566975792185259940e-07 2.355244572469934738e-02 1.935996739263625699e-01 5.352445341204378933e-03 2.855627914191965350e-02 7.367821748971898001e-06 4.963646148088875221e-02 2.580632300070508478e-06 6.914415367031639407e-07 2.127992369542723859e-05 2.964333032247919035e-06 2.537990295808030192e-02 2.097714228042882600e-01 2.018656769427200348e-02 6.969023131384067280e-05 4.437659966640620153e-07 8.850991962608764172e-06 8.305653444258107032e-02 7.703881129858316254e-04 7.101844224040200013e-06 1.368457858148363140e-02 7.267810974292999179e-05 1.386605044005470298e-05 1.642063931972013264e-03 7.913948042807669785e-06 1.499643764966822898e-04 1.427580524787992138e-05 6.717441531682270043e-06 2.081235308444273952e-05 1.766207287490257916e-05 1.037271901697370824e-01 2.136785602097429296e-08 1.690464755676502495e-05 5.704138226415635679e-04 1.140639240124653600e-03 2.451665172470811450e-06 1.388440623771971634e-06 3.564618038043010449e-03 7.745945654840552342e-07 8.518158615301371986e-03 3.751194574203943304e-03 9.395720535538391611e-04 2.490149397450693025e-02 2.446280808368715760e-05 2.600262133857830088e-02 5.153189367212780741e-05 2.493790885267567828e-02 2.542231312912387325e-02 2.551154703930677559e-02 1.715533339090810280e-02 8.462124252070415010e-04 1.675229869288005920e-06 7.112718209487209776e-04 1.080501733328412684e-04 3.013199961366076415e-02 2.528076666633331457e-02 2.877960427600322844e-05
1.145909874937150835e-06 1.090953487204457794e-08 1.658624585402853832e-03 1.000000000000000000e+00 7.487839809352087035e-07 2.692726944132674414e-08 1.019251863782398768e-08 5.313790723413102647e-08 1.772263001359192470e-06 6.871608362223791228e-06 3.270540475935804198e-05 3.495082658103665580e-04 5.851022450306540521e-08 3.101779817848750462e-07 2.576588924941355956e-09 3.782791914242569943e-05 3.182848330410444904e-01 8.769324385413379231e-10 5.367044439163556243e-09 2.173823507625215118e-07 2.566354795295985742e-07 3.173993103597652354e-07 8.281310276585771802e-08 3.131236875291339974e-04 9.845285985928687981e-05 2.833199763939323883e-06 1.954206473398422637e-06 2.114463885009064107e-07 1.975307863721773286e-09 1.175986934191660359e-02 5.432415387693344255e-02 2.058546885327211683e-07 2.250903026478102331e-06 3.234357038654502161e-07 2.669796637177878485e-10 3.199744405519672582e-07 2.281254650458120737e-08 3.108341679572477754e-07 4.436083495201105025e-08 4.858440106777774234e-08 2.800191512816393875e-07 1.788944823866413887e-03 1.653637308886623008e-06 5.618259676713221632e-05 3.353277473074200125e-09 9.862099996316810915e-09 4.100262721723183304e-03 2.588491860052229306e-06 1.145264914629693727e-07 3.960512267819162879e-01 1.974964794269360789e-07 3.105103619202077316e-07 3.382747586322396579e-07 7.236432227683239208e-08 3.211272807075227537e-07 3.617866761271140050e-06 3.110237025681925306e-07 7.551856295142790436e-03 5.223115943459741890e-08 2.525545004928816169e-05 7.231097284928153794e-05 3.455619310446008065e-09 2.335613846599225282e-08 2.139921392007080912e-06 5.013457515333947703e-07 1.504718238597044461e-04 6.347699559394357708e-05 3.007312453959519547e-03 7.334958860038588198e-07 1.142351829762454033e-07 4.981668840891837656e-05 3.884057151444696640e-07 1.056527585488919037e-07 2.247282989178862951e-07 2.630221453858638814e-07 1.303943200964897505e-07 1.576257384887305366e-03 7.857366801468257439e-08 3.410939277234874084e-09 2.480312277222361528e-03 3.322382739706500452e-07 1.523537006796844420e-08 1.417600752343135340e-07 3.596028563953149363e-07 2.625247486958506328e-03 3.464229559970371513e-06 3.548893071752179213e-07 2.030002946501059437e-09 2.350452968083690305e-03 1.948966807569808086e-09 9.384746861149929979e-08 1.407373892082344009e-08 1.190584571814720740e-08 3.133808300241334618e-07 1.451771036108972200e-02 2.614639212529887261e-07 3.112979775203657529e-07 1.137549631920350324e-09 6.908229459099674195e-09 3.349093646799571863e-06 2.240450739141326816e-04 1.869633607728920621e-04 5.194635444561907288e-07 5.509439003018387063e-09 1.360154539589243017e-08 7.671207210103970445e-04 1.786868945424639371e-07 3.095668680631247659e-06 2.029042808746019012e-06 9.689072348934204257e-08 2.777518838705618281e-06 2.614994426556821626e-07 6.298017657390625002e-06 3.312495945240314494e-09 4.123576596845767523e-08 1.666264159737443145e-04 4.302799234000399082e-04 1.720385507846130032e-07 2.406952491129290685e-08 4.630935130755811712e-08 1.393688068641109776e-07 2.686881746706309320e-04 1.218780118859090738e-04 2.034712088507260647e-04 3.300985246368097100e-07 7.751362252878951913e-05 3.211510706502428984e-07 1.974472257281358718e-05 3.259194732844993520e-07 3.109374654709641553e-07 3.156060876020716527e-07 2.942277742329332996e-07 8.576577723242455504e-05 2.644504762696119339e-09 6.427255365715965896e-01 5.207491809903508915e-04 3.840495076679429493e-03 1.066120937043943569e-04 2.601034587341866224e-08
1.060592871895316321e-03 1.635108789870341170e-05 2.985645942203009936e-03 7.487839809352087035e-07 1.000000000000000000e+00 2.298997174813789310e-04 5.234576373259971929e-05 3.005513808066969018e-05 4.311495214230826235e-05 3.497145610992383104e-03 3.634698582742148815e-04 1.721437526381025820e-06 9.700387960036762746e-04 4.100222134675797145e-03 9.877979262726207382e-03 1.603494082567750176e-04 8.502819457962738385e-07 5.484155305646874669e-04 2.939272646566288844e-09 3.407753196884684085e-05 3.551923816708708274e-03 5.981512373796185437e-03 1.219055842874382726e-05 1.560766096937602962e-04 7.069897081819419629e-03 6.250158347811974983e-03 8.565552368945782548e-05 2.612366186698551231e-04 2.897600162883801759e-06 1.180459866291263145e-05 2.159898502432922910e-06 6.137778225311614293e-05 1.046762170875217721e-04 4.258504855744229579e-03 4.622957008005662777e-06 4.209272679910709344e-03 1.677198979031002994e-04 4.221430474699049140e-03 7.443723110830888755e-05 1.606938514127442363e-04 4.171267488390216494e-03 1.922516171465824201e-06 6.133937689881925788e-03 3.626315366428322544e-04 1.672336976882962861e-07 2.956580785225727356e-05 6.603324357093064633e-05 9.009671590745218876e-05 8.022371556042113975e-04 1.854315917949598906e-06 4.673165786041034954e-05 4.202459364253749961e-03 3.455773703603458140e-03 3.980972070396791634e-04 4.288793783833513666e-03 6.383882995910286216e-05 4.198669900471865835e-03 7.797513655021755588e-05 1.150007777464859035e-05 2.575838537609023379e-04 1.024702126468109397e-04 2.960751933560903351e-04 4.328607581651446566e-03 7.237332425087813874e-03 9.803771916139514264e-04 2.728044039033301329e-04 1.833605645017556218e-04 6.559886080003801126e-05 5.629924651412073165e-09 4.554384063182924033e-03 7.405728443484439587e-03 4.551547692732041514e-04 1.391011631280164544e-05 8.870942124856987421e-05 2.688426366920194151e-03 1.020552531902029864e-04 3.039027253523677013e-03 3.096187246128163668e-05 1.051151584117900701e-03 5.604076735047717859e-06 4.172154285594142920e-03 2.473004415909001250e-04 3.658888198511461777e-05 5.044711438682927991e-03 2.228749610552801814e-03 5.396038765081921347e-04 3.842361623621290325e-03 5.514374964060878709e-03 6.616474285167831836e-06 2.350959118142455142e-03 6.166255357875494582e-05 5.055356753064633004e-04 1.204119434223728801e-04 4.398322848787732456e-03 2.965345090709658733e-04 2.940943087675841529e-03 3.666927586508534611e-04 1.247552413972688170e-08 1.067655363069181513e-05 6.808268718529300427e-03 6.324445287965557694e-05 7.785871260922577064e-06 2.156626484028732488e-03 6.849092822310059588e-06 1.440828178796124941e-03 5.573810984968429469e-05 1.362128206818287587e-04 3.661105782402702578e-05 4.030948925367558748e-04 1.289319127112224263e-04 2.036969181372377748e-09 4.000185184410309531e-09 7.056565570417755451e-03 1.169355139204324675e-08 3.487128633855569957e-03 1.938914939476859328e-05 5.523510670615701990e-06 2.324659084306354619e-04 7.791388135056622952e-05 5.913673541338513445e-04 8.212863983681445532e-05 2.985201196237231153e-03 4.857520654036886848e-09 4.181576486095236663e-09 4.505921712316594135e-03 6.976655121418036116e-05 3.963838266397470833e-03 8.150254312097481626e-06 4.200474369801196657e-03 4.220312768366285897e-03 4.196479358008644786e-03 7.158091121298178205e-03 7.114926427167468860e-10 1.143666381802353402e-03 3.968524813362224857e-07 1.055516700202775205e-04 3.197737399617176890e-05 1.762427547160335924e-03 6.874923297238513277e-05
1.365968795038296940e-05 6.050469785678461604e-05 8.664486463726996235e-07 2.692726944132674414e-08 2.298997174813789310e-04 1.000000000000000000e+00 6.028490309724214222e-03 3.982918148327931340e-01 6.492785896508298108e-06 2.617137734539452462e-02 4.635289026392772683e-06 2.005144521731734937e-06 6.040729333232682796e-01 6.820576856740641668e-06 6.148788108745965441e-05 3.991222004403926414e-05 1.511219099956361359e-06 5.079299623197762459e-02 1.408127385000152125e-05 5.618893166795186577e-06 8.289420067680404461e-06 1.004538409813406934e-05 1.209978056291073848e-06 1.047271642404360922e-02 4.498289094756076244e-06 5.159868451132240469e-04 1.353813481059209789e-01 3.311556045689261207e-01 2.530574707249356345e-08 9.610473042570749408e-06 5.670421713470190500e-08 1.821346190989882596e-01 1.988220097222284560e-06 6.714667667972916423e-06 1.730396960188703026e-06 6.758730328907972822e-06 6.068374440802148064e-07 6.716822086335616131e-06 3.010350074371714868e-01 2.828062033432660830e-04 8.183783704124685440e-06 1.887072225155438809e-05 8.910361446608670643e-06 2.749400596906929201e-02 1.893510273663476835e-07 2.803223350308483371e-05 6.220073997769957918e-05 1.946498053728510924e-01 4.429667267314290806e-06 7.300017433780363582e-08 3.719598978905814812e-01 6.643919443947513444e-06 6.414309384737274303e-06 1.287732500881457742e-01 7.373237353938068084e-06 1.108562272932766450e-05 6.651917225775555135e-06 1.020590304167407663e-03 5.879826656122304718e-08 4.844339591477464510e-06 6.748006005307140547e-04 6.079155749399808295e-01 3.904563568122573123e-06 4.737716079577823170e-04 2.582874358040242773e-06 1.743002893954593777e-02 2.515044308423780139e-03 6.991312069930556254e-06 4.782452821141833988e-07 1.367540337281464811e-02 5.587699612326180274e-06 2.032039249461634611e-01 8.413822790539053978e-03 1.426004998490914221e-04 5.540178275204901490e-06 4.274672640227881182e-01 9.039740451312093440e-07 2.481972922357659761e-01 5.226992449247040706e-02 3.481591382983603516e-04 6.800467365097858177e-06 8.050678336054832851e-01 3.466461150054324092e-01 2.602502662343748275e-05 1.853016147604467047e-05 2.787762339984899085e-06 6.871119270871944160e-06 5.275697909183253974e-06 3.311663212053379408e-08 5.020329639949542427e-02 3.315933371292794640e-01 2.414244082631363897e-04 2.050710863920919558e-02 6.931264251717579258e-06 3.108755931735181303e-07 5.771387180901152424e-06 1.859670975124694703e-04 1.620804032242951174e-08 4.912863883484389901e-05 8.550560836180218699e-06 5.699827768936387845e-03 2.356804330573798528e-04 1.306570303315264677e-05 6.519964968562277643e-06 2.007583738928718844e-02 7.784612789894878291e-05 1.696275805084134503e-01 4.180088280730891871e-06 1.213215405713679723e-01 5.875072725946587499e-02 4.565610878699186715e-08 2.158684883432344869e-07 1.123555674203747998e-05 5.034955058952631838e-09 2.148084993023379602e-02 2.567518547712887601e-03 2.711428804970047074e-05 6.421861229293261975e-01 1.403829774984046985e-01 1.551549297889004579e-06 6.510269298722048958e-01 1.341344449896102967e-03 1.978417868902490665e-09 6.474217473984824090e-08 7.987507063271921367e-06 1.058906713805557107e-02 6.805136531711892154e-06 2.612083182602449778e-07 7.822717651520170822e-06 6.712703649545221679e-06 6.719526380258221570e-06 1.428428068881007268e-05 2.410708750510314455e-09 1.487644532286710730e-01 1.099532900203209012e-07 8.841166976225493801e-03 5.609934360811199624e-06 1.098498629292151020e-04 2.557633878465270273e-06
7.378404539332909361e-05 7.256450315008279237e-03 3.480732758248377178e-06 1.019251863782398768e-08 5.234576373259971929e-05 6.028490309724214222e-03 1.000000000000000000e+00 1.469725398478611070e-03 1.165322668028269577e-04 7.306973930223068523e-04 2.575618942359345510e-04 1.432974482260602958e-05 1.636753579325847877e-02 1.239831868406076644e-04 6.449106286423774911e-03 5.552412686204583070e-05 8.173827906557703008e-07 3.575374691542156785e-02 5.947717038963863361e-06 1.462999891430259941e-04 6.461392894756573134e-04 3.094418897660804017e-04 1.263696554648358767e-05 5.188812922001398951e-03 3.459022509685172721e-05 1.176942084329914411e-03 8.907150742776702088e-03 2.392775598869288124e-03 1.066057008005333506e-06 8.004129799241846904e-06 5.317058046760944065e-08 1.149228497658225101e-02 6.054154342404001514e-05 1.091969127200322195e-04 3.253943176606375492e-04 1.104870150689216975e-04 8.693874761653768790e-04 1.142802139694461348e-04 4.763343340268051326e-03 2.778025609669670243e-02 5.003608501926296633e-04 5.178016193966941044e-07 1.115371679355738125e-04 5.128382602373770562e-03 1.981443619511295013e-07 5.535943593432375923e-03 2.890715355550057292e-05 3.534592984322960409e-03 1.575646855708385651e-03 4.164614022341229789e-08 3.117941554613495262e-03 1.092017306396164493e-04 1.386373344333458925e-04 1.406592108542804344e-02 1.506259837631588412e-04 5.562888849934606057e-05 1.100546297182755851e-04 3.856227147677331350e-05 8.346746970909943759e-06 7.544340505906161221e-05 2.173379444363485267e-03 6.562083630633337890e-03 2.554397047938504971e-04 1.574459616959723602e-03 9.365502976489266883e-05 8.951808027796197753e-04 2.814340830598278335e-03 1.236229986402355451e-04 7.328665503342455987e-06 4.498571921879321940e-04 4.726188728522254956e-05 7.837465855342933690e-03 5.864305482605056607e-04 3.042946333909375342e-02 1.408067094396125182e-04 3.080683550254475524e-03 3.688623083234741753e-06 2.672741386994103175e-03 7.155735906783597736e-03 9.421487646695656426e-05 1.168670137966947617e-04 5.744444601819196500e-03 3.027241732649108008e-03 2.720596381432104798e-04 5.353452204656069028e-05 1.334666418165790492e-04 1.329950851550348076e-04 2.718410351358271785e-04 2.691591012395322196e-08 1.175667327720853611e-02 3.298493547383415068e-03 1.819648307989079868e-03 4.136789600107211584e-02 1.232559210397501221e-04 1.048509911625187453e-06 1.385048548757593617e-04 9.669990984003382951e-05 4.063713550546419998e-08 4.870027387438805727e-06 1.004006169328231066e-04 5.427695863824708120e-04 5.479053200351288299e-04 9.339337524746257045e-05 2.484758857242680592e-03 1.543335438898489967e-02 2.345791094307466754e-06 2.891189094975686342e-03 1.101856162545434648e-04 9.080752158457962991e-03 8.357112681378669940e-04 6.607539013333096257e-11 1.425603284014126189e-06 1.038612299917551063e-04 1.111862802242029942e-08 1.419223323556844350e-02 4.336473899420717731e-05 1.763498909800708922e-07 9.205422217723543618e-03 6.624385120778739219e-04 6.951100581161706257e-05 4.826432960816802280e-03 8.405409398234133737e-05 9.052146136214466432e-10 3.668521785113199723e-09 1.842148614178914265e-04 2.023921286740291373e-03 1.299770309087241267e-04 3.812802261093435137e-06 2.096662590450363520e-04 1.138136519095024710e-04 1.132592607792124275e-04 5.731882574509888873e-04 5.072860547636623152e-10 5.136210394649395189e-03 2.083907419005930671e-08 1.938553918252270965e-04 5.795825808001694144e-07 3.354404728137352670e-04 4.414930360646218688e-03
1.794131429694562657e-06 1.172757575359658414e-06 1.830652579087023830e-07 5.313790723413102647e-08 3.005513808066969018e-05 3.982918148327931340e-01 1.469725398478611070e-03 1.000000000000000000e+00 7.305459868774310386e-06 2.465060341601674199e-02 1.272390703316915825e-06 7.633021590060241180e-06 1.265592778383061723e-01 9.416133386262010926e-07 5.683575459044388035e-06 4.346477944815645559e-06 1.111935221350602043e-06 4.059985379653472184e-03 1.552724183880494908e-06 9.104003304242516242e-06 9.234287164069647140e-07 1.305193737925681921e-06 1.942643410359434903e-07 1.471424156303451948e-02 6.767313461736061898e-07 7.820433048372861171e-05 3.789197328152404953e-01 5.486614640094270579e-01 6.305317110602997344e-09 3.144904053674141177e-06 5.100376754497934372e-08 3.688083243458837868e-01 4.385895005622053583e-07 8.989090432218367276e-07 6.456485227185195731e-08 9.048077427702277337e-07 4.079038337953413859e-08 8.944400693472782604e-07 7.523911233447311275e-01 4.247465536006108711e-05 9.850880670267877523e-07 9.311124798269909643e-06 1.241633011946199646e-06 6.989226383222885142e-02 1.822208344325669158e-08 1.160811753448410914e-06 9.564599870405941675e-05 3.883154165923874412e-01 3.298672699568773128e-07 4.512195742383249120e-08 7.783637199372924753e-01 8.876492223321764849e-07 9.279510778104142673e-07 1.079564577666890512e-01 9.594576578557822824e-07 3.288407591092627122e-06 8.918316430599103130e-07 7.721134240834582902e-04 1.449743212455884794e-08 1.195508623449990142e-06 9.400647162643932866e-04 1.490642965381978602e-01 6.047671709670250502e-07 6.360851524007242756e-05 4.322887029572292519e-07 3.702449991673928409e-02 7.515064935337866306e-03 9.886374828876795642e-06 1.285065752369060303e-07 3.746952672997756056e-03 8.225664748692616403e-07 3.651536980828670176e-01 5.448839781942728042e-03 9.121833496713737085e-06 8.488135296827571327e-07 7.825317923219106131e-01 1.883878530941600490e-07 8.258458725382122889e-01 1.006841121121783249e-02 1.312082180735340111e-03 9.202939482168680344e-07 2.608961462880158289e-01 9.258975556702055965e-01 3.176226712692025168e-06 5.599620394310558493e-06 5.390451564172628862e-07 9.686100317353724014e-07 6.908004124250817151e-07 1.781996988762888405e-08 3.082485314330507629e-03 8.717632166301004792e-01 2.491498860628746929e-05 1.280726910874913950e-03 9.228602222432537850e-07 1.167157890118110274e-07 8.697581855097463943e-07 6.396413394486447676e-05 2.063506517914056720e-09 1.653635527419838183e-05 1.203533717921040983e-06 1.205009408474399732e-02 1.002556648097779370e-03 1.697932075105093145e-06 2.854629349937547424e-07 1.678640287714740827e-03 9.161061226918307894e-05 2.931762598068206049e-01 1.119893511948283383e-06 2.025580546138749105e-01 6.443716656777777503e-03 1.077913988671710894e-08 3.652517675978971275e-08 1.635542208598717677e-06 5.701448316532452209e-10 4.955245023119848533e-03 6.087941282613454699e-03 2.365305502972043369e-05 6.301257799371358104e-01 2.868109460458399124e-02 2.954910089215253240e-07 7.713928056336597505e-01 3.822092315556504128e-04 1.591623340488994768e-09 5.284027062391138168e-09 1.025343935130328488e-06 4.750577546883176516e-02 9.516727917752907496e-07 6.189529225598477817e-08 9.925740802111524266e-07 8.940472114656334760e-07 9.063761199321008872e-07 1.730945609354449597e-06 2.059787743534768413e-09 1.000271684542761511e-02 2.349549443440390650e-07 2.201706568102641121e-02 2.996750584805887625e-06 9.015883808923039319e-05 1.812896042574791664e-07
9.484261816050888663e-04 2.136305025079326332e-07 6.378943871946823206e-06 1.772263001359192470e-06 4.311495214230826235e-05 6.492785896508298108e-06 1.165322668028269577e-04 7.305459868774310386e-06 1.000000000000000000e+00 3.877262025204358808e-04 1.343435339017561535e-02 5.139510087754615292e-02 1.483874997748857902e-05 4.245082061252236421e-04 3.442862546341518071e-05 9.961684541085117061e-06 3.562549129711935941e-05 5.469167286618595148e-06 4.940092180006669558e-08 6.004074383260714631e-01 1.857440356559229594e-04 4.477324970165477659e-04 5.729244670055333574e-04 2.468142428783737675e-03 5.692311923488109363e-05 1.611603717275917778e-03 3.643722792197243415e-04 4.272584699307104553e-05 2.605066081571029402e-04 4.692651946476910323e-05 3.304693693437845925e-06 9.532331688125931894e-05 2.802606828991392046e-03 2.637548437566255991e-04 2.949954487000229009e-07 2.696866675943792387e-04 9.575866009579205284e-06 2.629762926658166006e-04 4.431263971742682316e-05 1.561395326755051762e-04 2.327417055529141751e-04 1.757863875278570405e-04 2.497655194765391958e-04 6.299163172252253678e-04 3.526641973661038848e-06 1.269807395585925658e-06 1.585286948053168618e-04 5.236181742345284165e-05 4.290420379047309792e-05 8.775627960256593475e-06 4.087644400864267106e-05 2.627005117019271842e-04 8.750918824443352020e-04 1.722480201075174389e-04 2.690086556845983014e-04 1.749510188420938875e-02 2.761723997230846944e-04 5.924087932108038133e-05 6.790988882988600829e-04 1.789309002143995783e-02 1.612894085383396667e-02 9.510630923502689163e-06 1.378031618434969515e-03 9.494278962133816937e-04 3.061828418483142182e-03 2.861456855239000890e-04 3.747493430800017539e-02 2.844784533631568908e-06 4.527056903830868227e-04 1.020010659275646242e-04 8.097090873514748040e-05 1.553258402040527566e-04 7.672889100853952588e-04 5.330285680515300288e-05 1.431541429870298362e-03 1.871256475317014577e-05 6.559703049451356334e-06 1.129664956604923717e-05 5.855715115671650614e-05 1.564353233854455863e-03 3.399572827369300577e-04 7.680208944840498944e-06 1.242736608088444597e-05 3.443526970196133315e-04 9.301424750631833577e-04 5.904804667049042347e-03 6.189520888499886516e-04 7.443927854049436346e-04 3.394924014854490137e-08 3.026010472807418608e-05 2.849302882720807645e-05 2.160215558718436152e-04 4.759575016826737330e-06 2.687492341139800312e-04 1.852773982718557880e-06 1.241888435673076411e-03 3.641867998080191432e-03 5.035371176588742618e-04 5.408475744547514615e-04 2.024382369404193404e-04 2.052475786703178759e-05 1.137369395423061189e-02 3.913413546680111796e-04 7.481719759947573722e-07 2.045478290986272826e-04 3.203589559552954169e-07 1.424806564923374117e-04 6.755357373422946239e-03 5.838679783245711609e-04 5.407411913312708057e-06 9.980961657427216003e-12 3.082859052905636979e-04 2.554794634270013344e-04 4.021281679491573105e-06 9.735164025963459987e-05 1.045459102300707354e-05 1.737575902298802237e-07 2.957461078195998709e-05 3.425695988499589702e-06 4.049487403480677740e-03 1.273013726416576770e-05 1.354162884785724627e-06 7.018097144115515200e-10 2.049307399405920773e-09 2.880631999594680066e-04 7.592919424349019739e-04 5.338147612016590736e-04 1.262561396792275491e-02 2.721027794254422968e-04 2.630287203314200578e-04 3.027492845109438818e-04 3.284452964574946380e-04 9.790453192095649034e-10 7.260551793715547527e-06 2.063205443725794948e-06 6.090938442421761721e-04 8.807798050135551632e-06 5.223592469198629594e-03 4.694172020926967051e-06
5.119668229226963328e-04 3.283365787099510219e-05 1.408963723518262055e-05 6.871608362223791228e-06 3.497145610992383104e-03 2.617137734539452462e-02 7.306973930223068523e-04 2.465060341601674199e-02 3.877262025204358808e-04 1.000000000000000000e+00 2.104481826818924151e-04 2.123202964512159517e-04 2.031758411135977868e-02 1.463296319303177809e-04 4.587938769966428787e-04 1.013737825260547848e-03 3.080986572288807240e-04 8.694385612687318418e-04 1.251434466628745483e-05 4.957023377445127959e-04 1.562563013227826327e-04 1.671887984647381473e-04 3.145257716382940751e-06 4.573373574387386981e-02 7.189859904596052303e-05 3.969423491959723528e-03 7.799567647584502994e-02 1.651748761293733714e-01 3.967368473969780729e-07 1.120682714220230255e-04 1.075303685915840552e-05 3.853048334792479046e-02 1.525198734234937351e-04 1.356720117517041678e-04 1.197239917301558985e-05 1.380445653331232052e-04 6.371238744775999094e-06 1.363761279517232828e-04 3.111822464604034957e-02 9.603280547827688007e-04 1.542503944172249092e-04 1.764381872549201138e-05 1.471445475523671482e-04 1.102321995124464077e-01 2.324496794024985986e-05 5.385084611315535706e-05 2.015987922409059516e-04 1.445157284745428664e-02 1.351622449167037571e-04 2.208585667692904747e-05 1.883992646221865561e-02 1.352314513876909309e-04 1.453005143453491162e-04 1.186262359931978573e-02 1.487751656102602308e-04 8.027809884505286296e-05 1.360176537783675389e-04 7.842575243939178820e-03 1.381508476929305963e-06 2.247030823771695455e-04 9.246616366965967199e-03 9.256131134386896483e-03 4.100590680869260697e-04 2.537496776571724656e-03 6.757453441140636352e-05 5.711969104513370254e-02 1.643405726079247633e-02 2.636966097241517194e-05 4.401616684561810363e-07 1.976260763727702707e-01 8.749500312949155421e-05 1.162566428751258679e-01 4.307581382742192754e-04 6.084347182961139227e-04 1.392415620358805541e-04 6.392610899536919911e-02 1.440690535404568538e-05 2.256406159118869506e-02 2.873009570225840657e-03 3.300074495191138158e-03 1.405171251156697471e-04 1.411364713614242025e-02 2.818385372775098624e-02 2.293768948682549033e-04 3.062287877776489098e-04 1.628852142841948091e-04 1.478214883775876855e-04 4.847495506729733970e-04 1.914603514259046545e-07 3.072464462449332311e-03 4.200376061839291436e-02 1.096414819300656164e-03 2.289394357546745834e-03 1.387257198458738785e-04 5.667704192949384943e-06 1.410626301676904488e-04 1.818553151917445517e-03 7.911246670052276705e-08 4.239211155764595720e-05 1.380526007868487900e-04 2.685999269083627020e-03 2.612780394437898453e-03 4.396161607464260310e-04 1.208902602306867644e-05 1.488967740207087793e-03 2.031749921727066672e-05 1.487423972385013872e-02 2.133378791936709309e-04 7.167880486867865553e-02 4.720106847519162444e-03 1.553518759671520980e-10 2.942323765747630453e-07 1.516219540142838625e-04 1.770976411827764798e-06 5.802149465856303034e-02 2.577766425193481442e-04 6.525765331707488266e-07 5.784778413898360172e-02 1.562689103738201107e-02 5.268862083260525587e-05 3.078368207834693976e-02 2.435973380631880313e-03 9.996466568718519530e-09 2.410458048318063641e-09 1.577374836919371410e-04 1.880772806227053520e-02 1.486076730939348727e-04 9.912641674901306529e-06 1.563649576828813844e-04 1.363161824528248895e-04 1.390327609070011777e-04 2.238223215722537557e-04 1.106792694331789368e-08 1.548770227863393396e-03 8.477145123415219793e-06 1.069689470178766810e-02 2.417296778219413812e-06 2.150207227866897126e-03 3.149751169706492079e-06
4.265726538110506394e-02 4.928186748537500140e-05 2.250890459202765405e-03 3.270540475935804198e-05 3.634698582742148815e-04 4.635289026392772683e-06 2.575618942359345510e-04 1.272390703316915825e-06 1.343435339017561535e-02 2.104481826818924151e-04 1.000000000000000000e+00 3.923809458069332096e-02 1.249932599354879060e-05 1.102648883787272355e-01 1.757762844906296681e-04 1.274858919513322062e-03 1.009543297060785564e-04 9.523979056628231675e-06 9.156829618825438493e-07 1.845067021307381788e-02 5.700278481273739206e-02 7.139781684760126979e-02 3.528729217343790081e-02 3.555974894682809116e-03 1.632833289256672635e-02 3.907511258600081250e-02 1.033228168060969866e-04 1.254111652005301990e-05 3.013229412760195375e-02 2.543825344696057280e-03 4.503501059888601271e-04 2.100690443659116038e-05 3.530097697041206239e-01 7.887189257211857374e-02 1.460298676630496855e-05 7.973565034133646423e-02 3.869948000349658353e-04 7.887970673809278910e-02 5.477410696120791246e-06 1.131747321951870333e-03 6.241667954408351010e-02 3.291877323419179478e-04 7.151300342887571826e-02 7.203665243128720436e-04 4.827877483527640592e-05 7.573758016306573809e-05 3.475679995453679304e-04 9.488141399512856200e-06 1.185030001024226474e-02 3.997397518972103762e-04 7.048167364501861418e-06 7.863739963952456891e-02 1.730990323283750076e-01 8.415891977900513275e-05 8.041210402422586945e-02 2.306754320060892538e-01 8.146284434353934234e-02 1.157820712627337075e-04 8.185511597596270561e-02 5.186734971955032636e-01 5.273058297360724150e-02 2.814153550220697766e-06 3.429208808012154143e-03 4.843620715698471885e-02 3.361215330013399560e-01 3.113068479193509611e-04 1.058507556265010120e-02 3.025709533840385365e-05 2.738190377516327382e-03 7.910485444577894875e-05 2.287432630295024513e-02 5.137902235011573317e-05 4.200594700551975899e-04 2.964512721154471953e-03 2.455587012054586682e-01 6.387516340853562535e-06 2.319986460791764564e-03 1.681426451555844228e-06 8.611904278031436922e-06 3.940715246922733145e-04 9.304263136265231160e-02 2.851945025361059146e-06 2.402446707122317264e-06 7.902998480177411689e-02 3.381634740663898991e-02 7.225877215411578014e-01 1.369155888592502868e-01 2.699736837043073740e-04 2.252198630145959231e-05 2.879106684214264303e-05 4.966379780807492948e-06 1.964435217468711874e-04 7.321736424070151141e-05 7.901427462548146763e-02 7.878590587966138653e-04 2.210396061845273652e-01 1.223375330691270010e-02 4.996241590556131998e-03 4.242464843807977094e-03 6.050841983917104594e-02 3.696696025658510168e-05 3.919710897861871518e-03 5.556551376097120659e-02 1.841153256893275256e-04 1.184197042290234769e-04 9.862858709816935832e-07 2.578618388230956968e-05 1.951755756678864862e-01 2.815776626696290001e-04 3.616657141542844160e-05 1.025584480170659965e-09 3.426215599286117075e-03 6.231139440432981180e-02 1.847647180518664556e-05 8.053172263600662175e-05 4.443011309113893647e-06 6.903338330522786576e-07 1.268030667732067983e-05 9.190247181653676985e-06 4.086000543709117361e-01 5.470219109373777343e-06 1.122240297502386918e-04 4.524005345766833033e-07 2.381394490649756856e-07 8.076140599044052959e-02 3.395872051398548641e-05 1.272047189574589121e-01 1.580880193750356932e-01 8.239266619512349010e-02 7.884786198722221195e-02 8.695047019666338195e-02 6.300381965444669385e-02 3.820234856164444978e-07 4.331569994896223915e-06 4.597036119277617036e-05 9.956139078217689947e-05 1.395715496156278669e-04 4.327597166543822871e-02 6.850368739941927788e-05
