1.000000000000000000e+00 6.670423809648315383e-02 3.367610893039892916e-01 6.586301088623162762e-03 3.709373709420531184e-02 1.966394095066837863e-03 3.507634063286617192e-03 6.002258532110825353e-04 1.321634146825212408e-02 6.660412282352830456e-03 2.937151977169257244e-01 1.276404998368686414e-02 3.455466008110800145e-03 7.030812869714715418e-01 1.639111980169200358e-02 2.429371874457374736e-01 1.587850363167075951e-02 2.246114436297421378e-03 3.111898234656899475e-03 1.609877201144741324e-02 7.071354167824167591e-01 7.333661284337262831e-01 3.440977820752520039e-02 3.166811976433176606e-02 5.585938733045188176e-01 7.975492880959100805e-01 8.480857981824125105e-03 1.517948361314847266e-03 2.325361107218718720e-02 4.830242745459815967e-02 3.661263575882217625e-02 2.278452874376622143e-03 1.253374888614693095e-01 7.033837860334810621e-01 6.439656855145092784e-02 6.968879203281359569e-01 6.513939751402210432e-02 7.001373734151945527e-01 1.027587136761297761e-03 4.485261277868320129e-02 7.250526104026020491e-01 7.721747165372394757e-03 7.063772955615947868e-01 6.273388716727330665e-03 1.507923291516139429e-02 2.536799526950327469e-02 5.534527842192436126e-02 1.539930756671875232e-03 6.712421695209079830e-01 3.680591926798552904e-02 1.319933109984352702e-03 7.000837887414232963e-01 6.651733888752018320e-01 1.943451433173427802e-03 7.080548369658886676e-01 8.684909844005155033e-02 7.004817192968105788e-01 2.525971132269519415e-02 3.525692975574635374e-02 2.211721880681095376e-01 1.042761778726553762e-01 1.536072209066127996e-03 1.557665648397821567e-01 7.659068358296291512e-01 4.175230577757428341e-01 1.529277530223104378e-02 2.770816774344140795e-02 3.088923178424876625e-02 2.309725788022035532e-03 1.281654464425850681e-02 6.142980067567973546e-01 2.920442479342931323e-03 1.909081647137263237e-03 2.209484204198045032e-01 6.037541760233974264e-01 1.330484745519581449e-03 3.160316975505887416e-01 7.963167971342897120e-04 4.652446199977601504e-03 7.861825382243543478e-03 7.001576927534266526e-01 1.578891704981998144e-03 8.222950619796769384e-04 7.076412730034089549e-01 5.465312428233264352e-01 3.624525945426823048e-01 6.964248468290094030e-01 5.904463980576152293e-02 8.236668522998824571e-02 6.924327906849120189e-03 1.089131836648795726e-03 8.038421970591527743e-02 2.704539758223392654e-03 7.034412551474110709e-01 9.055083108950856552e-02 6.165912412629699357e-01 1.358093751493593890e-02 1.633924346429298582e-03 3.984085353130223904e-03 7.017404268221892893e-01 8.063496685205843312e-03 4.794467532036599845e-03 9.436654813026924549e-01 1.310167428423810176e-01 9.941106134577281511e-03 8.415204177184843967e-03 1.631486935219755071e-03 7.187966837433332201e-02 7.404771362348966032e-03 1.601286022198905243e-02 2.335101254955386681e-03 6.674861618346270920e-04 7.096000331379089809e-01 4.866811546113807355e-03 9.687980575495844238e-03 3.286335262948599564e-03 3.932101993220933796e-03 3.507502234191510384e-03 6.559915966559028491e-03 4.321706804959005721e-01 1.786145950171774644e-03 2.531929676438985505e-02 1.213527810077632066e-02 8.198921980516468005e-03 7.143565620744894984e-01 4.134531968288833979e-03 6.986970323739529753e-01 3.616069731760709199e-02 7.140057945777200654e-01 7.027138560735859407e-01 6.995311521003969579e-01 7.128388894021479016e-01 5.551830013879036595e-03 1.885098323008060168e-03 5.168146370465907281e-03 9.642157229780786570e-03 6.057639007304164297e-02 4.772735489659365449e-01 3.232268702463345772e-02
6.670423809648315383e-02 1.000000000000000000e+00 1.885821840876711342e-02 7.036656119277861316e-04 1.224946405826376171e-02 5.522748555687388532e-03 1.575039620386008421e-01 8.772853231981909755e-04 1.742057486014209110e-03 2.513437321715739862e-03 2.014820333274019298e-02 9.980957789817222845e-04 1.822132866428849418e-02 3.487301422408759649e-02 7.928703030408373875e-02 1.503337629194695900e-02 3.456142867956520180e-03 3.404944705396982518e-02 2.040856067590835453e-03 3.257205181629450191e-03 8.246410388922707779e-02 5.332450519664631156e-02 3.311080505038313353e-03 1.512126826081310396e-02 3.007037539460300640e-02 1.452554326959228093e-01 4.232804323024834045e-03 1.270001577637984306e-03 2.025754549248492443e-03 1.045132829462634867e-02 2.822028881615236406e-03 4.587211566619941831e-03 9.636491492794264230e-03 3.573655176073613216e-02 4.349710223962524047e-01 3.376773232888222870e-02 3.575657129064848672e-01 3.423164017284980459e-02 1.868293018598600561e-03 2.995060297213971157e-01 6.738885833353143451e-02 9.200659455619304792e-04 3.691363503081183245e-02 2.085806545899363852e-03 1.089120808509830545e-03 3.320645240843242418e-01 1.108881729546323455e-02 1.968713880447488761e-03 2.202365055268895588e-01 2.703204989139993287e-03 1.654292444123145727e-03 3.419416372145635263e-02 3.483639923163498603e-02 3.515660106372368258e-03 3.559676796583115255e-02 7.199519195251779732e-03 3.410688307739460912e-02 5.884567369140074680e-03 4.569363676303330075e-03 1.550897133777920031e-02 1.119249281401194472e-02 7.112411602045408225e-03 2.667429585620955113e-01 1.211495877766244067e-01 2.487447177556601288e-02 2.724111529077262450e-03 7.482188721786681498e-03 2.338006338354022690e-02 3.818138762051798618e-04 7.777818611030265158e-03 3.240671625601225514e-02 1.822996651709190424e-03 1.402079743313119475e-03 6.148016386424404178e-01 3.265303188014336694e-02 1.865827774468325649e-03 1.803376617423368272e-02 1.110367080325598945e-03 2.311513854387892836e-02 1.085073181256745924e-03 3.452966618904459301e-02 5.337268401016763246e-03 1.233374662659916712e-03 4.311300649341476970e-02 3.280155253551802347e-02 2.222687669067479124e-02 3.529675913670395071e-02 1.893520515613950628e-01 5.734792014241054357e-03 2.617297303619319643e-02 1.359279566957502560e-03 2.661429536805742235e-01 9.707273327504959554e-03 3.490994155560812190e-02 8.338643165939713109e-03 3.319746126997476926e-02 3.688550179992759921e-03 1.997913069929550898e-04 4.967283046372848992e-04 3.688517060059044728e-02 1.756524124400498559e-03 1.214946097085244092e-03 4.815632680920077513e-02 5.222299276017745573e-01 5.849991571671980806e-02 2.900024538481751554e-03 1.570152224550186177e-03 9.662243819949779128e-03 6.400803949492035391e-03 3.070877908047107280e-02 6.707514960634971667e-04 1.043085647072042207e-04 3.978521339738248785e-02 2.878718342303677102e-04 3.415297937289099584e-02 9.478779976532045876e-04 8.627374574555870049e-04 6.480158785279877334e-03 6.485824669707274288e-03 2.638378892460411379e-02 3.564336497071757866e-03 1.981433516581654515e-03 8.503323760055286635e-04 2.015025608740447956e-03 3.730675158255691848e-02 1.388470474312993985e-03 3.536921678275855435e-02 3.036684166602094531e-03 3.755499368335566551e-02 3.449433735959041292e-02 3.402507908820470717e-02 7.055077638374786242e-02 6.248533893075316082e-04 1.219290579363892756e-02 7.396574840182925780e-04 3.925311028317119387e-03 5.103302078609055561e-03 3.133043205186326202e-02 4.773736659093557044e-01
3.367610893039892916e-01 1.885821840876711342e-02 1.000000000000000000e+00 2.972232731668414396e-02 3.825260444562653822e-02 9.598196391259340276e-04 1.457825889105560276e-03 4.236315660090182430e-04 7.614845210349318987e-03 2.057989686764939274e-03 1.878984327581448566e-01 8.353874584467150741e-03 1.797601422510591417e-03 4.853115971147733410e-01 7.430435843266437572e-03 6.230656068369368195e-02 3.209728568961120465e-02 1.606365435920048112e-03 2.742210688090309040e-04 9.521113835731455713e-03 4.392452306803527051e-01 4.778975965539286608e-01 2.548844930345994103e-02 2.256544433693332199e-02 8.644968629035577612e-01 3.049880559075823783e-01 5.453862872671572451e-03 7.122154773938581523e-04 1.356526804680444412e-02 2.006554929264260934e-01 2.824271596127805317e-01 9.007411946220664429e-04 8.197640783463891467e-02 4.886546792744667078e-01 1.288454190120353650e-02 4.810121776251825021e-01 3.687104954196476075e-02 4.807311633383312133e-01 7.074993734791149274e-04 1.737303981969270938e-02 4.634449999830960176e-01 2.695800925853075736e-02 5.252707752039281752e-01 6.047670546034607936e-03 5.305400729499536129e-04 1.156746677179937288e-02 2.267137804586940031e-01 2.246542132090832873e-03 2.603602873282195307e-01 9.069378196127264591e-02 1.117105480895155042e-03 4.808385269993454836e-01 4.629743707331402947e-01 2.067893174814312666e-03 4.832234741023433422e-01 4.988707970970773786e-02 4.805656183592853514e-01 2.560301613290429448e-02 2.384920649708521800e-02 1.334704712827740059e-01 3.377653458504225464e-02 6.967862151894531906e-04 7.110045708726601965e-02 3.591352030595515443e-01 3.004692143477346589e-01 1.013343266252477066e-02 1.210145532848210317e-02 1.409096130758517307e-01 1.439060857734082363e-03 2.765157402643962301e-03 7.882917879697830532e-01 1.455789853223545286e-03 1.367485915927305453e-03 6.380483347769810853e-02 4.163569859140219265e-01 6.874045646124706758e-04 9.980195799154074621e-01 6.138541301326790956e-04 1.816900180525214768e-03 8.208334605846795765e-03 4.829594778285931644e-01 8.796023426139029048e-04 5.981837482529151016e-04 4.865137588235844968e-01 6.685598535839621936e-01 2.415994387691010326e-01 4.845266242539135182e-01 2.533450222836897830e-02 6.856836819574800845e-01 2.547438127633225129e-03 7.943947415402559820e-04 1.616429943508354561e-02 1.074351786620081654e-03 4.817440231079672119e-01 6.362865611138827093e-01 4.286807362786390074e-01 1.042936027371887432e-02 1.208244067959916151e-03 3.097819435357326498e-03 5.509567818518755766e-01 2.042186388738875119e-02 2.719506828428725799e-03 4.234040899652537493e-01 1.937050106179893927e-02 4.412429685512146878e-03 4.804856891217198361e-02 1.894874705892641165e-03 3.504587629609744875e-02 5.196851153450907090e-03 5.779225969110097540e-03 1.375817328306335775e-02 5.370914813739211500e-04 5.779562410370377989e-01 1.190119933967502384e-04 3.757261157204850287e-03 1.482825242418213396e-02 3.408995464333686165e-02 1.625926415160805234e-03 2.223717624774830016e-03 2.944697465917564538e-01 1.007763372493794985e-03 6.502854573417542194e-02 2.592761078429918209e-01 7.586498631000752890e-02 4.831173136660504852e-01 5.390009164394931988e-03 4.853439807450194432e-01 2.154700730885690876e-02 4.847750868593624918e-01 4.821315392646316478e-01 4.815319169298749591e-01 4.881837494648688103e-01 1.350733286706271019e-01 9.232534070252838843e-04 1.448902811024455062e-02 1.122032180370994073e-02 2.906202870158118290e-01 4.268616377867714418e-01 2.159166939055672321e-02
6.586301088623162762e-03 7.036656119277861316e-04 2.972232731668414396e-02 1.000000000000000000e+00 1.635560160110764803e-03 2.988612537113615819e-04 8.419155740238784438e-05 3.752400686247412439e-04 1.385168791355755394e-02 7.046327998948713261e-04 9.099809923169006887e-03 1.989363218983695308e-02 2.498585224757903260e-04 4.480773825044752530e-03 1.029193937451985637e-04 6.828980537502267641e-03 6.996812137954788735e-01 6.164743920913073590e-05 4.895563084144282599e-05 1.003968781304127519e-02 4.410282198565452019e-03 4.895519929411717812e-03 3.967486042852841821e-04 5.674463795602711913e-02 1.534292065514281621e-02 8.941994237265696657e-03 6.237959935034032358e-03 3.784514917230182322e-04 2.939741029437709270e-04 1.232196975690840191e-01 1.443624387247778307e-01 5.161253186652131229e-04 1.350520004793418286e-03 4.558012062087731832e-03 4.594043780591057849e-04 4.296076464717694249e-03 5.546696683935683960e-04 4.307096315668374961e-03 4.629486272888865515e-04 3.643881830261381312e-04 4.547948697424650591e-03 1.205531627658636556e-01 5.287155250094028799e-03 1.558393415142299634e-02 1.284286227209298999e-04 3.007320756052899932e-04 7.737014824919215272e-02 2.843778075546101423e-03 4.096493085268662453e-03 7.486563395458789572e-01 7.631766903381741705e-04 4.305417267147782813e-03 4.560599951279622165e-03 2.749677180109801381e-04 4.411536004301880656e-03 2.749874566674992329e-03 4.305139294315784779e-03 2.418916059447528133e-01 4.357424393800015425e-04 4.197948675744345853e-03 3.004836921607633576e-02 1.173957086500572379e-04 1.056268397406663314e-03 8.323981223997072021e-03 3.581370558962723716e-03 4.064999523099894346e-02 2.033538706297066678e-02 4.725833672521902173e-02 3.075729743891059023e-04 5.992094913870358404e-04 1.222564529534595976e-02 1.262061355670657074e-03 2.598917096063585322e-04 2.492834100807885672e-03 4.307727093394463080e-03 4.478658424854917793e-04 3.004696586237214778e-02 4.700620054251519048e-04 2.548361808467300448e-04 1.449811288172770107e-01 4.377662404619052719e-03 1.910791479425308435e-04 4.815774686805267485e-04 4.924414351592748193e-03 6.242628693620616565e-02 4.003212915756891241e-03 4.495831503236153749e-03 3.574134754521161557e-04 4.677030703493596092e-02 1.318990863540267316e-04 6.246846658075901840e-04 1.106612593611226670e-03 5.321927753555143881e-05 4.373849362055338801e-03 5.349554789462686311e-02 4.388563117023576432e-03 5.807696825122236808e-04 2.467705412974631349e-05 8.915760849237158898e-05 5.854487279458162573e-03 1.071514170579910587e-02 3.337133475627272056e-02 5.951061136553066275e-03 8.382843981925567397e-04 3.783609605568538951e-04 2.432855163775140064e-02 9.459047054416087896e-04 1.364555252364694615e-03 3.833234192473799953e-03 7.421489894858966305e-04 2.338563308314002033e-03 2.037192335421683911e-05 6.751139115404270093e-03 3.814785654127960735e-05 3.482779807801296640e-04 6.331175871415220882e-03 1.201569541133982316e-02 7.900118952314383195e-04 3.330618983720347510e-04 3.717227238439013790e-03 5.778951135721958465e-04 6.659994336031965952e-03 3.693186077976358395e-02 1.083927752049280296e-02 4.506857478426663267e-03 2.633283751580748830e-02 4.618444449930154960e-03 1.145758706846087931e-03 4.567058798524408630e-03 4.340589960327166479e-03 4.338580184656907687e-03 5.057165359841095040e-03 3.220026125467954914e-02 6.315849435237521866e-05 8.753768590212009926e-01 6.676573423037482358e-02 1.002267049517791830e-01 5.766737674655998680e-02 4.203141996282573666e-04
3.709373709420531184e-02 1.224946405826376171e-02 3.825260444562653822e-02 1.635560160110764803e-03 1.000000000000000000e+00 1.331739191885487547e-02 1.974771549264256205e-03 3.271859718147261068e-03 1.993410540641599778e-03 5.027786779895495467e-02 2.114986346469167194e-02 9.057888621620234504e-04 2.672563952662394479e-02 5.027208183497018645e-02 9.183025508447446861e-02 1.813746160615364172e-02 3.269674760692816654e-03 2.221568931732299107e-02 2.466314963609547023e-05 2.353048747031435354e-03 5.973474037650516877e-02 5.715609791165748854e-02 3.413130269132517818e-03 9.282194850756641039e-03 5.236466712700393877e-02 5.458585302871843403e-02 7.866338334407882091e-03 1.259456407795803146e-02 1.597797815796214629e-03 1.185225064835828367e-02 4.347739125436903690e-03 1.736758310706615956e-03 9.692648995955094327e-03 5.232210354870087121e-02 1.197371482419124812e-02 4.935931773222759777e-02 2.109738133293814419e-02 4.943567450911852401e-02 3.431764445847559734e-03 6.442327375795949343e-03 5.973871358740576870e-02 1.571457329395383211e-03 5.366532359426869764e-02 1.980238479757567491e-02 6.759748308184282178e-05 1.873054458347441636e-02 1.060124028878783355e-02 8.389070503195416098e-03 4.872321386577146973e-02 3.670862024435044696e-03 5.855924006018670136e-03 4.979348131660672749e-02 4.788858134695747615e-02 1.223262427732430989e-03 5.063827829147930087e-02 6.471103718056545398e-03 4.959711445777660599e-02 4.947614088378676257e-03 3.117115311347199054e-03 1.437382381754664928e-02 4.821861895356588552e-03 1.441609932861982399e-02 4.153507095590331516e-02 6.396848449451750240e-02 3.168741812928930340e-02 7.081943446125521339e-03 3.816198585901288236e-03 5.067089865394451553e-02 1.713761777576922670e-04 7.957584812092446946e-02 5.375968157610568066e-02 2.528978362474623709e-02 4.116070458229719245e-03 1.889933360137594290e-02 4.406486292333891552e-02 6.515502567701093872e-03 3.731960077162572997e-02 3.388082195712409546e-03 4.110993030193855341e-02 1.111491309492868658e-03 5.011451158822581575e-02 1.605480143634214693e-02 4.210567746853036142e-03 5.852217736162448197e-02 3.785248638272765975e-02 2.494091929518495523e-02 5.091654079572577318e-02 5.180274645017179935e-02 1.636777591012298153e-02 9.316985015239742651e-02 4.641396623215091402e-03 2.429730880221745576e-02 3.564607102923459704e-03 5.007548408706483795e-02 1.719926660728856443e-02 4.455204453640444762e-02 2.140237838507356299e-02 1.448254550798548591e-04 4.266079621762650792e-03 5.549900591200677274e-02 1.300242774271969347e-02 2.435686167178967125e-03 4.506326415782902634e-02 9.328174226435581931e-03 5.937326166712937614e-02 2.846207950620380928e-02 1.427898192242473604e-03 4.613707382450466139e-03 2.357760925764650420e-02 1.391372020938454711e-02 2.876751717191891686e-03 8.143220709076755108e-05 5.670403543707582678e-02 1.332416026043760739e-05 2.827969563154013669e-02 9.681534078473339258e-03 1.455454460647452250e-02 1.261853321131950825e-02 1.138626905624333732e-02 3.212441400025047022e-02 5.443962742600605247e-03 8.773951039082199255e-02 3.303345271653062524e-03 4.636701307319735649e-03 5.137922243203537492e-02 7.153703736249251641e-03 5.043940293242497874e-02 2.195995387897795113e-03 5.101254704908893961e-02 4.996745591424381350e-02 4.968203301074541195e-02 6.575507244815739782e-02 1.800594116463519146e-03 2.951757894385659969e-02 1.330033262903833032e-03 3.410501949087900529e-03 1.602551028241539291e-02 3.536076756550735750e-02 1.424842381167447727e-02
1.966394095066837863e-03 5.522748555687388532e-03 9.598196391259340276e-04 2.988612537113615819e-04 1.331739191885487547e-02 1.000000000000000000e+00 3.120217728454121112e-02 5.846736765379224599e-01 7.053467192739350418e-04 4.942805371899401667e-02 1.002203032273472644e-03 2.915590115218404934e-04 7.722343682533783227e-01 1.189104404219826954e-03 4.839480683247017294e-03 4.033849372353917606e-03 1.041992752548023511e-03 2.068559737647216734e-01 8.434718917740534078e-04 6.700637382696715636e-04 1.543294939793867469e-03 1.485636621695422387e-03 4.302242229001416421e-04 3.806059159257828284e-02 1.313063771541089862e-03 9.188568272049797009e-03 2.603054827807937399e-01 3.168812465258364353e-01 1.022136310893022413e-04 3.890121450118633195e-03 2.739091866446320645e-04 2.336871432440196794e-01 3.349047927025805148e-04 1.302245956767106999e-03 2.015208783896888477e-03 1.151970477079756767e-03 5.878506541388066027e-04 1.144716541336492609e-03 4.502273852932970888e-01 6.456626302281782970e-03 1.526938646776286644e-03 1.678283501789167107e-03 1.409986870557780386e-03 3.737122474643569253e-02 3.836414324077308459e-05 2.140395487616554571e-03 4.894153686517652667e-03 4.414958384764588462e-01 1.922282837495897486e-03 4.762535264492667167e-04 6.203615313592395486e-01 1.153069352606880598e-03 1.141098653088901214e-03 1.045674191443604489e-01 1.202108439142758091e-03 8.063338867793484179e-04 1.146336088339859269e-03 1.709989882868288499e-02 1.357381544636201650e-04 6.934099347986147919e-04 6.009169498414090350e-03 8.089529592654169932e-01 1.686564882365211267e-03 9.015160941226837282e-03 7.935884985939972713e-04 4.226822953284443268e-02 1.335577753209994320e-02 4.752389921650442689e-03 2.270298089203060215e-04 4.439949024358058605e-02 1.402008756937431731e-03 3.672891774873188742e-01 5.158007354688080165e-02 4.693170232279780460e-03 1.074008923611087995e-03 5.071203951537203158e-01 8.927579248364962217e-04 4.943340175380317447e-01 1.757594270811611570e-01 3.025195379628662761e-03 1.178353245936390650e-03 9.229951720274925941e-01 5.508418002845819617e-01 2.003167872682015335e-03 2.745488684864791536e-03 7.700366907861718466e-04 1.220300660562892697e-03 2.543138314513214860e-03 3.966547428254854494e-04 1.783281257050308433e-01 5.058724387810813461e-01 9.874679567157174445e-03 7.516258030827889514e-02 1.170374532357931026e-03 4.774680050637900887e-04 1.062992769773098796e-03 5.874613429776564914e-03 4.797215127042920771e-05 1.383247380037544829e-03 1.434196030300448994e-03 5.192395193699418654e-02 4.629110130254716383e-03 1.702678139700896471e-03 1.637808919738917984e-03 1.199365437415641222e-01 2.299487521551825744e-02 1.662045076444141622e-01 4.304901600041562528e-04 2.596634322373196357e-01 1.938877754996986280e-01 2.767093225010332832e-03 7.463724958612860346e-05 1.623835800038406305e-03 9.903021193166802809e-06 4.837527893468050733e-02 6.404776126959337013e-02 7.718123521125591809e-03 8.252222742104935449e-01 3.568964061221174822e-01 8.681040218059667222e-04 7.215844960838693201e-01 3.014145883608993631e-02 7.888910405146593962e-05 4.908706506105871281e-04 1.242057710365611573e-03 6.427398902614035736e-02 1.195536975646440238e-03 1.356636627186313612e-04 1.258271483677271020e-03 1.156641621003292762e-03 1.156058946794427320e-03 1.884918439450567916e-03 8.509061989799597211e-05 3.470554163414459325e-01 3.083617578350934503e-04 5.042045338037859370e-02 2.546282299111051438e-03 5.334104056390430622e-03 8.928402515610350202e-04
3.507634063286617192e-03 1.575039620386008421e-01 1.457825889105560276e-03 8.419155740238784438e-05 1.974771549264256205e-03 3.120217728454121112e-02 1.000000000000000000e+00 1.233448718522668283e-02 1.323776985480671058e-03 1.963509923332200195e-03 3.103620813784037195e-03 4.630082747476424389e-04 7.256508327683859616e-02 2.901105565635600601e-03 1.285416556320833140e-02 7.403625267275782719e-04 4.514372248418339613e-04 6.480552308349245283e-02 4.001189197790123195e-04 1.946324233182283956e-03 6.536041330606372386e-03 4.324050648298351923e-03 5.024021162554829882e-04 8.428958905956369235e-03 2.407806370571369779e-03 2.000994665691145993e-02 2.247869302284188214e-02 6.065058011191913623e-03 3.533738958941340315e-04 2.451413039777094755e-03 2.033423235940876072e-04 7.936679650562457333e-02 1.538229656153398007e-03 3.027151489033574113e-03 2.075643698586880984e-02 2.800581839322142941e-03 2.521895649137665535e-02 2.799154132344400074e-03 3.405772421181933046e-02 1.433533882844369445e-01 5.442917841206939417e-03 2.220406995327646221e-04 3.178273702455666674e-03 1.668172968356865932e-03 8.202783797267543017e-06 3.735550924676213358e-02 3.060480991059596773e-03 1.631507121459437396e-02 1.299863119813905732e-02 1.778865701049331621e-04 1.640654871353812438e-02 2.800777382455983070e-03 3.190666064379290949e-03 4.630158502471370258e-02 2.925343719479893585e-03 1.253946597583727651e-03 2.789750345895740998e-03 2.338032997715154722e-03 9.417197225786693576e-04 2.324852479865999015e-03 5.683710294033824870e-03 3.422824599323436023e-02 2.063432826299036252e-02 1.850617344426878225e-02 2.838697722015922579e-03 2.354649750691591679e-03 1.540798233757298755e-02 6.395644943076939266e-03 6.153764991820745802e-05 1.926938430383191110e-03 2.664809099105330033e-03 6.731208084678847077e-03 2.440961896129489363e-03 7.207677350605554145e-02 3.254451693294979804e-03 1.562287351732759809e-02 1.347932514480386281e-03 1.760144848499585468e-02 1.700905629257764076e-02 1.138274316913555611e-03 2.863397116139219066e-03 2.752434817211986059e-02 1.628406863692283962e-02 4.172093172929343570e-03 2.819453782439936169e-03 2.791564067595863653e-03 3.017262220246998312e-03 1.916493835590687284e-02 4.308342865667100880e-04 1.659401329527969773e-02 1.568733013032675219e-02 1.916580682158388477e-02 2.523341861156475768e-02 2.862761750297645319e-03 6.896031142832614608e-04 3.175029359737398943e-03 3.385826624458301674e-03 2.675446579137532403e-05 1.960081228153878893e-04 3.154690078588823741e-03 3.268017659827808508e-03 9.803307453679699964e-04 2.915954931815204106e-03 2.280205615013212311e-02 4.074266897864211451e-02 1.104267591568017150e-03 2.206311062356215019e-02 1.728450002212751331e-03 1.888767612745757482e-02 9.919963716321025457e-03 1.502598666255476633e-04 1.392879506370996008e-05 3.468965022016969046e-03 1.277604063166891405e-06 2.269133902055653351e-02 2.597867353254850083e-03 3.227186156708417237e-04 3.426141683483128336e-02 5.770210682247581789e-03 3.110808760712545536e-03 3.043453016039496944e-02 9.353612384357653858e-04 5.952797412524044724e-05 1.535342902862234823e-04 3.062995816765600246e-03 4.586265789616650670e-03 3.024380649692137886e-03 5.964085848579475397e-04 3.149436169635231458e-03 2.808351078511503451e-03 2.799702022219697269e-03 5.953513310198032746e-03 4.966705371678186082e-05 2.352502566946988380e-02 8.247889454430793669e-05 6.511414314869463926e-03 8.945989181224597072e-04 4.955876657060441330e-03 4.528606397876212136e-02
6.002258532110825353e-04 8.772853231981909755e-04 4.236315660090182430e-04 3.752400686247412439e-04 3.271859718147261068e-03 5.846736765379224599e-01 1.233448718522668283e-02 1.000000000000000000e+00 6.770356453673601234e-04 5.999694429296453801e-02 4.577646162466808446e-04 3.536205796710777593e-04 3.072786789476532610e-01 4.050031916408387486e-04 7.273923785338723153e-04 1.210495695067033677e-03 1.225458859342291786e-03 3.668123952855621012e-02 1.431651428396926587e-04 4.720292140386548587e-04 4.642876684764396977e-04 4.822121487554701649e-04 1.653371092033368770e-04 4.523609669365915437e-02 5.172471780228902419e-04 3.077970588146686053e-03 4.818084541346620564e-01 5.403325608090754351e-01 3.798747198773299628e-05 2.626499264617447767e-03 1.893211160961842600e-04 4.000255704026385861e-01 1.274144188328966520e-04 4.442162708157195578e-04 3.237185688428113081e-04 3.923964055240953576e-04 1.142919812386002272e-04 3.880353411931134833e-04 8.276202179257176050e-01 2.537586902948104836e-03 4.743696061261636759e-04 1.847263773123392376e-03 4.880359245271571412e-04 4.630337981358152027e-02 7.102681831651864316e-06 4.467584041250674022e-04 5.781107506001173860e-03 5.977630034032973549e-01 4.736006541181682870e-04 4.235348444827504799e-04 8.655345671197307578e-01 3.906986252695063971e-04 3.951376428631145701e-04 1.218672555868266227e-01 4.068991401190000701e-04 3.785649998922059958e-04 3.896091330885229119e-04 2.005168367997705106e-02 4.732853060861520359e-05 2.967794274509425877e-04 7.516940885812450901e-03 3.420091716761674561e-01 3.777211974517686644e-04 3.004628522500364229e-03 2.829814887006231209e-04 8.237834805800767213e-02 2.483615711852758812e-02 2.717142237058976263e-03 1.330978060305392321e-04 2.618989149861366411e-02 5.382472236909516651e-04 4.029537333291257073e-01 2.853145890589676645e-02 1.110626737742864169e-03 3.761947526179073914e-04 8.326339911268625382e-01 3.917501800727888825e-04 9.429981378128667879e-01 5.271764619177132793e-02 9.790970660840668180e-03 4.011773405276387590e-04 4.797352246353542848e-01 9.605363868549536832e-01 6.849346678229199011e-04 1.379528853488919604e-03 2.946499072367305826e-04 4.172445586683185209e-04 4.921801537133853842e-04 2.041777502293296628e-04 2.666557640248001793e-02 9.254305606100828863e-01 1.915159984631943950e-03 1.289319826828219315e-02 3.966214549297410641e-04 2.459804041282216908e-04 3.681684619053264768e-04 2.552324835520309969e-03 1.967800607728563753e-05 5.991598681564146373e-04 5.027127372875144547e-04 8.606321977283729052e-02 8.062915511292418486e-03 5.426812107503740110e-04 2.600729329156796304e-04 2.264453468905716985e-02 1.507727394839287680e-02 2.770595497857160083e-01 1.686718204590824670e-04 3.392575242110172917e-01 4.216302305400165124e-02 1.290329593030822581e-03 3.468668382523876372e-05 5.782117478923432408e-04 1.781896665455934450e-06 2.968515612743708593e-02 9.129512216081935028e-02 4.752181821250649370e-03 7.453066570443281913e-01 1.103885805637802725e-01 3.139772119602854839e-04 8.836057391625559143e-01 2.306562665312440752e-02 5.013116020191661111e-05 2.459369130233692415e-04 4.193104703495375250e-04 1.323761396404326274e-01 4.083674074411870465e-04 6.208557563832186633e-05 4.278091076769784682e-04 3.908341863672407102e-04 3.931271908605165786e-04 5.929937172432854812e-04 5.747018399164822159e-05 5.899757748576460459e-02 4.520573920344502709e-04 1.046290877644507622e-01 1.619380094150831353e-03 3.638293547806280281e-03 1.664580976818227790e-04
1.321634146825212408e-02 1.742057486014209110e-03 7.614845210349318987e-03 1.385168791355755394e-02 1.993410540641599778e-03 7.053467192739350418e-04 1.323776985480671058e-03 6.770356453673601234e-04 1.000000000000000000e+00 1.635265293724441583e-03 1.984344136214808152e-01 5.286323366594315454e-01 6.299817738680141017e-04 1.602895941902139632e-02 9.616627850440286540e-04 9.081073286229965347e-03 2.296730753135891451e-02 4.457508944861775300e-04 1.281514396747425910e-05 8.518730451538936155e-01 1.729614530109841244e-02 1.711718219021321832e-02 3.219141099312810422e-02 6.804034505834470614e-02 1.250410090380424735e-02 2.502838335551816479e-02 9.837743092763763172e-03 1.282563536189746051e-03 5.360372764565768389e-02 4.488354758530100491e-02 5.942737343919151857e-03 1.684480482146445733e-03 8.527027365615066912e-02 1.546349333332263341e-02 1.001621469926281763e-03 1.486320564149684262e-02 2.156497834221743175e-03 1.483608063547431875e-02 1.411964576863398123e-03 2.975863328268755527e-03 1.669899798278511732e-02 3.405749180279595695e-02 1.606663074734315105e-02 9.871838011440592364e-03 2.226772427824913995e-05 1.324052312159618942e-03 1.132754117126122916e-02 3.567482843480418615e-03 1.215056050240017824e-02 2.245632085861999638e-02 2.093145816294011367e-03 1.474078118645934243e-02 2.607787737033687159e-02 8.488150085826226196e-04 1.521726514734450877e-02 1.589954818640841316e-01 1.479296683848114677e-02 2.552065061778675120e-02 6.871130009444831321e-02 1.468772455154938039e-01 2.220435202269617214e-01 5.173573866161576811e-04 1.068774117670442947e-02 2.582732800310382285e-02 5.663698753444057488e-02 1.629293087068372364e-02 2.068481733202692241e-01 7.166424063469875420e-03 1.072917032662901345e-02 6.233899292560542843e-04 1.386403178423623386e-02 5.361837429571568794e-03 7.452112932768309092e-03 8.357827592935391722e-03 3.554783742165608385e-02 1.220842579862186023e-03 6.880161971799465641e-03 9.032529271166317344e-04 1.275147479535877065e-03 3.180343449472933237e-02 1.535048066822559433e-02 4.982192098509519856e-04 1.070894465152877123e-03 1.753525202327659016e-02 4.060186870468198567e-02 8.698016922051310384e-02 1.858347462042265336e-02 6.279978945822614969e-03 2.107294992114087072e-03 9.614717779107484963e-04 1.707707227133429401e-03 4.099398704273070175e-03 3.719088395142985232e-04 1.502628977172718386e-02 5.150264208444334593e-03 3.342155206058484984e-02 1.528530377990224356e-02 3.098399508642021676e-03 7.022180062889456058e-03 1.614338066724122292e-02 3.131291654421508759e-03 1.128720590055689865e-01 1.420682758569811154e-02 1.890462021641478845e-03 3.045692785296549160e-03 2.434569295212463992e-03 1.705711866381784403e-03 1.125944625360284085e-01 1.833758693581776303e-02 6.988134820468075870e-04 1.792563403260405484e-04 1.078646218341803350e-03 1.732622662324122265e-02 5.052239772926096222e-06 8.128338174460778432e-04 2.070617545555843413e-03 1.141610880670165633e-03 1.818664288855186299e-03 3.323480658446708582e-04 6.165500008346389699e-02 9.602625356084223355e-04 1.791786118157264211e-03 3.296600027274721226e-04 6.921229911668565823e-04 1.553316120745069570e-02 1.790606231273452614e-02 1.869592794403104538e-02 1.693441295277818837e-01 1.606639667432816637e-02 1.487060118165949366e-02 1.504516260233919669e-02 1.709882891331000049e-02 4.114380211944240100e-04 2.949715616297334886e-04 1.067436832598144154e-02 2.735878765929486423e-02 2.999380021255608139e-02 9.799893154369308801e-02 1.305860373737740675e-03
6.660412282352830456e-03 2.513437321715739862e-03 2.057989686764939274e-03 7.046327998948713261e-04 5.027786779895495467e-02 4.942805371899401667e-02 1.963509923332200195e-03 5.999694429296453801e-02 1.635265293724441583e-03 1.000000000000000000e+00 2.867042297492530811e-03 9.828680804580647128e-04 4.885805197584304482e-02 3.182240405058189923e-03 1.490613615738123690e-02 1.239011743545240934e-02 4.169761758393635345e-03 5.698676947163425557e-03 5.462579441248693060e-05 9.341656250409542542e-04 4.279384324167538091e-03 3.904942671482245029e-03 3.641429219390243340e-04 5.290576449422949162e-02 3.086453256565978819e-03 1.296210114243070977e-02 9.062660376017599162e-02 3.336923506117271399e-01 2.113181492644051964e-04 2.741826051932064710e-03 5.629771830864250225e-04 3.753118628887936598e-02 1.045072770781716853e-03 3.355034828039479659e-03 3.813189700186005344e-03 3.071475835827040552e-03 1.933968242295659116e-03 3.062940902627114218e-03 6.514348490331263453e-02 5.984030046574053199e-03 4.154410488226061016e-03 4.962314383087990588e-04 3.492086357787799970e-03 7.960578151370351074e-02 2.210002033790982084e-04 7.551486037233001887e-03 7.717502355883453131e-03 4.023100667185786766e-02 6.350468567630142280e-03 1.215301523154243028e-03 4.414238247887476013e-02 3.093361417095793868e-03 3.184412201583039503e-03 3.246345847692698461e-03 3.212628592301625639e-03 1.372380465427524513e-03 3.094812931018680723e-03 2.079302666312777409e-02 3.151705527740857613e-04 2.174521509155755324e-03 2.139151655517681355e-02 2.758324830472740422e-02 5.170353145235133743e-03 1.070181725184445910e-02 2.274891227784281260e-03 9.280163821660927792e-02 2.179715798351292144e-02 8.004697307744631715e-03 9.242848039898268243e-05 5.226592143652540878e-01 3.323431414428631991e-03 1.310700273525951531e-01 1.516009501528775560e-03 7.389889337838924550e-03 3.040034949839297111e-03 1.477217751219892794e-01 1.895327762213455365e-03 6.486750302059018924e-02 3.545343145199084112e-02 1.168254641304123341e-02 3.140917261821044026e-03 3.848156318148586441e-02 6.466614912620816114e-02 4.097964181058931683e-03 7.100196710961306779e-03 2.344441130694503023e-03 3.280861909730782393e-03 8.859416502088841155e-03 6.670813670853273369e-04 2.149866336430854286e-02 8.246295093099298423e-02 1.485242020115782290e-02 9.888216163357499856e-04 3.128721475716010093e-03 9.469937298570591530e-04 2.994322285850318892e-03 6.365150515997464349e-03 2.074205032047080484e-05 3.911321814352641466e-04 3.599412383326431545e-03 3.977836646843446733e-02 1.348637570162495095e-02 5.188225235395743998e-03 3.888662232549844160e-03 1.184276946332492482e-02 7.550254672743244959e-03 6.975122651376328142e-03 1.201100963503083175e-03 1.351255512033756045e-01 1.176514018075660618e-02 3.749802047616565418e-04 1.806858436846153909e-05 3.953463979018148611e-03 6.762259605411086454e-05 2.374582527485845918e-01 1.417287093567707809e-02 1.949837521698336278e-03 8.620624991712631802e-02 2.080990897768525763e-02 2.545872932504725586e-03 7.243221206341038387e-02 5.164510875731703754e-02 1.142007103130828589e-04 2.373208443758536722e-04 3.323757992915124353e-03 5.725311502994739898e-02 3.228459099582094670e-03 4.170323567187177302e-04 3.350981292801352013e-03 3.100885480939486426e-03 3.102547247419324382e-03 4.586064287388706522e-03 8.056788104785663602e-05 6.012394923704486062e-03 1.783818541735805469e-03 3.425275139209855990e-02 1.626919016401780650e-03 1.338244651120148142e-02 1.623427772222331856e-03
2.937151977169257244e-01 2.014820333274019298e-02 1.878984327581448566e-01 9.099809923169006887e-03 2.114986346469167194e-02 1.002203032273472644e-03 3.103620813784037195e-03 4.577646162466808446e-04 1.984344136214808152e-01 2.867042297492530811e-03 1.000000000000000000e+00 2.250694935085694737e-01 1.589408647485861638e-03 3.910773182143867932e-01 6.607710063139618679e-03 8.643286767268837378e-02 1.571102201371674806e-02 1.517694673298587444e-03 1.883120834313729440e-04 2.455851729575025677e-01 3.749137370100975586e-01 3.827242747962480429e-01 2.308260558453057443e-01 5.631840907302432253e-02 3.079839041672404187e-01 3.061427478118221579e-01 8.114002280950331075e-03 1.077342109906366139e-03 2.749735884623581983e-01 1.364214546082562485e-01 4.463619293494546642e-02 1.606642771272009289e-03 6.815547861450055311e-01 3.775131981515371105e-01 1.255714135384177442e-02 3.729605516585265956e-01 2.864463201511834381e-02 3.734586534024696425e-01 9.482756496529291595e-04 1.945878957287264580e-02 3.775178211329134337e-01 2.575282220791354909e-02 3.853197668221410854e-01 7.098936937555366811e-03 5.730802763426881075e-04 1.012555460518647400e-02 6.150960897971369246e-02 1.964565231974950681e-03 2.401271865200113320e-01 3.294645320999523008e-02 1.502124723222094489e-03 3.722473363035698202e-01 5.367323604109353052e-01 1.636134791480513967e-03 3.768966006469592900e-01 5.776227706637034887e-01 3.733499584457164455e-01 1.805469462271008796e-02 3.817224825949334099e-01 8.910604805967764497e-01 2.533973543785230653e-01 7.792709309977503395e-04 7.000432182081693655e-02 3.466051636959079363e-01 7.935180540652837511e-01 1.293331349219911663e-02 1.020369195461681838e-01 2.893741598982159727e-02 1.893458722112778200e-02 2.722482693711178806e-03 3.375774222262280522e-01 3.347050838447435898e-03 7.948442359878449964e-03 7.468769007154693607e-02 6.387162745266079522e-01 1.020281838471359887e-03 1.749450197804742202e-01 6.534123424539011989e-04 2.020022619094068769e-03 1.091012531330727044e-02 3.810082134064546322e-01 7.767846760942692013e-04 7.106475989261560808e-04 3.917244261900441060e-01 4.039521166428494681e-01 8.932797949123481018e-01 4.323021256073742435e-01 2.645807285413740925e-02 4.910435057803801129e-02 2.903831656574547716e-03 1.080355212995373800e-03 1.874256736419552261e-02 1.385274872396243711e-03 3.751432654860635263e-01 8.784771091180453018e-02 6.225569813713448530e-01 7.931554485595995740e-02 1.829601205551667498e-02 3.187395055673471200e-02 3.835534321667457558e-01 7.477821243128348130e-03 2.581456268118638084e-02 3.457151109424023150e-01 2.453025372314246097e-02 5.760317478477845060e-03 7.654974325605327576e-03 1.564750795312235074e-03 4.864295057820309798e-01 1.228349059183100542e-02 3.689381474828177469e-03 1.747123507316976788e-03 4.864964872345831255e-03 3.926759189458804977e-01 1.293562944993255468e-04 2.606818748543239875e-03 4.252504874756949868e-03 4.182746953736849252e-03 1.927807300509634019e-03 1.410226101045860799e-03 8.146974011849422714e-01 1.043497433747286787e-03 1.471505816730972818e-02 7.715144433114574755e-03 1.027374402527183976e-02 3.796341203427912592e-01 5.886035939690325951e-03 4.343207572004144090e-01 4.721242675076772199e-01 3.874472518306762425e-01 3.732789123515121155e-01 3.754194147662909264e-01 3.723089590374850655e-01 6.379507642183705925e-03 9.426244185689259180e-04 5.335595651895322714e-03 1.182964975898274061e-02 1.166917743856646650e-01 5.338933822834850407e-01 1.480089206955642091e-02
