1.000000000000000000e+00 8.025733432011454560e-04 4.637722823188800830e-02 2.393221647211951359e-05 1.049192383986310664e-04 1.019591428126658336e-11 1.584228610544047282e-07 1.648939818883146832e-13 2.290183297186377636e-05 1.007157722244072777e-07 6.891781918943401530e-02 1.663106479976812280e-04 3.370453222855118472e-10 2.668784986342310761e-01 2.808276620674634476e-05 3.140163517758596048e-04 9.937042137544399687e-05 5.988737978295052584e-10 5.143252670634185848e-07 9.396869486857795597e-06 3.818550934122308393e-01 3.882932094949289592e-01 4.656765270514386980e-05 9.764289144640757401e-07 1.204432516905168393e-01 3.614049721539255300e-01 8.406549096322878407e-09 1.838753454118715708e-11 1.038472872933713948e-03 1.117193168653935213e-04 7.095186945015503639e-04 6.825654038045593591e-10 9.350734929440229076e-03 2.515245835047573708e-01 8.251005748995532537e-04 2.551248208645520155e-01 1.188019142626515513e-02 2.620868552394321482e-01 7.720451586296889622e-12 3.520976415427281214e-04 3.970351293260409031e-01 3.639092722523173802e-06 2.546311167830615507e-01 2.853530154772781733e-08 1.218490793737378149e-03 3.171501774856766388e-04 6.397853364475067101e-04 5.570742729155913107e-11 4.936167059707668447e-01 6.160276259875742790e-04 2.147834104645871312e-12 2.559181750030506963e-01 2.366859188278627735e-01 9.387828520472496174e-09 3.006090280843003448e-01 5.090337330132114688e-03 2.460693402445114641e-01 9.523030752213635140e-06 1.034067918472657581e-03 7.327588852780875239e-02 1.306205328224541249e-03 1.035734348633639958e-11 1.829722473966243629e-02 3.260389984029897770e-01 8.646268444408287956e-02 9.451599772973259786e-07 6.680845740393184351e-05 8.116410861624704320e-05 1.776441139844914829e-06 3.119756795382204188e-07 1.580904028512350457e-01 2.732027886264448460e-10 5.627239197310347639e-10 3.721666170819597219e-02 1.777324180747654747e-01 5.221270297718777837e-12 3.635042209520717577e-02 2.339956310276930242e-12 1.814983066957465614e-09 1.099256706035647461e-05 2.396232907770592391e-01 7.521175789364213936e-12 6.605926105118397008e-13 2.372555386205680572e-01 9.953621410791771429e-02 1.260529305790218380e-01 2.160862421355305707e-01 1.826109386851262201e-03 2.708522839596519578e-03 2.616292765747929267e-08 2.569991479037416953e-12 2.608207195174639336e-04 2.292196946429216665e-09 2.697378590241115148e-01 4.571797133245053719e-03 2.225583411443799453e-01 1.075683104414478438e-07 2.732255159189346325e-06 1.065337078901189743e-07 2.397813151141240107e-01 2.483897879191366643e-07 2.183522774329677146e-07 6.724137235155729364e-01 4.894755652160569237e-03 4.682469387673530451e-08 7.206779503330950649e-07 8.942798322122557793e-10 6.585193660052274592e-03 7.661793181485126657e-09 1.840147737274698999e-08 6.204673078417305691e-08 7.179981292964233485e-07 2.914969808108744953e-01 4.311395651214715167e-04 2.409870060041529838e-07 2.517892832206274194e-08 5.944122665324113482e-07 4.823114304428286703e-11 6.588318816764960492e-10 1.683183348359037212e-01 6.800936852213980108e-12 4.038067228122777059e-06 7.754503010247157174e-05 4.457046597782507037e-06 3.217639510925740520e-01 1.502073621719733764e-08 2.529120392929259387e-01 3.874595082198514263e-03 3.335487861404735077e-01 2.640138207574213580e-01 2.526792246083939264e-01 3.009176129470823580e-01 1.109144230901086518e-05 3.569526217953688746e-10 7.709444416392148737e-06 1.317811006571422153e-07 2.091685336641232009e-04 6.270931604399035408e-02 1.742470790656904401e-03
8.025733432011454560e-04 1.000000000000000000e+00 2.419527088071867153e-05 1.145959560933012431e-05 5.273292885680568932e-05 2.724924594364335142e-07 1.983173478513323117e-03 1.928879589347276013e-09 7.333762147955162420e-07 3.568835216505160799e-07 1.100774346233126643e-04 2.573438076110834528e-06 6.803511137170250461e-06 3.650205135716280263e-05 1.573068162043331664e-04 1.151376190498982372e-06 9.359713351784707946e-05 7.388948618719691692e-05 2.362013466568743322e-04 4.733904019370192969e-07 4.615943501699765238e-04 1.408948603814694624e-04 1.557159691791977005e-05 7.573908726061189109e-05 3.610394342286014777e-05 7.552914585572089931e-03 8.232258214703640412e-07 2.162236187045550193e-08 5.792169843523959185e-05 6.849462339995254561e-04 5.056741792813663610e-05 5.664054095530183052e-07 3.250608013857992544e-05 3.011230757161383051e-05 6.196427254581048094e-02 3.119453865409498787e-05 2.353473204452184719e-02 3.326721458472542116e-05 3.100624759036171733e-08 2.088711276516847307e-02 3.293729962978622205e-04 8.008353148859542921e-06 4.825228184326213292e-05 1.568645649615009659e-06 5.380369463609769795e-04 3.986287875270615177e-02 7.064217087871737469e-04 9.892873196274122351e-08 3.628837923235756716e-03 2.988546090386014898e-06 1.391231342609399451e-08 3.051547421139968609e-05 4.629830569571691197e-05 2.055744322275279056e-06 4.459339339303793764e-05 9.569510666860915106e-05 3.061279889446520724e-05 3.246917413750148714e-04 1.234170917339368675e-04 9.017571220206946478e-05 1.639096260065833006e-04 3.957930105667228905e-07 3.849320826316967258e-04 5.921721365533628989e-03 8.089336543651935566e-05 6.965288251171217425e-06 3.183777802080008849e-05 4.788244437688902549e-05 3.463422663079527392e-05 5.227209125428393129e-07 3.809717726864950507e-05 1.276173135956449979e-07 5.043141874057940979e-07 1.380091436802978189e-01 3.381808661217308184e-05 2.488668103883973362e-08 3.210585723799013846e-05 8.751060340361536281e-09 7.693033396003846685e-06 6.541426014607894673e-06 3.088591119521726081e-05 2.109002701604610374e-07 4.857133979196169977e-09 1.690362064107603769e-04 4.979224878054232326e-05 5.726317187262633054e-05 3.932025006046273660e-05 1.193087655397755771e-04 1.830462795217042537e-05 1.158051665658745846e-04 1.109849584096370322e-08 4.772505308446190267e-03 5.303355836142699858e-06 3.798462152777323895e-05 5.708237461381451041e-05 4.513012308831336239e-05 9.977910588215990521e-07 4.513592277046066007e-06 2.144214337773304940e-07 4.250775291633916356e-05 4.293522231471081948e-06 8.474217955544778262e-07 2.483420516401596795e-04 1.003763931883727006e-01 9.965571590125074999e-05 3.819296695063007630e-05 1.982094360071682197e-07 6.771956638549144099e-04 1.562019810210400555e-06 1.108783366236812455e-04 7.251559607885975143e-06 5.298998647027488196e-06 7.023164756563612249e-05 1.707475209538507468e-05 7.521090207650060798e-05 1.335331853042245959e-06 5.980976600998778715e-06 3.445663849181207496e-07 1.960860267028930105e-06 5.409197729557455953e-05 8.217631494015349454e-08 1.298999262372755319e-06 3.035711611077296717e-06 1.190922826979896963e-04 6.242662629228923094e-05 1.347965773896908615e-07 3.720641132519215066e-05 3.249765714558475811e-05 6.696186973282907578e-05 3.476289107853636044e-05 3.107842250191712220e-05 4.270210653275116055e-04 1.361330737387884679e-05 1.618682501684586307e-05 8.758213611228294427e-07 6.380815404031611629e-06 1.336155920735946812e-05 9.092000587640789800e-05 1.368373116923645438e-01
4.637722823188800830e-02 2.419527088071867153e-05 1.000000000000000000e+00 8.342748889719876586e-05 3.375459159440727391e-05 2.175347510509946621e-13 2.501811937777021200e-09 3.657058806934232238e-15 1.147599709357649215e-06 2.521514886541203391e-09 1.437654290545519256e-02 5.291229308050243729e-05 8.590892001406147975e-12 1.440627782008038482e-01 1.753584043061074316e-06 9.602702649231901694e-06 4.030957981534255156e-05 2.533509704807241560e-11 8.643658174091435308e-10 2.803619180347810519e-07 9.667848694575567614e-02 1.078433097469158469e-01 7.252170791813686344e-05 8.199960974255143734e-08 7.616770397134569048e-01 2.063589653625123171e-02 2.684794995828322236e-10 4.313747549278208347e-13 3.360878372974306040e-04 5.299003079274982025e-04 1.090107758848738763e-02 6.709584936732663355e-12 1.975051488383417712e-03 1.370145760724645057e-01 4.911277045964795458e-06 1.393928973007733108e-01 6.503333222469381272e-04 1.371496017526172839e-01 1.774051640880998704e-13 1.032828192363073507e-05 1.130621042987742381e-01 1.214282444233845272e-05 2.446257325216336653e-01 1.429827911913914174e-09 1.230241622213637053e-06 1.584369873376539759e-05 3.036171397945084706e-03 4.510033392042635460e-12 2.567486923131821405e-02 6.306748950169041362e-04 7.464660625459016051e-14 1.347385206516296396e-01 1.598383852138088312e-01 2.048143015259322995e-09 1.428737365781224955e-01 1.181436005706074620e-03 1.367075151540922406e-01 1.647009039573524246e-06 8.464927735082405447e-04 2.054669597124411315e-02 4.608791597138154185e-05 1.685892734296878044e-13 1.506115801752112165e-04 3.554709553829349389e-02 8.980629934829628680e-02 4.499566612560981863e-08 2.495872110283744972e-06 3.725781380853535724e-04 1.415549076325399118e-06 1.786001702046517792e-09 6.230362021936225458e-01 6.935412917051879889e-12 6.105263015235868595e-11 9.230609575811008546e-04 9.770817954832526631e-02 1.257988751069284786e-13 9.331801581977950955e-01 7.505967541624193859e-14 1.680340010505894063e-11 1.219886745327558703e-06 1.411647882063785664e-01 1.189990864576374197e-13 1.689805242882005468e-14 1.154648140816621621e-01 1.015651157191848342e-01 3.995000206639785084e-02 1.512084143873874964e-01 8.600042814994207798e-06 2.786259304551411686e-01 3.814904534377336038e-10 8.561193420196464191e-14 4.962136225241595297e-07 1.135076451909745016e-11 1.334980321714885620e-01 1.073851473570445192e-01 1.346125915610799917e-01 3.231982188254031702e-09 5.447102891338588203e-06 3.930866995892747049e-08 3.000526102116554128e-01 3.235830083662824002e-07 2.102491090360176381e-08 9.810334837666237484e-02 2.259169149018868452e-05 5.684470232619273931e-10 3.602132004843104242e-06 9.258793810230224630e-11 8.542403437742041245e-04 3.278543159141917416e-10 2.223936561242477086e-10 1.139637209781738823e-06 8.890878807015897289e-07 2.823606725566019104e-01 1.240111267724167743e-07 3.632367492138525057e-09 6.747422416708839708e-08 1.007495012312577731e-05 8.707780527346928674e-13 5.282503242455931076e-12 6.854495167558580238e-02 1.473606968721362845e-13 1.344005621605691878e-05 8.188651929130469354e-02 3.477138257245011811e-04 1.381463491912390817e-01 8.831761312578426562e-10 1.462589484451892186e-01 1.253213447806024233e-03 1.418861667397450510e-01 1.360276859453312670e-01 1.386122181079119109e-01 9.039461596086509343e-02 4.973128148399720734e-03 6.682651188074739351e-12 7.001951725232511549e-06 1.691208964194917927e-08 1.493783551348781564e-03 2.161678280124199741e-02 1.346609953365192748e-04
2.393221647211951359e-05 1.145959560933012431e-05 8.342748889719876586e-05 1.000000000000000000e+00 1.965989389418573055e-08 8.764125271892022034e-10 1.325899063338225150e-07 1.205611173141067806e-10 9.707808661993276163e-06 4.091148099598177430e-08 1.173361632795221079e-04 2.734950577367404635e-03 3.042714669940634127e-09 1.751523691490144878e-06 3.517826579832934028e-09 1.915918859831476403e-06 2.611034545481235591e-01 1.865957038740703631e-09 2.109105346294118714e-07 1.940117837204760554e-06 3.428474941672348838e-06 4.197225729010780899e-06 8.126420168500850819e-08 3.784166331547804667e-04 2.522397949821266052e-05 7.245588037909258107e-05 9.644197860769256470e-07 1.241837163641229710e-09 1.255202690562396717e-06 1.453797007881693984e-02 3.817209620031049300e-02 1.367194040235665490e-08 1.944783681024664739e-06 1.328937806343028037e-06 4.465174715734158300e-07 1.402915057517596034e-06 3.193816017832692043e-06 1.451010023915319895e-06 1.248441788860141595e-09 1.881614912518231701e-06 3.112329084570168247e-06 1.339429198782730347e-02 3.583177338380381334e-06 9.285831494258291893e-06 4.889434881539740557e-07 7.448728693144768671e-07 1.289728156558705117e-02 4.398422263153644628e-08 6.974834049995360134e-06 1.540433217168996338e-01 1.127215943852599358e-09 1.343225590988957111e-06 2.420477271320562775e-06 3.072502635133392118e-08 1.782583986092919539e-06 1.372761814962435763e-04 1.383253780997594538e-06 1.703763284658286678e-02 3.719454300454038093e-07 7.740461683425800782e-05 1.516269765422346375e-03 3.709180378618539766e-10 5.657190006012995158e-07 7.177644943913364035e-05 1.994298088300359958e-06 3.528597976434703887e-04 5.902027034103606235e-04 3.291913102645235454e-04 4.052013588587524999e-05 5.867519428153838922e-10 1.925231665997073773e-05 4.130783035311156534e-08 2.864181199906311764e-08 9.019690890474572572e-05 1.498155336538207579e-06 1.351950997069882436e-09 6.363492782441329499e-05 1.232135177215486389e-09 2.821008819156428470e-09 1.105749979651936624e-02 1.464629160122416831e-06 2.404417167235635043e-10 4.555873925579090448e-10 3.119984494277834496e-06 4.986538425775401259e-04 2.664012077021529277e-05 1.357720551132052275e-06 1.349631507555467223e-08 3.780516449765813827e-05 3.708228999863630400e-09 1.306627214932557035e-09 1.067223636088923323e-06 3.034014758679775341e-10 1.536318606146898549e-06 5.428509060292399093e-04 2.636395939073547933e-06 4.201208126881401245e-09 7.684658853584580437e-07 1.178485403404099594e-08 4.809549546857951432e-06 1.660630194019045068e-05 4.010784014078645461e-04 6.714833404273928876e-06 1.169667420090628690e-06 7.351784715019470213e-08 1.241975674872226767e-04 3.015666765877986120e-08 8.326369936673427591e-05 8.389629211619397800e-07 1.514074998237168672e-07 2.323459887331453086e-07 7.443371854253450186e-07 8.056635087911871609e-06 5.068138155195920246e-07 3.444565280757711143e-08 3.347111952497592734e-06 5.718269968127606131e-05 7.250593154182306295e-09 3.872611705376749724e-09 5.894512257674390640e-06 1.704805870626020458e-09 2.310852088654167384e-06 1.704095311448494037e-04 1.537576190513008335e-04 1.902179305179721516e-06 8.455773082257211695e-06 1.984380290775636836e-06 8.864008888763997012e-05 2.080559463172415305e-06 1.438559821396552369e-06 1.495450032392319745e-06 2.292280644640428631e-06 1.127328944945134651e-03 5.186723454447164217e-10 2.997980676883127416e-01 3.867904535544672328e-04 1.551886634202892610e-03 7.335302819913789565e-04 4.520767564589598094e-06
1.049192383986310664e-04 5.273292885680568932e-05 3.375459159440727391e-05 1.965989389418573055e-08 1.000000000000000000e+00 6.995650046392773042e-07 1.218682763810074063e-06 8.869377364783949502e-09 1.348253539804547461e-06 2.879038736718172900e-04 3.755782055441738050e-04 6.638466824091955576e-06 1.064778564717732303e-05 2.667661301560702073e-04 3.055988874734684099e-02 3.642041550009677880e-05 1.236061874910347059e-06 4.757560119823663828e-05 1.438984582900078333e-09 7.908849009817539467e-07 7.002127597571475726e-04 4.822516035484693958e-04 3.719156493811528064e-04 2.374372125013116558e-05 1.192500357765982621e-04 1.457734076395372693e-03 2.084772431662855774e-06 9.356225566053831994e-07 1.282562517685547821e-05 1.555231145382716571e-04 3.258246686632663035e-06 8.147133013359342241e-08 1.099210685571212634e-04 2.708240604249932638e-04 1.410431231699471534e-04 2.624435867926993996e-04 1.295052545228793199e-03 2.555998621885425832e-04 4.695741186310980153e-08 6.186831783015116562e-06 6.605722835484794048e-04 3.224107901889048262e-06 2.241828657491582518e-04 4.889375524558331807e-05 8.048273307502903931e-07 1.868461289919537026e-03 1.416631724738376093e-04 4.543970491420443364e-07 2.925501199003373624e-04 1.107432409049118118e-08 6.874981770200560857e-08 2.621986896192386664e-04 2.317572545635199731e-04 6.306019803407805498e-07 2.821129995285315555e-04 1.028203890382303634e-04 2.687686543924656837e-04 4.298437049975321418e-06 1.491056367880096851e-05 1.585800646048450633e-04 2.254491103980953379e-05 7.133786368502491592e-07 1.211170950603360479e-03 1.964556353597092693e-03 1.889218868846669866e-04 8.138214715807122850e-06 7.506367020507505764e-06 3.467370650462320292e-04 9.016233883813335807e-06 5.317417842329841791e-04 1.567767933257243858e-04 6.160596523193702170e-06 6.493587041866299421e-06 1.509969614652241434e-04 2.420890725151260035e-04 1.330043759878279828e-07 3.958351689664498343e-05 3.888655607476853146e-08 2.772610793514223044e-05 4.658191809609195064e-08 2.778895778059143565e-04 1.095094558802017022e-06 2.714748642526629901e-08 9.701274792973781438e-04 1.595411301340575583e-05 1.605127571753071241e-04 3.552820421003169979e-04 2.299811714589417282e-03 1.093768258290590686e-05 8.085005349438779054e-04 5.656586567882967901e-08 1.928985298689288937e-04 4.144249635240005742e-06 2.753093101283178318e-04 9.987671063685038086e-05 2.828289692709671957e-04 5.928641388675799726e-05 1.152838719795010887e-06 7.492301319756545066e-05 2.408039083010665130e-04 3.277336007164828515e-05 7.831500488713989878e-06 3.379269657768743836e-04 4.562849713088276232e-05 2.563731188053325490e-04 3.131542173275261506e-04 1.222212447804834262e-07 1.655745163442424116e-04 2.404929252074565268e-05 1.119175119463654772e-05 1.263137086303199769e-06 1.842545346007532682e-05 3.720745817264036089e-04 2.494453046724220870e-08 1.279534578133524809e-04 8.692407363523573633e-06 6.047686857964570245e-05 5.122130182170298998e-07 3.252630562236030499e-06 2.621152689245804602e-04 7.944037086798395726e-08 1.776573506708338523e-03 1.055218130630488327e-06 6.916091195635065410e-05 3.471413920465356729e-04 6.256404692160329374e-07 3.418345140690300815e-04 8.850606184292291590e-06 2.863996394176210715e-04 2.594707473699966538e-04 2.764621267667900957e-04 1.704777260468117546e-03 4.429184671246295016e-06 4.125896687319097081e-05 3.310925045008890551e-08 1.569691110945612043e-06 8.547808409914444105e-06 4.351665453562084758e-05 7.819795263560062274e-04
1.019591428126658336e-11 2.724924594364335142e-07 2.175347510509946621e-13 8.764125271892022034e-10 6.995650046392773042e-07 1.000000000000000000e+00 3.716736953631210238e-04 4.734085466763728323e-01 6.533517828761393447e-08 2.071585069514997844e-03 1.356785088422605627e-10 3.040912102551172583e-08 6.624604146889658818e-01 6.361483382250694675e-13 4.802395476738468592e-07 4.226794982089031294e-09 8.851606644676959053e-08 7.320918041087449979e-02 3.778583377750539661e-07 1.296677585080419005e-08 2.456345721862737879e-12 2.164547102878024735e-12 2.294061529859752177e-09 8.270163332923656171e-03 3.670161568581518679e-13 1.629088305606547062e-08 1.378399074916182854e-01 2.805870859916264615e-01 1.276140894668078896e-10 4.936979085082077662e-07 1.027842804908099703e-11 1.042616063861515202e-01 9.779305899399747094e-12 4.882155314586825214e-13 7.770926660701735712e-08 4.922121052307258592e-13 6.101321458092768906e-10 4.899228338398964548e-13 3.574300362804374021e-01 6.676902642760357788e-07 2.604901780012965486e-12 2.745885439602909216e-06 6.421339100535922833e-13 1.821306986316149207e-02 8.993034537739020986e-10 5.686637285860971241e-07 1.165428538534016439e-06 3.880202213781986931e-01 1.160580631025087622e-11 1.652473151150521522e-12 5.574624178050050505e-01 4.708696830593208807e-13 8.414466364110330731e-13 1.410010678988930441e-02 6.450865622337363624e-13 1.188887932800667061e-08 5.320725191893314699e-13 3.079096433147594097e-04 4.630295884992377476e-11 1.914556791805982112e-10 6.408965008201694723e-06 7.028607279816357911e-01 2.485458085323474838e-10 1.014355016814510116e-08 2.592453352138014133e-12 3.423067223601378856e-03 1.282507748682890536e-04 2.103994760539839340e-07 4.755132143741749116e-06 2.818555648938227088e-04 5.284221086244036601e-13 2.673409981681086345e-01 1.286171451073137538e-02 1.434858313302476783e-07 1.322708429904987995e-12 4.932782184917973156e-01 1.951524856465225110e-13 4.364143033390875392e-01 3.807050851350209097e-02 2.477545091643708810e-06 5.909972518750561163e-13 8.799725976410565087e-01 4.941421198767110279e-01 1.598264596527023560e-11 4.545841374578455281e-11 6.713947127753021100e-12 8.787465794408146489e-13 7.936469440763945118e-09 9.731996905750588254e-13 2.231866568047395291e-02 4.683580693179189014e-01 9.559682259393103171e-06 1.520556002035016634e-03 5.321437458182001629e-13 1.970588517342725601e-12 9.503502496956844002e-13 9.387734854026395704e-08 1.299761404235909714e-09 1.806529740202787179e-06 6.135482961522339480e-13 6.960147778944337713e-03 9.866890327103544026e-05 5.682748761889461430e-12 1.020959549232540690e-08 2.043992355694732900e-03 8.177854792570618970e-04 6.026962370143229553e-02 8.009202238710008590e-09 1.461044919035166256e-01 3.668930872374660812e-02 3.571078879345581960e-06 9.552539621927036547e-07 1.652900064838165336e-12 1.012768758243222484e-10 5.297897206093593776e-03 9.537247308505705790e-03 4.462898729023223463e-05 7.685556713295647047e-01 1.524343526135145677e-01 5.976809147109648146e-12 7.205123523386958162e-01 2.504215362847388661e-05 6.770660623129303688e-13 8.161323885289714568e-09 8.523678782808278411e-13 5.748582912722554998e-03 6.979621968620709031e-13 8.429352475823437740e-11 9.136432269376984298e-13 5.230690046389632113e-13 5.307317239981271498e-13 1.506389962640072601e-11 2.080809534055072600e-11 1.280371094739999049e-01 6.989289492605657360e-10 8.015382678953311690e-03 6.031446874986570855e-09 4.126067472861691404e-09 3.987576190413295274e-08
1.584228610544047282e-07 1.983173478513323117e-03 2.501811937777021200e-09 1.325899063338225150e-07 1.218682763810074063e-06 3.716736953631210238e-04 1.000000000000000000e+00 3.625317639612233184e-05 9.678498185771547321e-06 2.329815298414468646e-05 9.861861972239830271e-07 9.935951999663069966e-07 2.022005890878302015e-03 7.614214436378438920e-09 3.607124933830920128e-06 1.756476487483051932e-09 3.314026772443249033e-06 6.037441135935057643e-03 3.484617865575270435e-06 1.275583286862629883e-05 4.324518464682097409e-08 2.533765320320821035e-08 4.107278346090406743e-07 8.575177556076587137e-04 4.189372090183580313e-09 2.427659270662557302e-05 8.983298384368504494e-04 5.959840303062123378e-05 1.806430596703238094e-07 9.471167121582831200e-06 1.567564302832087372e-08 4.762056119023843487e-03 5.081026719283395387e-07 5.059258242125207090e-09 1.639418426520682478e-05 5.204592381756650761e-09 2.310195361378144743e-05 5.452150024940839261e-09 6.308767324350775902e-04 2.296573987291804838e-03 4.522285370591565366e-08 3.701073756240763298e-07 7.999221240175815329e-09 1.854241386149627210e-04 2.106473009136395186e-08 1.001459775974528022e-03 1.375154673661304231e-05 2.634351149988924221e-04 3.902578983827928238e-07 4.082766079041783501e-09 8.867164185127211545e-05 5.130722755977029147e-09 1.227472691622074020e-08 2.689039740388570604e-03 7.645602794775166816e-09 9.684766307396040284e-07 5.298838665679034657e-09 1.823873517041087080e-04 8.105214237783288424e-07 2.943920493423468406e-07 2.932245379374990939e-04 3.132063058624621034e-04 9.228271467614996486e-07 1.316155991925896623e-05 3.204056512403950395e-08 5.433146129090689932e-05 9.110929828456990976e-04 6.055146250285569227e-05 4.620049070827163396e-06 3.416765896669413107e-06 4.456993436732008287e-09 7.569487876391365743e-05 5.481179833093955750e-05 1.894370538359392260e-03 2.854597544654516695e-08 1.205153990665826566e-04 2.744128306672749772e-09 1.219246655358791813e-04 1.177730308079630046e-04 2.719906471993103214e-05 6.221101872101621721e-09 2.293473067179883538e-04 8.284701803279581199e-05 6.157421540791529641e-08 1.361573043215707484e-07 1.559889947580653043e-07 8.631236224904239887e-09 5.060286524018953522e-06 1.142059995264777290e-08 3.843946564251550426e-04 8.510558804928560915e-05 1.124059002883490707e-04 6.913119498816118523e-04 6.127474463472438607e-09 3.009758670421256767e-08 1.240323323193307611e-08 7.586505548238271559e-06 1.199250328765233659e-08 2.830830299194243472e-07 6.562062145429187131e-09 2.313422945878835146e-04 3.107483812325768658e-05 3.222578684765193457e-08 5.794790249170631225e-05 2.901211902321098593e-04 4.486610102143323022e-05 6.253719607531808963e-04 3.219361472902124860e-05 6.841710550304161160e-04 7.710164162957726126e-05 4.769868457611172060e-07 2.980578596221167146e-07 1.413495350988201468e-08 6.909459614271727321e-10 1.095634583251084426e-03 1.569447758529591967e-04 2.741993287548140501e-06 5.769426062891686025e-04 5.827022316684647588e-05 7.311206441667494256e-08 2.799048702834065739e-04 1.270502624890779490e-07 8.773608638194748005e-10 5.778836998506349367e-08 1.066137731567306568e-08 1.859572386868660570e-04 7.660035039501189597e-09 1.013563990488809505e-07 1.261776397519645839e-08 5.668881237843608503e-09 5.517989812815008193e-09 1.233923567989853392e-07 8.349934747815765276e-09 5.519607894103411259e-04 1.182355922589628434e-08 2.603799412638059746e-04 6.670351230763896795e-08 3.306284733095073308e-07 5.942867483664901647e-04
1.648939818883146832e-13 1.928879589347276013e-09 3.657058806934232238e-15 1.205611173141067806e-10 8.869377364783949502e-09 4.734085466763728323e-01 3.625317639612233184e-05 1.000000000000000000e+00 2.584921685221725352e-08 1.069653513111223919e-03 4.126865271044711766e-12 1.039540171158071596e-08 1.537761502877757758e-01 7.459007309190282579e-15 5.143744962899436825e-09 1.421490321883592410e-10 1.653124571632190948e-08 3.876981845273509003e-03 1.251170544117563330e-08 3.209380081199038706e-09 1.839233341318945832e-14 2.296865110244804878e-14 4.475121044083384338e-11 3.679987542797932918e-03 4.720476967487640022e-15 4.048733949780977520e-10 1.714506391939557839e-01 4.041409751282712959e-01 3.578258886743893010e-12 2.953774650574018987e-08 2.854759391665286549e-13 1.479594590128762710e-01 2.252365907938626903e-13 5.368604409690169064e-15 4.230686477688204550e-10 5.468881781283704188e-15 3.017336672293899067e-12 5.358626861739903565e-15 6.661122315611008871e-01 2.951700826617185315e-08 2.104521123157204046e-14 5.419043948802730674e-07 7.328195752446877925e-15 9.495704111856986124e-03 8.401101619020301605e-12 7.493054533015877359e-09 1.459092436504887931e-07 4.491510318414834169e-01 9.541301574276599603e-14 1.551777877098253749e-13 7.850569566432363811e-01 5.207596472955268095e-15 1.070360498335078660e-14 7.953865686658879997e-03 7.306579159587401932e-15 7.787783294474733136e-10 5.939779352125000938e-15 9.277203773777891078e-05 8.441125421041084694e-13 7.432631653866955615e-12 1.960811031306890440e-06 2.339046370632965055e-01 3.125119979699539713e-12 2.183197159416592288e-10 3.459973019726388666e-14 2.855054973303630499e-03 9.690584872688610203e-05 1.015256320617503699e-08 5.702424282095059986e-07 6.933942490333443566e-05 6.562266444802370509e-15 2.390605135829910743e-01 4.064081764657453445e-03 3.114657245419798407e-09 1.944758102617370924e-14 7.781228853418867830e-01 2.509685743422687154e-15 8.746415002266585415e-01 4.785758542886273462e-03 2.696264798702103829e-06 6.819391039547971235e-15 3.569923594266252165e-01 9.448242510059300381e-01 1.899989928606225371e-13 2.178068235427066422e-12 1.576127844130006680e-13 1.003594533525749304e-14 1.325147114648741620e-10 1.969083175108385328e-14 6.968945296244689414e-04 8.777449202771256953e-01 2.350846027306743133e-07 4.956863968680576743e-05 5.678742678445381525e-15 3.426544878606298071e-14 1.167369734322286839e-14 8.536264225807878923e-09 5.377361381258740538e-11 2.209130079395445489e-07 7.022317628322066546e-15 3.161193990337144398e-03 5.389824429948997800e-05 6.644061304062612415e-14 4.784907082031153773e-11 7.694069931934112883e-05 1.067490246638375860e-04 7.692185648156510402e-02 3.163224566594954591e-10 1.193139375874990860e-01 2.282393628788076910e-03 2.108438813732070017e-07 8.721211066285887008e-08 2.006094072067133602e-14 2.064139019638744344e-12 7.920453149090862311e-04 5.046792303416466896e-03 4.852195720093462923e-06 6.005489459782091810e-01 2.225095576050033566e-02 1.164666114136414932e-13 7.810604425918192817e-01 2.825079981091899236e-06 3.143211939107476635e-14 1.173298653389015482e-10 8.990339866158160705e-15 7.873878587332376264e-03 7.908280938731423134e-15 3.963216631320217076e-12 1.019162435915559356e-14 5.752064284017087840e-15 5.977401234790004670e-15 1.363164929927104585e-13 6.634563224658549293e-13 7.634713898291531006e-03 1.571963865412775037e-10 8.434617579883462585e-03 3.091693305866778928e-10 3.434841972790670077e-10 1.967869246259422080e-10
2.290183297186377636e-05 7.333762147955162420e-07 1.147599709357649215e-06 9.707808661993276163e-06 1.348253539804547461e-06 6.533517828761393447e-08 9.678498185771547321e-06 2.584921685221725352e-08 1.000000000000000000e+00 3.876161900809717452e-06 3.508895217495108017e-03 5.675263662612298893e-02 4.008531873383863401e-07 7.438000006095982386e-06 1.021643994667374947e-06 3.944122789724031523e-06 1.173588493807997950e-04 2.291818900853586518e-07 4.443526612859784497e-09 4.741600244643319750e-01 1.088460933479764004e-05 1.722905743388491225e-05 1.320665818760657960e-04 7.528886341163771971e-04 2.045660257014188961e-06 5.149690599818135652e-04 4.129958441121384490e-05 2.009266529416522894e-07 3.119975046934809646e-04 5.756704781287026685e-05 1.638789400876337501e-06 6.477110968569352015e-06 1.367956720019539141e-04 3.935044582750136357e-06 1.400803864485277707e-06 4.159241821203968824e-06 2.119900864126725851e-05 4.065675530186768917e-06 4.729827215548905571e-07 8.598053619278533542e-05 9.776805043147424298e-06 3.787775772874128147e-04 4.558487925866428931e-06 4.573584678946836040e-05 4.590503933348803725e-08 1.686116220973963812e-06 1.796539946836169085e-04 2.159612585288596679e-06 1.252353119209772060e-05 1.289443769019612442e-05 2.919024152779722173e-07 3.736466270485026281e-06 1.876879531313830780e-05 1.507577978078289695e-05 4.925441404193191429e-06 1.007599261714795316e-02 4.086382451702021262e-06 8.148764131166567914e-05 3.335883016441429914e-04 3.225703791169441063e-03 2.759399969468377331e-02 1.010837186398774509e-07 3.348020726757053355e-04 2.722566178997460891e-04 4.678290872154418009e-05 1.581386571101601991e-04 4.101870130900837907e-02 5.057237089688758173e-04 1.255141727645443014e-03 1.599907583911292683e-06 2.444796816782465497e-06 2.802463934143814435e-06 3.969329053549625628e-05 2.602938644997593049e-04 5.439330451986264692e-05 1.666760628467363431e-07 6.250094808857930981e-07 1.423633524594835791e-07 1.708243054549305223e-06 1.129599041076176109e-03 5.193067003519443101e-06 5.873115843507048182e-08 8.711201682982607967e-08 1.352849827723353010e-05 5.320031473668128397e-04 6.529324041092219449e-04 9.036626461953185837e-06 4.772716007342758869e-04 5.823673825534443121e-07 1.650606552682425191e-06 2.290826159404968857e-07 2.269606177749517275e-04 3.018366118878886781e-07 4.428818527582868602e-06 1.796032620297804076e-06 3.448982981583664488e-05 4.313900309075747363e-07 8.548957279750161716e-05 1.607833648450724296e-04 4.178707347087580645e-06 1.123934351211577253e-04 2.051102230817701717e-03 9.056816994699600794e-06 2.710103697566142706e-06 4.254888403986707075e-06 6.729876696446396246e-05 9.357610717891326637e-06 9.812919736856814956e-03 8.009288181314582367e-05 2.669684811497148302e-07 3.564375856446791670e-07 2.337896317558609569e-04 1.045265885700985950e-05 2.449752354267618742e-08 4.655630760471459104e-06 6.146648576785704809e-05 5.328933011193394057e-05 5.411875257537324395e-07 7.693769011763024231e-08 3.497022245187764210e-04 1.472595239061799873e-07 9.304390580749690165e-07 5.196548349584641121e-08 6.749140378865591900e-07 5.789656340449514709e-06 4.678609516632654540e-04 9.891228135926620528e-06 6.738985394055522007e-03 7.446745128623287086e-06 4.109009472473582490e-06 4.680740522346990605e-06 1.546024409858459450e-05 5.112706507494846232e-08 1.053894283922775766e-07 4.428494320309429367e-06 3.589261520346723666e-04 9.248644126826558029e-04 3.327874883826765877e-03 8.627254578878571108e-06
1.007157722244072777e-07 3.568835216505160799e-07 2.521514886541203391e-09 4.091148099598177430e-08 2.879038736718172900e-04 2.071585069514997844e-03 2.329815298414468646e-05 1.069653513111223919e-03 3.876161900809717452e-06 1.000000000000000000e+00 2.188683560668091604e-07 7.653043583551138562e-06 3.236135952731694545e-03 3.755012240213069621e-09 2.551805339027790089e-04 8.740644516663671410e-06 3.034581398948508379e-05 2.803434028792437557e-04 2.435372933531156508e-08 2.421831809242655801e-07 1.231574756487148385e-08 9.868154568696688826e-09 3.044120411774841235e-08 1.460316313866136251e-02 3.433384947213128338e-09 4.469266210679177024e-06 1.726837696313393566e-02 4.159317627639036452e-02 6.855936492537018942e-08 1.474566108096887056e-05 3.592324666989065981e-08 2.245656975468190118e-03 6.056495435961123111e-08 2.897562155201781462e-09 1.006493990747824878e-06 2.837821923801385330e-09 1.521113690650265008e-07 2.763328114465118328e-09 2.639236182053924552e-03 2.271650942749373349e-06 1.143513011883914063e-08 2.487965978629035233e-06 3.319888959001808190e-09 1.967549740329134489e-02 4.569268801292187546e-07 2.133499294120462053e-04 1.255979604099437632e-04 5.114510676449207476e-03 1.417065041522861084e-07 8.416511526585169629e-09 1.153291256162822806e-03 2.820928937026186365e-09 5.332168826524155387e-09 9.487180643535738267e-05 4.026556556665116494e-09 2.134464593229459374e-06 2.935824406447956066e-09 7.138796913092142465e-04 9.062941352288514434e-09 4.263682870233889674e-07 5.702337500092745891e-04 6.897192684051256951e-04 8.232501815614400509e-07 1.990493559319266912e-06 8.494016980394052907e-09 1.329172113949595238e-02 1.696570430976665489e-03 1.145009601005803692e-04 7.495385698187015402e-06 2.460974810410163083e-01 4.094687199935651954e-09 1.355305151138004940e-02 2.761853644438936622e-05 1.316549023436100833e-05 7.714038851992762897e-09 7.834307492495220376e-03 1.783790081217616318e-09 3.460635101533716430e-03 1.012676386218675211e-03 6.691899047952737443e-05 3.135697338940186811e-09 1.253400495933514307e-03 1.664184628304029006e-03 2.039691491395420435e-08 2.511363527963643489e-07 3.107858174721935106e-08 4.739266882315042448e-09 1.619015151655119346e-05 4.946551056773669093e-09 6.556994990553953549e-04 3.158492378326474039e-03 1.124684249655314550e-04 1.241640387830646935e-05 2.856141097098841393e-09 6.565478416877153832e-08 6.396061344155856841e-09 3.996973043869676424e-06 4.399819651725373961e-09 5.513859352689666707e-07 3.706811424047704993e-09 1.331150932296488142e-02 3.912399759061366495e-04 3.748471866331483347e-08 5.711370462464504256e-07 5.283822551075562925e-05 2.592041227082339701e-03 2.731532925837600544e-04 2.002139788131822234e-06 3.416617875649289454e-02 3.385501428112417440e-04 3.186579896325779920e-06 9.734822589923095708e-07 9.233416459256945411e-09 1.483242699028047679e-07 9.283904565705106138e-02 1.974213133542249143e-03 6.446417902277284105e-05 4.168744049360231449e-03 1.564145134560465276e-03 3.348610455885439832e-08 2.061825499004060498e-03 5.341072900347914806e-03 7.667667039529865592e-10 6.090582176712247142e-08 4.765790403998083672e-09 7.442751364367210069e-03 4.697283918834341035e-09 9.124162037742177642e-08 5.021956673667046492e-09 2.868691773095919248e-09 3.102484973330443629e-09 3.073905492453624240e-08 1.043325089396645570e-08 9.345023440855671458e-05 6.764305346589298071e-07 4.122674229466033631e-03 2.058832852767850020e-07 3.381560689205055630e-06 5.977884501546123619e-07
6.891781918943401530e-02 1.100774346233126643e-04 1.437654290545519256e-02 1.173361632795221079e-04 3.755782055441738050e-04 1.356785088422605627e-10 9.861861972239830271e-07 4.126865271044711766e-12 3.508895217495108017e-03 2.188683560668091604e-07 1.000000000000000000e+00 2.751876270663707741e-02 2.135431394984698035e-09 9.905800626059547975e-02 1.191862198342262489e-05 5.284900480150600847e-04 2.441695058714709872e-04 8.890261139088870872e-09 1.000388125131857567e-07 4.013457877291101532e-03 9.935881051119652141e-02 1.071079274704045126e-01 1.004563466790909729e-02 2.509888821477740956e-05 3.714180307350626459e-02 7.448306347387613491e-02 1.477555482678782107e-07 2.144901790538235380e-10 2.564290108640969110e-02 3.520480081200583027e-03 3.868608928974615058e-03 5.320325955227304521e-09 2.168662005073532240e-01 7.022004778559338967e-02 3.163575137365469897e-05 7.035546303026904424e-02 7.327005484097386459e-03 7.151853648418234066e-02 1.356471708366005190e-10 4.486748567036691538e-05 1.042705901030656357e-01 1.880038061561895826e-04 7.120557046709549698e-02 1.319183324323717224e-06 2.809179718791163973e-05 7.480071379154457697e-05 2.022578836203196666e-03 1.564468193823898681e-09 4.181880640597944454e-02 7.099549102125345210e-04 9.625779640646027412e-11 6.873333138792810104e-02 1.517256347307854303e-01 6.104899862586351161e-08 7.620327167918856948e-02 1.363134998938737852e-01 7.036288191469500242e-02 2.107774267884586641e-05 2.067723945569519342e-02 5.020412365211924799e-01 1.578783832297162015e-02 1.154906993791895994e-10 6.913213138733288396e-03 9.129460039977517483e-02 1.673587136867594194e-01 5.289172760358461359e-06 8.682818571402949829e-04 7.616165125820639325e-04 3.236234330344441739e-04 1.067636642824396698e-07 4.897148854668491313e-02 7.856917238823674624e-09 2.797655278811384609e-07 6.376856081272569594e-03 2.316841951915037945e-01 8.439465846144988382e-11 1.141140914956076564e-02 5.038573361995269424e-11 5.032091133016913406e-09 1.929480389552552439e-05 8.280931399139250526e-02 9.266922117847464516e-11 2.157673901867016702e-11 8.945895525267846815e-02 7.420243869601428344e-02 7.503110427558693507e-01 1.056133733575372879e-01 1.066662404710463615e-03 1.867566843452384299e-03 1.294042266948446164e-07 6.365101260138365759e-11 7.097629795058306239e-05 5.424249226534476533e-08 7.321317036095983943e-02 1.352760236334693902e-02 2.113718623565507548e-01 3.444032566555192140e-05 2.971827358105441695e-04 1.348742226521423252e-04 6.940225695155873009e-02 3.012299993459491891e-06 6.681199938601939631e-05 8.983654777542657288e-02 6.031779366889410262e-04 5.440723142815179154e-07 1.181277051085754184e-05 9.756953121090021120e-09 2.579258908477200518e-01 2.496296337663902604e-07 5.511990637736564830e-08 2.321182197896704613e-07 1.471898997902489179e-04 9.645617595162396529e-02 4.882712205528331696e-06 1.125387053073880329e-07 6.282136685906512179e-07 8.384524909774562906e-06 6.320760545480511127e-10 4.054815809293355745e-09 4.369160709899079786e-01 9.515862938252194635e-11 1.397663061201015912e-05 1.273372832023694778e-04 1.055861952870948601e-04 7.882039702546353444e-02 2.944257187389148047e-07 1.295935359222801786e-01 1.100809367792396909e-01 8.760005023921541012e-02 7.102112840582466835e-02 7.693327542890102122e-02 9.305595835608850008e-02 1.559332593443961369e-04 3.512428911112758042e-09 3.324720097050209641e-05 1.376765169012537422e-06 2.852023324718471701e-03 5.803597405726649422e-02 1.241417920971010043e-03
