1.000000000000000000e+00 5.784791585189511531e-01 6.440576906062498441e-01 3.014342338644507846e-01 4.658573641467764759e-01 4.579440872067198631e-01 4.818793058788647388e-01 4.368886086198015550e-01 4.307693898870501026e-01 5.366208065431241625e-01 7.454064180396562378e-01 4.640960206975197622e-01 4.738725482485652840e-01 8.798846508279524192e-01 4.280077970777023677e-01 4.010119058113746915e-01 4.397157090550329883e-01 3.729137692870759802e-01 3.831408515303008078e-01 3.794384761998864097e-01 8.979999971222467625e-01 9.099073643927052535e-01 3.386464405003360989e-01 6.353319564007138265e-01 7.536804923309396997e-01 9.273497790319176204e-01 5.963982909535594512e-01 4.858006470067532945e-01 4.221679226372622717e-01 3.867741414638957154e-01 3.376985244057117974e-01 5.465442939920024390e-01 6.019142607534264666e-01 8.787801618580652896e-01 5.250652637072028561e-01 8.795168996708498943e-01 6.097131662814304631e-01 8.826531639557113618e-01 4.790968934053588812e-01 5.966680343123241803e-01 9.104914030678603609e-01 3.168878903584025908e-01 8.673305405466196216e-01 5.214790486718096085e-01 5.576225914917426474e-01 5.497700053331912029e-01 5.242539401103802899e-01 4.551788003159005780e-01 9.159357698927422797e-01 3.891063518007332189e-01 4.501533829576067625e-01 8.809577056566313402e-01 8.588027935323140349e-01 4.493399321188206730e-01 8.939167745984046842e-01 5.819290515215205239e-01 8.787376602134617798e-01 5.479192493194552371e-01 4.210631081847380774e-01 7.431570891455938632e-01 7.404558078374189334e-01 4.182007248840509672e-01 6.499909060741849709e-01 9.042959077169836490e-01 7.489341099840823857e-01 5.875070364952426072e-01 6.817222435848224737e-01 3.554542892256802866e-01 3.399622710706477480e-01 4.688998780649510922e-01 7.883148309056208225e-01 4.504073580397613408e-01 3.478594368444868912e-01 8.159173112383198978e-01 8.282678009689341536e-01 4.905656634281860273e-01 6.098032162097207776e-01 4.558636949443144459e-01 4.166175841154642900e-01 4.994716925935819840e-01 8.710182654349727382e-01 4.220414485623560918e-01 4.530032960130870867e-01 8.567053564212677719e-01 7.647578765907592224e-01 7.808719841626212688e-01 8.526372044055744448e-01 5.641103149365931380e-01 4.109551712018195135e-01 3.947447946856862400e-01 4.701221474225861785e-01 5.977757774702751048e-01 2.935290637083551868e-01 8.866156029682326079e-01 4.633534960878858966e-01 8.531508782647190259e-01 3.115201762651790829e-01 2.173348324101002371e-01 2.820579490524506294e-01 8.572545693343911477e-01 4.593235667689331558e-01 4.517361233579956226e-01 9.649032107679789139e-01 5.953665592574036713e-01 3.857288472054689055e-01 3.544450800340183116e-01 4.672112194392520346e-01 6.150063520042364784e-01 5.244723740998786798e-01 4.839162326818451376e-01 2.162987891414530350e-01 2.744802522400293099e-01 8.732587848456041524e-01 5.234401351539547109e-01 5.570284212217002651e-01 3.844228387621388410e-01 2.681897679950725477e-01 5.152931137506591153e-01 4.519551034152208824e-01 8.094665779785052973e-01 4.913728416251500475e-01 3.706033241649461796e-01 2.395697143359056258e-01 2.028989362975970323e-01 8.988552590360325834e-01 4.539169248792606082e-01 8.753627903172869207e-01 4.904720895104704437e-01 9.015948322905206203e-01 8.824334779905104176e-01 8.789798856306019204e-01 8.761352296947372276e-01 2.003747714290603776e-01 3.531632652502366132e-01 2.985883777965964159e-01 5.563438728349842100e-01 3.487606092156311788e-01 7.634289884993787911e-01 5.728775879415312078e-01
5.784791585189511531e-01 1.000000000000000000e+00 3.827115047236998580e-01 2.165667054687879234e-01 3.824095317211638201e-01 4.624193057463907297e-01 6.318712221751288105e-01 3.445078034693401237e-01 2.317588546248077752e-01 2.932879373351613417e-01 4.182792059373973137e-01 2.208851797678555717e-01 5.273446457041796043e-01 4.735883352714463368e-01 4.134687128745896945e-01 1.829533069494724828e-01 3.062592101063847383e-01 5.635004885862813229e-01 4.758267339047015376e-01 2.254901690716693552e-01 6.028005291766741491e-01 5.392691521861778803e-01 2.921914972265651778e-01 4.622153006461745539e-01 4.343850176832143584e-01 6.421778641074165073e-01 3.776338576793624724e-01 3.471796691912948374e-01 3.407319972335871583e-01 3.798193558099624001e-01 2.700971403567364315e-01 4.083752091119947636e-01 3.705560375834501263e-01 4.690601790228250967e-01 7.617999542927555989e-01 4.691875185257224912e-01 7.129138853911112239e-01 4.733441944921251698e-01 3.644355341467472309e-01 6.889207612326198049e-01 5.855736859988494025e-01 2.420667074985842215e-01 4.873229419443675381e-01 3.161899656505715028e-01 4.755284427451917928e-01 7.021801673694210155e-01 3.896704908542125700e-01 3.520305734218805993e-01 6.918270952186987843e-01 2.299051806001805309e-01 3.645466385032932188e-01 4.716802509360727980e-01 4.777663974821541037e-01 3.498842650617932093e-01 4.877973018999298138e-01 3.668001399755109193e-01 4.715832178111299955e-01 4.510749903835824526e-01 3.976344455439069225e-01 4.163933010333124018e-01 4.138997703559886832e-01 4.603219349605146005e-01 5.127691475894242679e-01 6.276246558131265418e-01 4.823351432458239385e-01 3.576587165595694340e-01 3.736658127902696691e-01 2.397425092112409895e-01 2.973812977710052485e-01 2.805237634719608408e-01 4.398383054323841135e-01 3.007676208885784463e-01 3.180088786563606829e-01 8.108332107724306459e-01 4.541598296614287600e-01 3.870207623320262580e-01 3.883855634509518207e-01 3.443881882756393842e-01 4.672703506632377435e-01 2.934118410438319446e-01 4.645506016710765351e-01 4.405404506520341212e-01 3.527708641464128436e-01 5.121892532938725484e-01 3.736890949689081198e-01 4.268997463154720617e-01 4.711623182577442392e-01 4.329354469229526048e-01 2.894111156315026245e-01 4.947252021349280993e-01 3.574180739020175746e-01 6.105491978832628952e-01 3.285793149657734169e-01 4.831100412611548656e-01 3.387328103260982548e-01 4.798649074865500852e-01 2.588930874506991664e-01 2.148861268984223472e-01 2.100315423153969741e-01 4.731556860090473937e-01 2.903710978299417489e-01 2.441571497895483334e-01 5.396935074800248699e-01 7.901314051525770710e-01 4.565457471121355804e-01 2.832999547261386697e-01 3.170446835971997834e-01 4.737385865628984116e-01 3.669393311077444042e-01 5.729748076294798320e-01 2.334037030254006440e-01 2.423278132985720867e-01 4.877574470141152752e-01 3.387489931280557309e-01 5.192181009225371735e-01 2.683767610975932860e-01 1.980229877655401982e-01 4.496632396118650510e-01 4.348083214767567983e-01 4.397961014199844310e-01 4.386108044848587850e-01 2.000937940521876346e-01 1.953194378881984716e-01 2.691285202725143821e-01 5.018431647071450730e-01 2.365098487109838499e-01 4.756899346832396125e-01 3.182670106856316794e-01 5.064300506088499354e-01 4.731537191109452256e-01 4.687792886045890617e-01 5.744730534422624046e-01 2.096742479761974087e-01 4.947349700378911308e-01 1.714651644524416985e-01 4.027959930405834443e-01 2.196165918228284997e-01 3.662468282990395951e-01 8.251653503215206076e-01
6.440576906062498441e-01 3.827115047236998580e-01 1.000000000000000000e+00 4.548831313915567276e-01 3.965164620548587426e-01 3.182342130729207685e-01 2.892312136535186706e-01 3.235718873114585836e-01 2.844321489983718254e-01 3.179584095133373145e-01 5.996489342510342713e-01 4.370334795448465037e-01 3.149490984239506908e-01 7.503247598446461941e-01 2.736143397412583167e-01 2.933787716862220618e-01 4.929412479708180084e-01 2.690211248962699475e-01 1.859884186595119338e-01 2.732296806179987936e-01 7.303562364363085369e-01 7.224709913610288803e-01 4.105144803840335976e-01 5.155623590885568541e-01 9.639790943690235148e-01 6.153839387885937651e-01 4.236423297457467818e-01 3.477283405380611758e-01 3.910006660903965758e-01 5.765019335127459232e-01 5.939568505380522501e-01 3.357721004984609570e-01 5.129960904518053866e-01 7.479120170873361229e-01 2.922042516936972367e-01 7.424642222164182792e-01 4.748682425002263008e-01 7.429074398473852758e-01 3.295784187262440490e-01 3.990884983479963677e-01 7.343074071139005232e-01 4.607937641142809682e-01 8.230695489552284361e-01 4.292208102441915640e-01 2.565024822942442162e-01 3.677882779014197689e-01 7.714178251170126233e-01 4.131213411292569693e-01 5.924545992592358257e-01 4.730905654025782114e-01 3.564992182577722546e-01 7.439976257448427388e-01 7.584525274138901318e-01 3.491640881231050098e-01 7.432791926356508982e-01 5.261476802777120820e-01 7.448009154297279277e-01 5.264474076669890534e-01 4.219084823256024075e-01 5.974495747590289341e-01 5.222297000851348070e-01 2.842891374299519880e-01 3.878590748127598298e-01 6.557425986797011941e-01 7.156665320356848659e-01 4.603157160772946566e-01 4.627939821721906988e-01 4.877299404869049337e-01 3.624415310839821380e-01 2.440607981722871522e-01 9.427825775345229919e-01 3.106766475594200383e-01 3.379773051089208780e-01 5.041906908006584809e-01 7.108318997716508436e-01 3.565582644828353409e-01 9.876033683705902622e-01 3.522956934773656679e-01 2.741466672004754246e-01 4.333809452035256027e-01 7.489854871919450208e-01 2.862375602996928836e-01 3.379030749985447724e-01 7.375318055906701087e-01 7.856471491700618426e-01 6.444896324439685076e-01 7.531360754971128113e-01 2.899791509071240614e-01 8.470778185032712404e-01 2.434339392232002519e-01 3.560317613670981873e-01 3.272780673984320710e-01 1.587564125399545112e-01 7.417218306103404712e-01 7.760730979269692131e-01 7.389783523417963185e-01 2.706391448266092792e-01 2.742452582104530912e-01 3.320476664530774835e-01 8.463666968552946424e-01 5.667587788315909814e-01 3.735928362060381147e-01 7.031387616805295782e-01 3.017652858343374822e-01 2.496129275479410659e-01 5.409840900577458367e-01 3.622875077939227695e-01 5.208060243347196749e-01 3.960535284684364998e-01 3.318398020139953775e-01 4.042845504289619418e-01 3.489605323525943881e-01 8.361080897520203337e-01 2.235868998531682084e-01 3.223047559814726237e-01 5.569850879619174799e-01 4.806765670232612253e-01 3.597617003461945351e-01 2.857283663653448214e-01 6.837557334017378974e-01 3.477543302556712068e-01 4.719927721329771342e-01 7.111607335584937406e-01 4.461867141927268188e-01 7.395357781162775757e-01 3.830903595711335763e-01 7.558455457596838789e-01 4.218547395261283972e-01 7.441640688004613757e-01 7.439740523250584214e-01 7.456662591980753874e-01 7.215520051377061206e-01 5.532449937914281080e-01 2.454370143202224686e-01 3.703594191982964579e-01 5.138767678418099116e-01 5.324318580417680691e-01 7.217338255443337403e-01 4.098888758969196355e-01
3.014342338644507846e-01 2.165667054687879234e-01 4.548831313915567276e-01 1.000000000000000000e+00 1.092410688199384194e-01 1.499691333867536891e-01 1.401063872526152887e-01 1.673834719307960017e-01 2.163405725802927948e-01 1.308549499898341573e-01 3.520874781231472239e-01 4.242854660967143587e-01 1.300404188501589064e-01 2.660366472813145977e-01 8.257671001024849411e-02 1.698798770908153677e-01 8.683702813268163734e-01 1.011810043060384634e-01 1.526423641461964187e-01 2.226925787459466954e-01 2.884998092213180709e-01 2.868075184131364530e-01 1.572263334564699966e-01 4.394192951164764827e-01 4.034475979756074748e-01 2.730228490772362293e-01 2.561180089500639800e-01 1.599931295197026260e-01 1.919670125170144792e-01 5.755453108538650664e-01 7.250640653110587142e-01 1.694680982987402662e-01 2.353391119300910772e-01 2.600568769837075522e-01 1.465491819946116714e-01 2.581011713278890674e-01 2.485916136489325079e-01 2.595186562734183022e-01 1.582681142740358093e-01 1.770112643820276888e-01 2.766973508939021276e-01 6.153886543615512128e-01 2.973559864911838324e-01 3.362891114173961471e-01 1.590937214990030824e-01 1.451714274051200682e-01 5.480281316559568738e-01 2.428061628534174954e-01 2.571868136276694861e-01 8.737162444686065177e-01 1.899924000676943558e-01 2.592813781887377544e-01 2.759774738415471385e-01 1.188320143108266141e-01 2.625373025284459261e-01 3.352175796860630275e-01 2.584902403531483817e-01 6.817265791303129818e-01 1.773749946985318238e-01 3.145004187086655190e-01 3.960524226005955883e-01 1.283100954795782789e-01 2.020990105265064174e-01 2.856998963526553026e-01 2.630581899388582667e-01 4.511026338877591746e-01 3.551405474696711084e-01 3.080751927141001656e-01 2.588874964162854453e-01 7.251540609151244099e-02 3.813099793650523428e-01 1.898764722315930964e-01 1.948736346602621128e-01 2.663319480378863457e-01 2.518797593896092701e-01 1.827596109701680460e-01 4.450231140862482837e-01 1.774977704155795144e-01 1.315737383487032008e-01 5.915590645861585894e-01 2.572470212085079533e-01 1.262778374870366371e-01 1.787899158520888376e-01 2.543146764232673829e-01 4.467158483653446699e-01 3.211680790804772867e-01 2.551568551586890221e-01 1.162640094449954586e-01 3.563721180189822202e-01 9.698054776559453249e-02 1.843080638438184815e-01 1.929028602761195255e-01 6.080717629810487856e-02 2.615361281516784264e-01 4.975754063984710318e-01 2.771288047573999824e-01 1.261768111753631683e-01 1.634294620388868635e-01 1.493967935286431292e-01 3.170731409662204126e-01 2.709655255948346109e-01 4.276796505334569676e-01 2.768876556241414155e-01 1.663304382607223575e-01 1.599276815035124699e-01 3.504024087020700673e-01 1.568271255020570742e-01 3.147952089249256291e-01 2.452458631182800608e-01 2.068024736450392864e-01 1.590755456666223533e-01 1.906770960980184171e-01 3.187178969748409862e-01 1.800195496549850671e-01 1.241689209097247143e-01 2.648981409458969205e-01 2.806082643160116019e-01 1.983336265209768856e-01 1.377180339560528377e-01 2.837968675547821729e-01 1.804350142757589759e-01 1.741166558682426257e-01 4.009003623927281934e-01 3.247195846948011111e-01 2.619609741312122209e-01 3.275384840509664164e-01 2.732859151373129292e-01 3.023613540894612983e-01 2.659114987392489082e-01 2.602803408009398689e-01 2.606592525130948523e-01 2.520218232103195732e-01 4.454569513085117061e-01 9.537230785361014429e-02 8.787302706586812562e-01 5.392511126202892413e-01 4.598437947914043589e-01 4.270987663035240578e-01 2.105663332843280000e-01
4.658573641467764759e-01 3.824095317211638201e-01 3.965164620548587426e-01 1.092410688199384194e-01 1.000000000000000000e+00 5.566224129128032327e-01 3.230123959531402966e-01 4.638504416790271145e-01 2.419601794386542493e-01 5.283009615509819401e-01 4.277388198391456342e-01 2.137717655926366367e-01 5.968211665790091880e-01 5.637376627751218283e-01 5.688254006938844309e-01 2.749591544671800003e-01 2.018611908222907037e-01 5.305820937828920059e-01 1.520972552960512814e-01 2.300082498990767554e-01 6.009434383171259331e-01 5.879175750608578443e-01 3.431244921425083416e-01 3.957515202854432479e-01 4.910875111365520240e-01 5.631691371259155421e-01 4.537815279668417356e-01 5.441354115300417460e-01 2.403473460365635472e-01 3.102773361975764699e-01 1.887431048445321058e-01 3.882454506668640559e-01 3.954864834341451085e-01 5.730256207425680204e-01 4.050987904082749003e-01 5.753306389218073580e-01 5.044178501932189418e-01 5.741717718136736259e-01 4.435373834481195487e-01 3.133240267930959000e-01 6.012116282780065601e-01 2.018677830151686670e-01 5.543642179507302092e-01 4.890705484389374358e-01 2.421780709143951660e-01 4.866302956959705495e-01 3.338108419784958092e-01 4.752339211125811147e-01 5.003483082779560664e-01 9.978184792660375890e-02 4.850960678408135496e-01 5.740146182472856129e-01 5.355446833683507046e-01 3.214597382006790238e-01 5.784072453224597954e-01 3.178211286834490834e-01 5.738501238313185038e-01 2.924004016150858476e-01 2.664733800286675502e-01 3.743533502692967252e-01 3.149708908769337512e-01 5.228480447590919677e-01 5.596983639270484145e-01 5.843898515108152392e-01 4.672879541965967998e-01 3.965147675830808516e-01 3.233874694160810415e-01 2.923123138906687513e-01 2.166196161662565234e-01 5.435966842679733624e-01 5.075700388209447578e-01 5.722804243659018741e-01 4.506090391410326745e-01 4.134529063464874588e-01 5.159295025969361514e-01 5.100254951012612725e-01 4.071070718282433498e-01 4.676842895473910522e-01 5.457814180238715895e-01 1.651136670822846708e-01 5.686792168241388001e-01 5.756593021798062093e-01 4.782277194817606825e-01 6.076029278880225037e-01 3.113102630591353392e-01 4.331751286330695616e-01 5.674039873806585588e-01 5.549735223004230722e-01 2.919747119584372719e-01 5.983915952248124448e-01 4.749367297086521944e-01 4.296949805081577978e-01 2.788859850225191561e-01 5.782585937802440235e-01 3.518862655309952236e-01 5.328701915306350845e-01 4.575695163293215240e-01 1.485056732780749844e-01 3.819730398862177245e-01 5.552111288142367318e-01 3.633195042391025309e-01 2.979495567056292815e-01 5.471039873686682764e-01 3.239541279963852327e-01 5.190055029216413818e-01 4.196543179722115324e-01 3.428787947452912044e-01 3.674911267503909729e-01 5.619242526324239595e-01 4.462924350369628645e-01 1.932761161883428669e-01 2.335755225567231474e-01 5.628905338076124476e-01 1.742315183307905913e-01 5.100312483699114274e-01 3.616201517159010059e-01 2.760863881409308385e-01 5.279901609563549814e-01 4.650693917028704272e-01 4.771882915928939428e-01 4.810324207531954110e-01 3.950772234269985250e-01 1.802285306373038465e-01 2.310394458607208379e-01 5.853216656870898760e-01 3.153763626387476315e-01 5.687219424872500539e-01 2.251918013153811626e-01 5.684052545705610138e-01 5.761242254496339310e-01 5.718483928196274046e-01 6.449421921810217784e-01 1.754396429015292191e-01 5.834573644479292831e-01 1.136020304966672556e-01 3.498907329288223900e-01 2.167712621882470214e-01 3.410447741576924097e-01 4.496475880246039170e-01
4.579440872067198631e-01 4.624193057463907297e-01 3.182342130729207685e-01 1.499691333867536891e-01 5.566224129128032327e-01 1.000000000000000000e+00 5.655434115597282041e-01 9.294570072784755776e-01 3.075093701608961894e-01 6.126377743113234908e-01 3.934765145614473880e-01 2.670965551402347815e-01 9.748121695268323617e-01 4.522140760364977696e-01 4.690832775361505891e-01 3.066106535150178725e-01 2.433300190167735910e-01 7.822043663430229277e-01 3.342810932103265076e-01 2.761575181854315497e-01 4.684507799206468759e-01 4.783968702958020236e-01 2.865552778386580290e-01 6.327381414787255354e-01 3.867409329983998445e-01 5.865611134207242561e-01 8.192998197127808746e-01 8.628719459016984672e-01 2.347335429537088791e-01 3.050169720247938865e-01 1.652383807536994265e-01 8.127830540427523065e-01 3.007632320102607837e-01 4.574312201415445256e-01 4.393864146057141484e-01 4.593237006028405567e-01 3.986800136743260947e-01 4.596297350967833983e-01 8.860708886522076222e-01 4.572712770102195234e-01 4.816439048806478995e-01 2.780419777953993532e-01 4.483547403757096594e-01 6.488952240554061168e-01 3.153350469705884507e-01 4.470159256440738860e-01 3.776382814585223513e-01 8.782688571418912904e-01 4.463227803467738619e-01 1.393180387962112410e-01 9.295437843885669960e-01 4.590656213131784069e-01 4.294210544141224273e-01 7.023202629676100761e-01 4.637367395153925709e-01 3.569170530130986174e-01 4.585675341523051118e-01 4.514700283070331999e-01 2.425127717923381832e-01 3.791209694570477629e-01 4.718334376493711346e-01 9.604719666266154920e-01 4.174080402328356199e-01 5.862130664295276405e-01 3.827376705152518710e-01 5.755941628777366814e-01 5.332823981586225504e-01 2.947424786836175814e-01 2.995869290372527027e-01 5.655845899838264357e-01 4.049594882466090451e-01 8.144620371190187669e-01 6.429961952369332989e-01 5.224351649924052765e-01 4.220321413474426575e-01 9.132672732947501038e-01 3.166660260973411800e-01 9.097884013130403957e-01 7.697309144916183454e-01 2.913621466369443191e-01 4.540012382860995066e-01 9.848099846332273311e-01 9.239816829757179217e-01 5.112048836629156101e-01 3.652535651049717003e-01 3.767518315512203286e-01 4.482511620081780501e-01 4.525071746118610738e-01 2.416785076919389375e-01 7.689330900007654845e-01 9.062478346633054960e-01 5.466702734627474358e-01 5.334916458906652226e-01 4.625067848732239417e-01 2.378071851691655747e-01 4.283979135533712013e-01 3.130039375446410088e-01 1.658019471152582247e-01 3.555752399814672282e-01 4.436941105528465767e-01 5.816256422660225356e-01 4.242310315241422103e-01 4.849323565376693068e-01 4.065206977151946677e-01 6.581899048552094511e-01 4.841534986074660374e-01 7.634658862533039159e-01 3.597039869876733076e-01 8.038711475457318567e-01 7.779986614953476876e-01 2.824408608532805731e-01 2.723342081632962319e-01 4.599343099354024078e-01 2.587343477569186145e-01 6.737938229802711287e-01 5.886365235223142145e-01 3.614038119392560811e-01 9.677102987150016933e-01 8.448056162407745484e-01 4.060732644626788845e-01 9.589078286082791669e-01 4.434806438698395969e-01 1.452973324836315805e-01 2.011833871392950390e-01 4.711090785742046982e-01 5.645846857115669470e-01 4.478669571184116238e-01 2.418627164731403933e-01 4.645960934717844326e-01 4.597135675142762778e-01 4.564652830874146860e-01 5.122063266864609332e-01 1.328846274949976591e-01 8.408117929165058735e-01 1.452441077695948990e-01 5.842163964928218656e-01 2.726169209951330163e-01 4.193185148440375376e-01 4.522285223181241598e-01
4.818793058788647388e-01 6.318712221751288105e-01 2.892312136535186706e-01 1.401063872526152887e-01 3.230123959531402966e-01 5.655434115597282041e-01 1.000000000000000000e+00 5.009895390358505285e-01 3.208430818611516244e-01 3.915174771355575123e-01 4.370764581987900965e-01 2.316178616709493876e-01 6.101025269932531803e-01 4.217341856273325584e-01 3.827840068235456861e-01 1.448507065995773835e-01 2.168739016833007294e-01 6.344145987306759604e-01 3.052757866113527951e-01 3.383442698418278605e-01 4.711192919242813693e-01 4.590929933675391150e-01 2.551023949944373204e-01 4.943159614889071629e-01 3.477802604842009648e-01 5.475917323300318884e-01 5.351343081559416515e-01 4.721858937956868729e-01 2.512586422331353764e-01 2.175701939928316730e-01 1.425065929002014564e-01 6.599631000135499637e-01 3.851094250382230411e-01 4.146883790589585006e-01 4.070206837669703148e-01 4.163452415445260679e-01 5.489351700675312307e-01 4.203132655077397861e-01 5.910935769173754073e-01 6.412967507547593371e-01 4.874059928303500766e-01 1.473278472982069709e-01 4.179273739791974362e-01 4.079342486457811501e-01 2.445624553068189988e-01 5.986746816848806940e-01 2.815117365710956276e-01 4.972410690460860039e-01 5.218675843238911316e-01 1.604888037422548541e-01 5.047799922005911100e-01 4.179450764352477532e-01 4.200747450567677843e-01 5.652224951830225885e-01 4.337349350967336647e-01 3.071995729023838662e-01 4.187361122609272179e-01 3.246480849364440369e-01 3.211192760146149849e-01 3.785820503654237501e-01 4.841947796519034952e-01 5.505286501289542445e-01 4.450922156208506064e-01 5.236908382013319985e-01 3.945445228026877027e-01 3.352793977628972799e-01 5.008623373302281134e-01 3.249537247482728874e-01 2.299022351422106425e-01 3.082797357726899112e-01 3.556927028873900776e-01 3.958449078382829667e-01 3.624089077437023798e-01 7.281960832823463070e-01 4.438171604410361404e-01 5.246384561702599481e-01 2.889767265228330717e-01 5.165136186287755393e-01 4.335025843740424878e-01 2.775069258574858200e-01 4.164871126333327678e-01 5.292201119322915703e-01 5.221941355056584078e-01 4.478255706392418878e-01 3.453994540671204705e-01 4.292205509956026899e-01 4.114282207842556716e-01 4.636162035392830671e-01 2.364143869665061293e-01 4.595710406197134890e-01 5.082954408916064981e-01 4.744210019998858496e-01 4.691442019966086674e-01 4.269875361084948251e-01 2.464111207738352294e-01 4.202154704290659848e-01 2.728905505299732970e-01 1.312723684547061898e-01 1.990981276279121248e-01 4.027219265046620977e-01 3.652291019131695959e-01 3.239507611831388134e-01 4.371966052870734920e-01 5.225004453767215784e-01 4.696205810114729706e-01 2.472767805546297881e-01 5.053356688157994991e-01 4.425361121878886306e-01 4.793999045105296619e-01 4.240657643645173169e-01 1.575315109786959433e-01 1.782416513967090277e-01 4.214280561172600303e-01 1.830659682039864067e-01 5.552087934986154050e-01 3.447171686146711655e-01 1.859428919288497184e-01 5.772805258407308626e-01 4.300597757554747713e-01 4.223245159248379399e-01 5.688056857881430561e-01 1.856950585792263297e-01 1.199900665106923559e-01 1.214589716418234405e-01 4.408311202073404433e-01 3.898966263607062110e-01 4.216608195046570029e-01 2.505439216199637498e-01 4.469408441552145672e-01 4.189614796770643190e-01 4.175178261913742306e-01 4.906286205142708079e-01 1.068938663169007874e-01 4.864108122687426095e-01 1.228692651671878799e-01 3.943132920862141289e-01 1.665571422681688396e-01 3.181360988671906864e-01 6.420264546497663760e-01
4.368886086198015550e-01 3.445078034693401237e-01 3.235718873114585836e-01 1.673834719307960017e-01 4.638504416790271145e-01 9.294570072784755776e-01 5.009895390358505285e-01 1.000000000000000000e+00 3.426976920024251139e-01 6.514766341727991072e-01 3.933791626362886928e-01 3.142478963497254418e-01 8.624597859765910091e-01 4.399059478465829898e-01 3.624612203193383064e-01 2.797431638205153948e-01 2.657258227458364486e-01 6.034927503118748815e-01 2.610375329375117515e-01 2.968136464713033162e-01 4.227639799859247427e-01 4.487390750925748795e-01 2.572404055347433660e-01 6.645909104616578578e-01 3.833237513416614672e-01 5.510765697321771128e-01 9.146419081980067256e-01 9.267189324309048626e-01 2.187558873877009091e-01 2.870119024819660081e-01 1.598039413541850473e-01 8.866058696277079321e-01 2.952833740763497472e-01 4.435098584264134947e-01 3.167407647478958088e-01 4.452397896343536776e-01 3.145643945749827530e-01 4.449088629816387308e-01 9.690416953357579022e-01 4.151715233422008100e-01 4.393304328853164797e-01 2.948479949125878408e-01 4.354051222539516708e-01 6.913784673543655890e-01 2.486246008234775373e-01 3.556716097962085432e-01 4.003829038840055476e-01 9.293456547559355574e-01 3.860904773896176589e-01 1.545384052630080496e-01 9.794823217784059954e-01 4.447472821438475110e-01 4.206906374503850965e-01 7.465772366918403957e-01 4.472375725272739189e-01 3.591136108316780318e-01 4.442126108312161037e-01 4.730699507013616523e-01 2.207362852940839559e-01 3.834485520959506344e-01 5.261503355059317100e-01 8.571925863945356605e-01 3.571227030801809588e-01 5.517405568695685769e-01 3.666949941317807493e-01 6.503009245865762900e-01 6.234238058354336642e-01 2.936898183785076610e-01 2.934164544189569179e-01 5.435023793124511560e-01 4.015953337716681171e-01 8.615338235153346957e-01 6.188423876616051533e-01 4.519472134306421474e-01 4.160600375285940511e-01 9.791991795018401001e-01 3.105991732059624200e-01 9.933140741759014514e-01 6.545420536702876158e-01 3.644946605878013335e-01 4.429098210790254342e-01 8.935479579779667114e-01 9.962662548945051544e-01 4.836834221354654462e-01 3.846938391685291725e-01 3.786188679266156987e-01 4.346328934962852553e-01 3.788665771301115703e-01 2.338179214241114523e-01 5.764506078096293118e-01 9.899656987608059788e-01 4.447846503774821048e-01 4.053136810266695922e-01 4.452253299988749302e-01 2.266669806054642800e-01 4.128019260739237417e-01 2.930204346672259375e-01 1.531891513071028665e-01 3.459403864164768416e-01 4.332369753358711328e-01 6.372443099579092607e-01 4.769469566872763799e-01 4.575716495960553409e-01 2.911993361316353446e-01 5.094120728129052367e-01 4.647669396765511385e-01 8.566963417032378292e-01 3.443630551319060151e-01 8.579248009459637947e-01 6.312977458409791964e-01 2.500508828487015833e-01 2.602572194625253355e-01 4.471682237237099566e-01 2.221168475205415882e-01 6.198090807775200606e-01 6.360141262135120543e-01 3.522295764782746863e-01 9.647935379126069133e-01 7.206964927673453758e-01 4.039270165058687634e-01 9.792852812737231627e-01 4.509286774192976521e-01 1.448598782483219716e-01 1.653249423047468969e-01 4.500391686080812415e-01 6.570015884532638406e-01 4.331534464050751376e-01 2.393219481883047950e-01 4.466923106790280373e-01 4.447347400743709156e-01 4.433055940835329833e-01 4.672353259892035870e-01 1.238171806284704968e-01 6.496919573816569704e-01 1.666062030188268095e-01 6.616490026420223103e-01 2.649274022429797815e-01 4.607494665336415163e-01 3.361016417615080298e-01
4.307693898870501026e-01 2.317588546248077752e-01 2.844321489983718254e-01 2.163405725802927948e-01 2.419601794386542493e-01 3.075093701608961894e-01 3.208430818611516244e-01 3.426976920024251139e-01 1.000000000000000000e+00 2.910331597270791049e-01 6.955005574941691693e-01 6.851262219778943008e-01 3.058236112502045190e-01 4.555467084019885204e-01 2.091593519245282806e-01 2.089842348445109521e-01 3.032766113790025253e-01 2.453282444397834328e-01 1.347335447227080985e-01 9.305507276375906134e-01 4.521253555127593415e-01 4.796698134830716387e-01 4.060949645757103710e-01 5.289828750785900979e-01 3.391917386946626811e-01 4.954539149805349818e-01 4.660674899112650094e-01 3.343524176485976884e-01 4.499467704305489812e-01 2.543115800857363440e-01 1.807288603520710579e-01 4.107709424941150544e-01 5.044722393382364833e-01 4.277950078494474617e-01 2.398705347539539789e-01 4.275511180382045029e-01 3.498504355013866696e-01 4.302758750268509402e-01 3.890564750469964195e-01 3.572709818140632487e-01 4.460938315651530317e-01 3.369976805438553158e-01 4.144821975098850753e-01 3.947056226173758509e-01 1.645531253338183009e-01 2.204855057293966802e-01 3.246065911495892298e-01 3.912069279113147280e-01 3.952536747988384391e-01 2.586125142657489384e-01 4.008448567611280211e-01 4.271042847069387305e-01 4.938317312566999351e-01 3.595944158811896219e-01 4.374182559555189198e-01 6.405919709717667887e-01 4.301121679528692177e-01 3.352578614784025302e-01 4.722786691913312684e-01 6.575104942766301086e-01 6.653095992092749045e-01 3.059341260648770211e-01 4.901128239910487183e-01 4.819314716000711596e-01 4.994109871494700204e-01 3.994957746772658247e-01 7.381606221099651366e-01 2.280037352487254698e-01 4.550576588817961676e-01 2.373680849399350257e-01 3.536702553796996495e-01 3.749021677517832551e-01 5.016580499962830508e-01 4.184976011629084058e-01 5.406057605662273335e-01 3.651004437623471821e-01 2.559598937370984872e-01 3.462285905594484348e-01 3.191234602172717816e-01 4.177540987994797783e-01 4.398460349210643328e-01 3.015407871049719524e-01 3.585807685686235313e-01 4.350333483642129240e-01 4.617954738790602809e-01 6.396942063197255113e-01 4.590558552317278718e-01 4.437892439791600863e-01 1.804510644269150255e-01 2.646628869547060781e-01 3.843772848673054354e-01 3.898924452596330137e-01 1.883603705456776412e-01 4.345144391360924452e-01 2.172868079032162503e-01 5.223587247311650694e-01 2.604866034462145485e-01 3.076557904867999182e-01 4.471378888998240875e-01 4.083093086160253793e-01 3.123930494417367920e-01 5.721332299096826279e-01 4.131895805850404058e-01 2.526810874844297450e-01 3.093497172770227621e-01 2.449903627384349414e-01 4.013937059593052359e-01 6.446878402907401107e-01 4.871318607443585469e-01 2.477785279840365451e-01 1.228192629042052231e-01 3.623029419555666708e-01 4.341713623810646294e-01 1.564462468462794464e-01 2.922008605494031963e-01 3.130933554253960693e-01 2.085651367486448249e-01 3.653524625632292855e-01 2.362369346201517728e-01 6.175871192674631249e-01 3.536836295145860398e-01 1.547173484579735803e-01 1.123664314840216172e-01 1.322331037624939198e-01 4.384959240075141373e-01 4.596514722368645889e-01 4.700892793668580150e-01 6.303669717515194559e-01 4.473932179730437109e-01 4.289615567400197338e-01 4.366853089725594161e-01 4.384422284993162999e-01 1.019269191823336806e-01 2.392997000705359978e-01 2.047723428921326416e-01 4.846073838620175711e-01 3.190887033936807837e-01 5.554261744592181582e-01 2.942561632861647181e-01
5.366208065431241625e-01 2.932879373351613417e-01 3.179584095133373145e-01 1.308549499898341573e-01 5.283009615509819401e-01 6.126377743113234908e-01 3.915174771355575123e-01 6.514766341727991072e-01 2.910331597270791049e-01 1.000000000000000000e+00 4.248268152717602497e-01 3.192825309612764006e-01 5.918342547000399190e-01 4.662443592049198005e-01 5.229485726140107316e-01 3.872781244040379711e-01 2.765874951142438531e-01 4.289754601702998049e-01 1.774327065261445124e-01 2.400670183176748795e-01 4.802389157396674824e-01 4.792758272641471362e-01 2.251150148727118494e-01 6.321824032015318506e-01 3.838991437520220540e-01 5.281705147459906380e-01 7.021810107797451517e-01 8.389955885934361479e-01 2.391856307586725239e-01 2.430362636867619552e-01 1.641522741858276180e-01 6.212059316276186127e-01 3.833892419893549786e-01 4.654357187666106066e-01 3.217720605859231142e-01 4.670096701161458030e-01 3.557298707803204230e-01 4.668515290921115835e-01 6.596757579073266875e-01 3.503537765207812571e-01 4.885182104516371804e-01 1.778881668494837753e-01 4.445802806350217518e-01 6.929346328842719283e-01 3.460280366985785672e-01 5.180747400693643812e-01 3.723551244792059900e-01 6.102549691579904900e-01 5.250357004107965020e-01 1.516878225964199411e-01 6.058479816741919599e-01 4.662426781828488132e-01 4.532045780907482113e-01 4.065188216527981235e-01 4.774440805490842155e-01 3.487338678592759589e-01 4.650000106916252207e-01 3.563177231918228105e-01 2.159675445096603530e-01 4.237843984552995269e-01 5.230594693685116647e-01 5.291471882958793671e-01 4.391710712200495026e-01 4.980343080597372518e-01 3.888920340440937262e-01 5.889656172732380401e-01 5.354214122618262683e-01 3.401238326696470193e-01 2.390567721155293923e-01 8.761246098638973967e-01 4.072449622420825643e-01 7.049557816757554551e-01 3.485151851146682800e-01 4.823677833344708898e-01 4.457626649396534413e-01 7.349101860139132247e-01 2.994440042672610880e-01 6.741838991182120822e-01 4.902031867515501129e-01 2.914996049896087515e-01 4.634841241776713194e-01 5.657766736272313857e-01 6.647530784038317986e-01 4.658168207719750598e-01 4.061466056517559764e-01 4.184520799046517747e-01 4.588811840818225463e-01 5.097009593977792630e-01 2.266780540415177236e-01 4.491171058573895647e-01 6.786869549088135889e-01 4.474013905661259338e-01 2.822310109954692114e-01 4.671866072937636005e-01 2.864391468998687129e-01 4.532911709271001399e-01 3.335491353832994443e-01 1.159866893531467796e-01 2.392929301736970715e-01 4.441741627875296361e-01 5.369380357105593138e-01 4.494256469953757938e-01 5.290487966982920787e-01 3.369558130836450838e-01 3.593739909252566256e-01 3.929241537187454503e-01 4.681196520549196771e-01 3.601210873556588976e-01 7.304828803969740658e-01 4.408326011760381746e-01 1.717052354253728597e-01 1.991087161078725909e-01 4.624902490854320147e-01 3.105452986969126639e-01 7.621712938812632565e-01 4.151123873623971394e-01 2.459629524473685991e-01 6.736955056134290576e-01 5.416782002335531754e-01 4.503322161973002946e-01 6.323498957956589228e-01 5.082504588428549130e-01 1.161475889743004003e-01 1.176962377705325080e-01 4.798822001737670928e-01 5.302005307736441519e-01 4.684135476504628914e-01 2.585792731435979652e-01 4.766361155171384145e-01 4.677265680606117471e-01 4.663544844183073468e-01 4.926216400390066030e-01 1.102626258052648855e-01 3.810982263435779283e-01 1.783213243797998615e-01 4.779562028004575858e-01 1.952903881038970391e-01 4.426762879683275864e-01 3.368642612753830479e-01
7.454064180396562378e-01 4.182792059373973137e-01 5.996489342510342713e-01 3.520874781231472239e-01 4.277388198391456342e-01 3.934765145614473880e-01 4.370764581987900965e-01 3.933791626362886928e-01 6.955005574941691693e-01 4.248268152717602497e-01 1.000000000000000000e+00 7.539551915240426672e-01 3.902896852449869725e-01 8.060696819843181649e-01 3.297273273311119302e-01 4.212639983927884968e-01 4.577400675506106964e-01 3.480155854130793092e-01 2.544842121736999863e-01 6.931271622467397586e-01 7.944263047666610955e-01 8.018843159267676768e-01 5.913791617767434339e-01 6.976213245589847345e-01 6.960616757752954298e-01 7.274156313760985482e-01 5.693799739388949455e-01 4.212329682954565335e-01 6.271709432016867591e-01 5.094808183359557097e-01 4.150001582664036848e-01 4.626935284220456412e-01 8.608743728000902706e-01 7.716266515123005876e-01 3.403983847885946323e-01 7.712703872791994986e-01 5.615937323593597208e-01 7.731780502217777684e-01 4.292645695064852274e-01 4.209814171975680419e-01 7.981396516943435326e-01 4.406792749167200429e-01 7.671621965940425003e-01 5.676685245603538821e-01 3.339584632838438205e-01 4.088090861831574219e-01 5.465826122623843597e-01 4.695855534297495026e-01 7.054900514910495968e-01 4.110154971992789896e-01 4.503811008873928046e-01 7.707031049282495605e-01 8.434608316383421789e-01 3.924251968587891826e-01 7.811192497648318245e-01 8.210708597143823173e-01 7.749304783636665750e-01 4.812066981918384778e-01 6.169983768560146631e-01 9.197808041038735283e-01 8.381628537052406847e-01 3.570082263740593786e-01 5.793983952314469832e-01 7.371343428419832033e-01 8.292392919501834214e-01 5.499577114716549531e-01 7.573299091055024634e-01 4.183822932198296707e-01 5.311683312918197286e-01 3.206822374309288848e-01 7.143686921739791362e-01 4.606417862394064922e-01 5.296162854430703781e-01 6.280548094977561613e-01 8.790814695948279134e-01 4.368016702538538576e-01 5.682982573193308129e-01 4.152079114138971794e-01 3.392228927130028771e-01 4.477278778790023672e-01 7.847577894939375964e-01 3.621492124467655116e-01 4.188011215315931013e-01 7.632955595814767680e-01 7.486855013415519844e-01 9.789182928589038601e-01 8.048884072598336825e-01 5.027061572857717264e-01 4.184353142678105542e-01 3.449819680410463052e-01 4.351084413678673601e-01 4.518593062417469719e-01 2.994244132567328576e-01 7.765615341930491855e-01 5.317735168312512917e-01 8.774297344467036908e-01 4.849288327723071390e-01 3.708365112792762486e-01 5.432283288092415452e-01 7.694269895662795289e-01 4.703233997960748480e-01 6.649836372955384434e-01 7.639177392987718251e-01 4.465917137969961925e-01 3.869639306341700058e-01 4.115319605375787337e-01 4.205625811466523478e-01 8.894527915423150466e-01 5.725753150382353329e-01 3.904790716990566013e-01 2.210247537726798828e-01 4.510854249714216779e-01 7.846375968730791017e-01 2.940251746911001218e-01 3.793155788285885732e-01 4.330595794677478128e-01 3.203900182422844134e-01 4.468556195676672838e-01 3.731649627356670718e-01 9.331816182480144883e-01 4.228108717235196101e-01 3.490860023283208213e-01 2.652423466126170304e-01 2.724866514763998326e-01 7.793086711274797018e-01 4.968739841281794023e-01 8.339323723024667512e-01 7.451212057527071275e-01 7.877073551570488164e-01 7.728766879845890836e-01 7.834617907358389921e-01 7.650500599786755895e-01 2.602014907005555377e-01 3.124170880104533143e-01 3.361395667362763184e-01 5.482490132474603373e-01 4.739726756157949805e-01 7.646069745780904592e-01 4.940865200429249704e-01
