1.000000000000000000e+00 3.049218359003325052e-02 2.717969207831681944e-01 2.052538513248116769e-03 1.195910358006850062e-02 5.808736457101745451e-04 7.920115641199775274e-04 1.423178497971130626e-04 2.525883584008587184e-03 2.428108470089184161e-03 1.998066161168027266e-01 3.405876128959330149e-03 1.091485926808756371e-03 6.505358252470689884e-01 4.866097067492354371e-03 1.960170836662569749e-01 6.580186881793390063e-03 4.952241965891273018e-04 1.013090400961255211e-03 3.735824883884419217e-03 6.427514706998811445e-01 6.817083496328567582e-01 9.931531096696141064e-03 1.342955191742034940e-02 4.945075130479932857e-01 7.794635430352293559e-01 3.361055073275935612e-03 4.394892871336582058e-04 4.934828922549845155e-03 2.011417741198363168e-02 1.758379989191497655e-02 6.938242599675723205e-04 6.959793979605737035e-02 6.474346533985306795e-01 2.618883617720495563e-02 6.453359653165986476e-01 2.771880732681941684e-02 6.459584130190325624e-01 2.909328881112239790e-04 2.183333781678313892e-02 6.727722567080662852e-01 4.098479438550345702e-03 6.531992184030436244e-01 2.294177568633098616e-03 7.398838653169618682e-03 7.156112848735097023e-03 2.417269936640067951e-02 4.035834439728470946e-04 5.710183469979994708e-01 1.716106027822353330e-02 3.471300030248908493e-04 6.468079062006840685e-01 6.036656252181681337e-01 5.108462830652100734e-04 6.514097914380831966e-01 3.541761020220100808e-02 6.443351152746692456e-01 1.379601801989970879e-02 9.109783372689828421e-03 1.273753823782255157e-01 5.763847166265936156e-02 4.171259255903868486e-04 9.808760422568194026e-02 7.659350069933418270e-01 3.201398410789291216e-01 7.425787036582610738e-03 1.400654981938663848e-02 1.567958382394061753e-02 5.401547527590849296e-04 4.928748365150582671e-03 5.577084454182710260e-01 8.100272542254956373e-04 4.670162858671234323e-04 1.467061611032771107e-01 5.349516601842386754e-01 3.980096756003216217e-04 2.467510389215132049e-01 2.126981092771295431e-04 1.336465622128833047e-03 3.353040145462404982e-03 6.443272330546846449e-01 4.327610908952907913e-04 2.002545056764385453e-04 6.556619477952937425e-01 4.399854929894990718e-01 2.735965131540301631e-01 6.403482117047193389e-01 3.333420114742529500e-02 4.852695993806958180e-02 2.300783808326435989e-03 3.121379030856729579e-04 3.962560306439397162e-02 6.648219731485962214e-04 6.485514503342960646e-01 5.549126347501269485e-02 5.533241264755128785e-01 3.552641301644804232e-03 2.952933567529463237e-04 1.124930092047782271e-03 6.487140512724227648e-01 3.597879945228687430e-03 1.295200585550162218e-03 9.319951250614282312e-01 6.509286592312454878e-02 3.267664486511800449e-03 3.286835770662119294e-03 4.593026015277857266e-04 2.808493775432448561e-02 2.591969127251181337e-03 5.540375028612382589e-03 7.228814494743553924e-04 1.254229533759222952e-04 6.574573017466358582e-01 1.924190804684157083e-03 3.273211404176880161e-03 1.314101454835013214e-03 1.663476030806413514e-03 1.143871572675413031e-03 1.873710585318228133e-03 3.390973367864834609e-01 5.343323727926192496e-04 6.277274435857538651e-03 4.510440285071920172e-03 3.026432586706212600e-03 6.621530590937754202e-01 1.719308765158481618e-03 6.450147848901395253e-01 9.341500186861957308e-03 6.614867384233165115e-01 6.450983612471149486e-01 6.441067940759375166e-01 6.570058354883423490e-01 1.570018399735194662e-03 5.228185961578391125e-04 9.789979322482624240e-04 3.759995881579936139e-03 2.465963711571036304e-02 3.966338232479613146e-01 1.091818161547383065e-02
3.049218359003325052e-02 1.000000000000000000e+00 6.576277004495656615e-03 7.863044061862445636e-05 1.645141076528797760e-03 1.644859004917211421e-03 8.970457473301453322e-02 1.601339595234049242e-04 1.993974070524087358e-04 4.951605262696618780e-04 6.659719630401854558e-03 1.319947678001609579e-04 6.046274787430674404e-03 1.322257626339612413e-02 4.703435872215017133e-02 5.227226829152229262e-03 1.100408159318356453e-03 2.096348516173828641e-02 4.270996610331935267e-04 5.913318375510944044e-04 4.409227828718369213e-02 2.352017381339546742e-02 5.217492462982803361e-04 5.633112332461340591e-03 1.139751291288705268e-02 6.555554189773053764e-02 1.049760721405648169e-03 2.612039363754356308e-04 2.391772259073942763e-04 2.165340857795078865e-03 6.406856624948818659e-04 8.980492854971612246e-04 2.670199615885006893e-03 1.355220737907331108e-02 4.191637299024596475e-01 1.287008234657930142e-02 3.674459092649708936e-01 1.278626240990338517e-02 3.645997677372674333e-04 2.018452990560048177e-01 3.366793557956122840e-02 2.673069797123488775e-04 1.432557606878342125e-02 9.607355865180460409e-04 2.110168198741582159e-04 2.902630331814782805e-01 2.944543827769360422e-03 4.576057860208062569e-04 1.721673866255768737e-01 4.083194086040769838e-04 3.475975277878886965e-04 1.292053131756199305e-02 1.331776655243292230e-02 3.797972824965725443e-04 1.352380978185040161e-02 1.597357688821359530e-03 1.276868720572632218e-02 1.575160761232990633e-03 6.547262261110167432e-04 4.215860435607550125e-03 3.126515644957602365e-03 2.386471981493000841e-03 2.490318827845446614e-01 5.434072933760275559e-02 8.504838019040266567e-03 3.832291450262937217e-04 1.489780515919801249e-03 1.882855556282835019e-02 6.940732144155155282e-05 1.002895884678547175e-03 1.255311587759160540e-02 3.605582834128717024e-04 3.642776957716726259e-04 5.835322225919546968e-01 1.234350762200678644e-02 4.172512814565654043e-04 6.046587474027988705e-03 2.222244454990386522e-04 9.592074653485303110e-03 1.970187351433742384e-04 1.290124006353222594e-02 1.562629295228678151e-03 2.344326256015495625e-04 1.728239140207576963e-02 1.151392840316896489e-02 7.646614670854629155e-03 1.341894259912577471e-02 1.901116335657088430e-01 1.543347178946006485e-03 1.268996160153675924e-02 2.828628959136110835e-04 2.164064404698559374e-01 6.587789929860948801e-03 1.308824654498411989e-02 2.547069450671439299e-03 1.265420462112508936e-02 4.266305209606804645e-04 2.025418611723029335e-05 9.542462500961876673e-05 1.398220358986928744e-02 5.645479918484404974e-04 2.288733892200067179e-04 1.968372186357426890e-02 5.631233107093318591e-01 3.858181883033494353e-02 1.034958852778295347e-03 1.638221686621360606e-04 2.103855574990980137e-03 1.985587358830531290e-03 1.415957074357662195e-02 9.763225848649759024e-05 1.387318557601895891e-05 1.570346204558768083e-02 3.525709759429719793e-05 1.189952912651833644e-02 2.235018344556919095e-04 2.038294335713528548e-04 2.211843618139423123e-03 2.238344825796824335e-03 9.186557125590327777e-03 8.673763093289942744e-04 3.215855277305803097e-04 1.532863936750373211e-04 5.124573328715890334e-04 1.436573288072739117e-02 4.873353280384471365e-04 1.353997797043885939e-02 4.815836892374601827e-04 1.492216946790778098e-02 1.290480794874244129e-02 1.279964536866905721e-02 3.603269671250757672e-02 9.658458192935719566e-05 4.667092549593633913e-03 5.308624438367051277e-05 8.266088917557113183e-04 1.241267113577197018e-03 1.143636682680403485e-02 5.307254634219551459e-01
2.717969207831681944e-01 6.576277004495656615e-03 1.000000000000000000e+00 1.354944077256903592e-02 7.838732795893692262e-03 2.708152146825202841e-04 2.786870124173353451e-04 1.044351953207758009e-04 1.388670931509201640e-03 6.208124000857122727e-04 1.209948026920576458e-01 2.388762344708863453e-03 4.940775955044086898e-04 4.218194391459048065e-01 2.021609464928707245e-03 3.812488014052824864e-02 1.520987519879769823e-02 3.295736656143091639e-04 4.632275746526789186e-05 2.114897583398204876e-03 3.714930435990643209e-01 4.166172002586304712e-01 7.013998985370186942e-03 1.152682702398574385e-02 8.434598220162655702e-01 2.369542881445621529e-01 2.282845795817805244e-03 1.884463707472777314e-04 2.711201233190723130e-03 1.275078411354673980e-01 2.039572943345805134e-01 2.330514441250347243e-04 4.257882238128986307e-02 4.266314987835698735e-01 3.818777884137816107e-03 4.175810015975314760e-01 1.205536377132168484e-02 4.186437310808782675e-01 2.049828512031708658e-04 7.143804062036138505e-03 4.004392497030765941e-01 2.054554208730728984e-02 4.638964515348319995e-01 2.754475622150251608e-03 1.295900610828657189e-04 2.820627506288568825e-03 1.542445764754777071e-01 7.085631566909037947e-04 1.918327354483601588e-01 5.573183406207558865e-02 3.267701369683411730e-04 4.173830790701008597e-01 3.988968257865928568e-01 7.113242100343661421e-04 4.217385439998168617e-01 2.052721850107281157e-02 4.179084586126393108e-01 1.406038980604836473e-02 5.977099941810770471e-03 7.290789522437293724e-02 1.613764899616837792e-02 1.609565132522490461e-04 3.973076543404994304e-02 2.940527355892443850e-01 2.191174915546471591e-01 4.535213774252080596e-03 5.405759260461632729e-03 1.134366975225215846e-01 4.729504005738906572e-04 7.826992202252582584e-04 7.480012752792938313e-01 3.760455887610638097e-04 3.539202791552175775e-04 3.471466027461295872e-02 3.502170344525897816e-01 1.986852493882782975e-04 9.965397346107524035e-01 1.784553822362449325e-04 4.342714155642338658e-04 3.908017124679332571e-03 4.196526748471862689e-01 2.009551649781457852e-04 1.504785979351325371e-04 4.310117605794868689e-01 6.224985563187781512e-01 1.723836953471410416e-01 4.234003830697368187e-01 1.254733725913008066e-02 6.271003664710875780e-01 6.361490771953553841e-04 2.376894538951545828e-04 5.463463168300882779e-03 2.095878291037755277e-04 4.215689995231796661e-01 5.708367432181172818e-01 3.654872183074217573e-01 1.962401481852719086e-03 2.175582654909972351e-04 8.032936943553330589e-04 4.906953515520816600e-01 1.280371872279622257e-02 1.496886261654857076e-03 3.607898465105889296e-01 6.764708390960121401e-03 1.477899166429498187e-03 3.052027113248199572e-02 6.426356370533508429e-04 1.220369898745346342e-02 1.851447041017705714e-03 1.539629435750555688e-03 6.428926271920851025e-03 1.972795807680335651e-04 5.119615567920450250e-01 2.263120179232827015e-05 1.009123922639859269e-03 9.033046835447677489e-03 2.417031059597216786e-02 5.233069574335464736e-04 5.306697378834906347e-04 2.201771486442031522e-01 2.848301131355608379e-04 2.140038511947655805e-02 1.853799005153970725e-01 4.796821599928772356e-02 4.217766372519490825e-01 2.749648123176878789e-03 4.272589923272867019e-01 5.372369120595413966e-03 4.222539766308019971e-01 4.203539514869717442e-01 4.208434806536442419e-01 4.106450924864250007e-01 7.926566399409409880e-02 2.112355016935435535e-04 4.217497867727957803e-03 5.014286509865224437e-03 1.900333262804660972e-01 3.615532745470185216e-01 5.846324509707774217e-03
2.052538513248116769e-03 7.863044061862445636e-05 1.354944077256903592e-02 1.000000000000000000e+00 3.366227830180802151e-05 4.287210643073123816e-05 9.186162719191107786e-06 8.704798846217778603e-05 3.500480034855937839e-03 2.027337593915440848e-04 3.497207066318203106e-03 8.980257929166051561e-03 1.706683416611906855e-05 1.322494555061256519e-03 1.003299170066970012e-05 2.227738465011313250e-03 6.208936576530532658e-01 5.859124491840991436e-06 6.869186964291221741e-06 2.746932130540091863e-03 1.286208245417335165e-03 1.458235023307661573e-03 5.477586996958965686e-05 5.140920581229653508e-02 5.968581900582792081e-03 2.433123726758884553e-03 2.900129372502880092e-03 1.204571861502981946e-04 3.258934349386897106e-05 7.115727898627437209e-02 9.121262387220191448e-02 1.021285483256875032e-04 2.926525242249207047e-04 1.349766508038985086e-03 4.150341877285033943e-05 1.258630881636324875e-03 6.797193864751670429e-05 1.264395111403920132e-03 1.067520787382674629e-04 8.235920033689730132e-05 1.386861309441411163e-03 7.351045220429452964e-02 1.616405304610191900e-03 1.851812483735837747e-02 9.593200196989998745e-06 2.974056149431321646e-05 6.366961662516942844e-02 9.076983607447547831e-04 1.027039539779216974e-03 7.236379672142395636e-01 1.863524159613203000e-04 1.253968737200701579e-03 1.371531358052702123e-03 2.329841099568612947e-05 1.308513994927288857e-03 8.748219148453240807e-04 1.254354533689524057e-03 1.534254972636094616e-01 5.319800739793503546e-05 1.360334516246147546e-03 1.752746613017829025e-02 9.503548591687436184e-06 2.247398931506200902e-04 2.283065339040301397e-03 9.446542469228854169e-04 2.620566658440638338e-02 9.617817390580653616e-03 4.287038289454201540e-02 1.022689641464237406e-04 3.826639809088655184e-05 4.428655510229516715e-03 3.724308644608465306e-04 3.474745061336827900e-05 6.152171004721982035e-04 1.271046756327778903e-03 1.301057949728696126e-04 1.423094550887272526e-02 1.297443886481971175e-04 1.321740767295870721e-05 8.440477853356311011e-02 1.271338848595856674e-03 1.471792888913087106e-05 1.277508103683251662e-04 1.525552371442014847e-03 3.639036785410577207e-02 1.450775294064601080e-03 1.352799810577678128e-03 8.044526821915389783e-05 2.601338174725467689e-02 9.570330671076034403e-06 1.861700434807349509e-04 1.150797847059025793e-04 7.504219907924049821e-06 1.295866947824308958e-03 3.212333332510881878e-02 1.316336590243069246e-03 4.719044544910299213e-05 2.530380455062751046e-06 8.507735954964808288e-06 1.787737402229549761e-03 5.123965466445061685e-03 2.362960047947891551e-02 1.816980426416761000e-03 1.066957289252972862e-04 4.992710595443647977e-05 1.008618673499131653e-02 1.399455023649735297e-04 3.006159270153347285e-04 1.577287365531750401e-03 1.937944237908704602e-04 8.784994650914217888e-04 4.937756217136673286e-06 2.130176931388642978e-03 2.339304371403347842e-06 6.885646941820544392e-05 2.730520835977838338e-03 5.124501989399362842e-03 1.959168084061763094e-04 8.703964792060081600e-05 1.079845238842633455e-03 1.228635250638550986e-04 1.916491334662536600e-03 2.143757703103999976e-02 4.375687169702918017e-03 1.340187876209936700e-03 1.469949652602574840e-02 1.382331069008288114e-03 1.925554672647375248e-04 1.352181776509848435e-03 1.271721649658208485e-03 1.274863302514430384e-03 1.461261258884117209e-03 1.754879099098179476e-02 3.025820945705340388e-06 8.316411002444936695e-01 3.589325990007631584e-02 4.200188024397125131e-02 2.683318119565523269e-02 5.491891178270911318e-05
1.195910358006850062e-02 1.645141076528797760e-03 7.838732795893692262e-03 3.366227830180802151e-05 1.000000000000000000e+00 5.060436204091226312e-03 1.269331103003234530e-04 8.518804281687861885e-04 2.328088739332059517e-04 3.785534718342727090e-02 5.634048767392706679e-03 1.111315017828861334e-04 1.293750764323571209e-02 1.672518807462205007e-02 6.929787595598248251e-02 9.095886458293418048e-03 1.441732493376033156e-04 6.796378961457872139e-03 1.459747763169755478e-06 2.503868887344583793e-04 1.985408271977760070e-02 1.921492781873742478e-02 3.620546115296686463e-04 1.935698511442693771e-03 1.410253212021446954e-02 1.754058843520624883e-02 1.649985720909019626e-03 5.863030780552390062e-03 1.172308976838301435e-04 1.268289784731527290e-03 3.196281145967685674e-04 2.699427386541604725e-04 2.503469371106068105e-03 1.775736584119198130e-02 1.918372897475192906e-03 1.668595994321726839e-02 2.313076246800218998e-03 1.642961740940456633e-02 7.983300336670310585e-04 1.313273191290766648e-03 2.011104885408132592e-02 1.801765581815146177e-04 1.780213138140074314e-02 7.065475735865124791e-03 5.950527944707637338e-06 4.704283214341966127e-03 9.449402599354622765e-04 2.730638386123597581e-03 1.527467781488206153e-02 1.670454633887044941e-04 1.505838020487932109e-03 1.659482429434915376e-02 1.570942660645825023e-02 1.562523839909492069e-04 1.694375691544193832e-02 9.992951134006474671e-04 1.641372826144578065e-02 9.351564271723705312e-04 2.688002444705974944e-04 3.167328045938459704e-03 9.295787036032304978e-04 4.726579773928944218e-03 8.801300352261322291e-03 2.150076222530842435e-02 8.541858383681547734e-03 1.383399458628328024e-03 6.669613553616679210e-04 4.700224677643684464e-03 2.129048271511653712e-05 7.567616532643331451e-02 1.566307649510675915e-02 9.667606764905389491e-03 4.484374978160179980e-04 4.883287908617555372e-03 1.432458707301324449e-02 2.106634900578627755e-03 7.016404439890154207e-03 8.219423222658600332e-04 1.511217202286736262e-02 6.385539778802314711e-05 1.677954766668941083e-02 6.196922754230116404e-03 1.064221890972917367e-03 2.026384027486232906e-02 8.683403322718410283e-03 7.342339640526005309e-03 1.711114983418574736e-02 2.004583327163778766e-02 1.799132869930002111e-03 4.745779630681581235e-02 1.416129085842987578e-03 5.351870790441761415e-03 8.928035665098490786e-04 1.649025624720650007e-02 1.804664567355582314e-03 1.451820963906344866e-02 2.681441557009787806e-03 9.137515724731839901e-06 3.138522647621030731e-04 1.814678517738759281e-02 3.020487145677057741e-03 2.997513866284086067e-04 1.466574545406497398e-02 1.340209400202336523e-03 1.830420089920175436e-02 6.203711164493174932e-03 1.989853995719935409e-04 6.851605805381873800e-04 1.018564014239679155e-02 4.167424917010919758e-03 3.962081547348501485e-04 9.570931881940189685e-06 1.923367243697358953e-02 9.138907182352480984e-07 1.238614139981824083e-02 2.710270057794813940e-03 5.587916934536576660e-03 3.366293788545375067e-03 4.342918231244165608e-03 9.246884161465143692e-03 1.508769768285349484e-03 1.012176666063897279e-01 1.568363783628593411e-04 2.279206499339781096e-04 1.721589922714597196e-02 1.480991431331983880e-03 1.706633216484398571e-02 2.492248528436310411e-04 1.729452324254399098e-02 1.660239433655808644e-02 1.656588107821537273e-02 2.290096692470228526e-02 5.897550396808388902e-05 1.003778387972151590e-02 1.730152622462533617e-05 5.871756992737039386e-04 1.757489839409246205e-03 8.129802609150027504e-03 1.359620624598433924e-03
5.808736457101745451e-04 1.644859004917211421e-03 2.708152146825202841e-04 4.287210643073123816e-05 5.060436204091226312e-03 1.000000000000000000e+00 1.343161942890798086e-02 5.385868469601235997e-01 8.349646315354339169e-05 2.648582120556381911e-02 2.343410199675222626e-04 3.243603910655372847e-05 7.113512634355776409e-01 3.055924391131415027e-04 1.437573249558257238e-03 1.418146050234313140e-03 2.519515706496921461e-04 1.399922281844034055e-01 2.406804650909608945e-04 9.336423385436509476e-05 4.261510872998074584e-04 4.079032458460366581e-04 5.038433522108348727e-05 1.786470114882639237e-02 3.736272133216760440e-04 3.213981917993952858e-03 2.116344695755460192e-01 2.494375768742910504e-01 7.125570238482585001e-06 1.085810448834205466e-03 6.833499055267696493e-05 1.637659455093361527e-01 7.766965785998327645e-05 3.469359302184124279e-04 4.557161566821260395e-04 2.935754248403690684e-04 1.150277021765060083e-04 2.923137412226896629e-04 3.875749722614116877e-01 2.034451723472750079e-03 4.265815458460753035e-04 7.192158108028240144e-04 3.740820040871352262e-04 2.981577661409150551e-02 6.352776008621208647e-06 5.365785966301868902e-04 1.520496450745554683e-03 3.805488048012650171e-01 5.738088302303759628e-04 1.000844162795096279e-04 5.627699056509997133e-01 2.929735740008710602e-04 2.941997579795676545e-04 5.489567104660005720e-02 3.108815251606857110e-04 1.223437480862662368e-04 2.896177441088857167e-04 8.170073226445315542e-03 1.102100885877823838e-05 1.309321899582737195e-04 1.929393617938629903e-03 7.398888520978349481e-01 4.958717960776344190e-04 3.171375007477621102e-03 1.759898493858813844e-04 2.150148347998456083e-02 4.766015810977214384e-03 1.795812609790128260e-03 3.263165798063984201e-05 2.604292050544407960e-02 3.916849486161252665e-04 2.573216118167923061e-01 2.500469868436357851e-02 1.676534443529152565e-03 2.724773733340571098e-04 4.445469415454573192e-01 2.468256832428133421e-04 4.463829475455418638e-01 1.002354851416963621e-01 9.019809563983547523e-04 3.007763873890170183e-04 8.951516950772873127e-01 5.103012872488081886e-01 5.649829987389953746e-04 8.826906104539621132e-04 1.819984964966198061e-04 3.155729259205128086e-04 8.465158634800131268e-04 1.018327480428969498e-04 1.103504559566783616e-01 4.515186625628381245e-01 3.447417817707010106e-03 5.190029186938651534e-02 2.973862443865986469e-04 1.326412426314382083e-04 2.701632811104760648e-04 1.672600398129964975e-03 3.983905607680142677e-06 3.305533301603254346e-04 3.862887036353582974e-04 3.655010080096383895e-02 1.092400742786714830e-03 4.832076895080376173e-04 4.270153969036669865e-04 7.416192762987963705e-02 1.411137128590553291e-02 9.693468055003237605e-02 6.793972469858685389e-05 1.991070044712273390e-01 1.337831532891952668e-01 9.565782358075142775e-04 7.958050093996880064e-06 4.556398701401616173e-04 1.268821897753125317e-06 2.506005905881154155e-02 4.808000199894761628e-02 4.173829230976691326e-03 8.032938438870844688e-01 2.763105676466658389e-01 2.014488563105371402e-04 7.086372763636868966e-01 1.049139579717379978e-02 1.487742329903518234e-05 1.103588263797811224e-04 3.240607761355271963e-04 4.477140496680401954e-02 3.107437868453294416e-04 1.211617507698331540e-05 3.309939839696308386e-04 2.933055444224598571e-04 2.918501904835430209e-04 5.458141937974170677e-04 1.329444453368801078e-05 2.538427403899857770e-01 2.696321228943744894e-05 2.541272042532885522e-02 5.407889563503684178e-04 1.899898566827577838e-03 2.082902855293183148e-04
7.920115641199775274e-04 8.970457473301453322e-02 2.786870124173353451e-04 9.186162719191107786e-06 1.269331103003234530e-04 1.343161942890798086e-02 1.000000000000000000e+00 4.436028791328748902e-03 1.030047974892633119e-04 4.075759915488825244e-04 6.628371365534041059e-04 4.445558599790178089e-05 2.935299810817530025e-02 6.191412475792478203e-04 3.059288066522245029e-03 1.230196688713192891e-04 1.066989066332816341e-04 3.567577144827695917e-02 5.938010842795936415e-05 2.515111884244014594e-04 1.888122309173356729e-03 1.052690657492002472e-03 4.534534625381374132e-05 3.395117519540166544e-03 5.092900461096645055e-04 4.893490389603320431e-03 9.698261927354451598e-03 1.815945061255178029e-03 2.576664004400220390e-05 4.988541803447706568e-04 2.741314649502761238e-05 3.865144244680824431e-02 2.997310840093706614e-04 6.579629100019292794e-04 8.295772310226099885e-03 5.905047200275378603e-04 1.318113298399391752e-02 5.922179258907155769e-04 1.456628071407693389e-02 6.285611864129839188e-02 1.457185019862248078e-03 6.308282853715612326e-05 6.965571089478849939e-04 8.515131727413642127e-04 7.099051237555843314e-07 1.861364902802518234e-02 6.098344383911304340e-04 6.259814801473041410e-03 5.016037991666597896e-03 2.380354572002839325e-05 6.308581614965180946e-03 5.938761045341035046e-04 6.907454961270515382e-04 1.536018796488405544e-02 6.321255480831977332e-04 1.718088505441812204e-04 5.895526034994519327e-04 4.908759350988833002e-04 8.115981321935779335e-05 4.004966493500535137e-04 1.667918220081954185e-03 1.393300937627122912e-02 1.054121637342860657e-02 4.681636253870751115e-03 5.596079553974154207e-04 5.362258612242777481e-04 3.949361918319465800e-03 3.342950086041185376e-03 7.193379489810079496e-06 2.315244326488872172e-04 5.716715412594617794e-04 2.050228383957823294e-03 9.013977975567832738e-04 3.604012695603438232e-02 7.078901503705570166e-04 6.236786488981087631e-03 2.495842595944630193e-04 7.355809532677866705e-03 4.874372863296781364e-03 2.190895944031343002e-04 6.051963540757841114e-04 1.096234276104586861e-02 6.267352051721780844e-03 9.543240277111763366e-04 6.184036126289952848e-04 5.770582758094224777e-04 6.513689250973863244e-04 9.128612155432837966e-03 6.266446810222045982e-05 4.494988417156175163e-03 5.542967272142560430e-03 6.564101848082726579e-03 2.350866596239270523e-02 6.018630823399614624e-04 1.230061790798063167e-04 6.864685686787678955e-04 7.228156575707882095e-04 1.675763885961703926e-06 2.996457012891516093e-05 6.819130050789671150e-04 1.225875196070200191e-03 2.273360339144463583e-04 6.353112162431629730e-04 1.145451567783231997e-02 2.177667323024194690e-02 2.898081410648592439e-04 5.595707899638776781e-03 2.404442196654812025e-04 8.286423207261988180e-03 3.348010792694409467e-03 8.105364851490288943e-06 1.190454419365185985e-06 7.835160680594090718e-04 7.532800823419154758e-08 5.840157390637915578e-03 8.004390229606318883e-04 5.108591337208417954e-05 1.735712094443855533e-02 1.765856137376179552e-03 6.260485374635065686e-04 1.296341067821714030e-02 9.884743390496118006e-05 5.886941427288479040e-06 2.471161653761936661e-05 6.636419196817409981e-04 2.151008119591375257e-03 6.479824600321688974e-04 5.772612882615036576e-05 6.998829820969514840e-04 5.925600317414292601e-04 5.909666582016067770e-04 1.680214947360653219e-03 4.421316897192158015e-06 8.027665004385146560e-03 7.031426727975002894e-06 1.675746157760999886e-03 1.051747445247380643e-04 1.178190642428839042e-03 2.993657815437260686e-02
1.423178497971130626e-04 1.601339595234049242e-04 1.044351953207758009e-04 8.704798846217778603e-05 8.518804281687861885e-04 5.385868469601235997e-01 4.436028791328748902e-03 1.000000000000000000e+00 7.841795279839468475e-05 2.841520913961697106e-02 1.000597191657316037e-04 4.742739755275470522e-05 2.462557254132726192e-01 8.697026011541994202e-05 1.377770996040378055e-04 3.464437823672455227e-04 3.487949830935826502e-04 1.716093075411401214e-02 2.565970317126110628e-05 6.814346859116158844e-05 1.023221383620253559e-04 1.092306368945117486e-04 1.688783553440819095e-05 2.131594123261945292e-02 1.255292829724845662e-04 9.577254833268240754e-04 4.241647906727196715e-01 4.480384332079864196e-01 2.356296895261886132e-06 7.728066019325361639e-04 4.630686393942593323e-05 3.199723265828591789e-01 2.610064681964599829e-05 9.867234767806513690e-05 4.370641404158034303e-05 8.271122664284044222e-05 1.436385464543999585e-05 8.289933451040283716e-05 8.051364237519148537e-01 7.803519577962861678e-04 1.072271657567105035e-04 9.497154694116776699e-04 1.086001366678329721e-04 3.191295871997239936e-02 8.624583648780698785e-07 7.472794421047038106e-05 1.938819615817472366e-03 5.500653494767946405e-01 1.051598310374982575e-04 1.183372388518815941e-04 8.490619864256050420e-01 8.263276172172396303e-05 8.556039517988598070e-05 8.136193958984427876e-02 8.815450895398102083e-05 5.553582414278431352e-05 8.190937937153394785e-05 1.096473725858234521e-02 3.410085143422800064e-06 5.214866085556157450e-05 2.459509788619271796e-03 2.784854270269608856e-01 8.169500982049178743e-05 9.264129570265634047e-04 5.325071941647189057e-05 4.714757974267397289e-02 1.032752564614381266e-02 8.995042714537084417e-04 1.871176496016194348e-05 1.171581774260205266e-02 1.272950778939638283e-04 2.794277586963948012e-01 1.278245436313171259e-02 3.117592615239986320e-04 8.032421085780482094e-05 7.956141680007873251e-01 9.537235194804413458e-05 9.291664873551637172e-01 2.566418487819605021e-02 4.038715913399220855e-03 8.563105762252789101e-05 4.014561841898732775e-01 9.567507025726346148e-01 1.626228146094578671e-04 4.174189372031412862e-04 6.241191628051115067e-05 9.033340520871071914e-05 1.169529197865213624e-04 4.752775538309048396e-05 1.217973542472762169e-02 9.087173966271947512e-01 4.810236975426044259e-04 5.756544104695818578e-03 8.410791087877491289e-05 6.236430349757307590e-05 7.843084682434628831e-05 5.491190731201751017e-04 1.455116905456226205e-06 1.168094555928420432e-04 1.136170121296764611e-04 6.380299227593937139e-02 2.256689465969498321e-03 1.260915652555578243e-04 4.276069941202891386e-05 9.671099321626856066e-03 7.918660728177144559e-03 2.050301592327943290e-01 2.447134367455790126e-05 2.612797946722806852e-01 2.075531706849218644e-02 4.189862359933980984e-04 3.685319091004471917e-06 1.352417509349438675e-04 1.680236843978977651e-07 1.293072093874083651e-02 7.465230184645163525e-02 2.369369028810081566e-03 7.192361284488415496e-01 5.987357782164545034e-02 6.227471918054730267e-05 8.606013786032615798e-01 7.035906017550182419e-03 8.733711004567603999e-06 5.160578294098751946e-05 9.116919955511849027e-05 1.030271861639974196e-01 8.848604709112412438e-05 5.247766513172682850e-06 9.341873676913899007e-05 8.281436122359938246e-05 8.261872815142713494e-05 1.382597056918271098e-04 8.772665461247037004e-06 3.334549313921235381e-02 6.210663878122514483e-05 6.682690741085092756e-02 3.532428010725000315e-04 1.209765135138970342e-03 2.301800893944860646e-05
2.525883584008587184e-03 1.993974070524087358e-04 1.388670931509201640e-03 3.500480034855937839e-03 2.328088739332059517e-04 8.349646315354339169e-05 1.030047974892633119e-04 7.841795279839468475e-05 1.000000000000000000e+00 2.570195942645575257e-04 8.579381679097755620e-02 3.104156115705435370e-01 1.030282662976124506e-04 3.317905530925720388e-03 7.642906557092975846e-05 3.370317466822336707e-03 6.169627740125483047e-03 4.524259622642010797e-05 7.216245901858698922e-07 8.908198161590530351e-01 3.512667338770306211e-03 3.611302275754704923e-03 8.789528506683894071e-03 1.939797063470095201e-02 2.496613292797585613e-03 7.288991068029567096e-03 1.660095641582957872e-03 1.596481163758933244e-04 1.748227096564143601e-02 9.080324039788532572e-03 1.038706388914004217e-03 2.593723752115428350e-04 3.129827096951136312e-02 3.142849774982670562e-03 9.809853094688222592e-05 2.982685329637776387e-03 2.085154314388711386e-04 3.025710656467036578e-03 2.068526781499284829e-04 3.961251390239300019e-04 3.463139944162993509e-03 1.917257586287204538e-02 3.298528402966723148e-03 1.340788594307180167e-03 1.576838869623607206e-06 8.845763419061030211e-05 1.899228984738600108e-03 6.591493823244443887e-04 2.138349489533262343e-03 6.234030604754085998e-03 3.153758924776408441e-04 2.976547209297528487e-03 6.349180102789499409e-03 2.032015672324079031e-04 3.121609807960435551e-03 7.337775480499494907e-02 2.971037472749736216e-03 7.031794012622080529e-03 2.230094980401259308e-02 6.628006663331484360e-02 1.010447239991618673e-01 6.970674457000977317e-05 3.260192519338731172e-03 7.637326269826725036e-03 1.825993161023974770e-02 3.134647933421907430e-03 1.093920385123059447e-01 1.252700371788370744e-03 3.956943403743173535e-03 8.629585821485002907e-05 2.773733278436218540e-03 8.136784877547781607e-04 1.677485128702767671e-03 1.281737045673479129e-03 9.242709036648253870e-03 1.705893013788557257e-04 1.199660329728061440e-03 1.098959345047882268e-04 1.901726186531425573e-04 1.091805033318094496e-02 3.144451982320474459e-03 6.121384623014950995e-05 1.256818320948351378e-04 3.763313526101727622e-03 1.384835535073713694e-02 3.325249550024122341e-02 4.128984385481464063e-03 1.950216193100518924e-03 3.004352363157881652e-04 1.453341663016878354e-04 2.368780992363226279e-04 7.776443398686679010e-04 2.452307124270769896e-05 3.020897197454314436e-03 9.700696231370705335e-04 8.554573377742374918e-03 4.549274905932054920e-03 7.621096725402547872e-04 1.567269676578666613e-03 3.329982129085527851e-03 7.647254634012415949e-04 4.635249202382059341e-02 2.877744892994169284e-03 1.866363670093874872e-04 7.898229027348841608e-04 9.161127188046390337e-04 3.645470146524651183e-04 4.818447129975528959e-02 4.682288237315523731e-03 5.321577126650812257e-05 3.674114530805688681e-05 2.671045038538964809e-04 3.723507334098564818e-03 2.614580321270038766e-07 7.696173880005205750e-05 6.615157456448014350e-04 4.002889754388573996e-04 2.360209682128782869e-04 2.163475814081710318e-05 2.054211816814973529e-02 1.191127097424734182e-04 2.431654921269094485e-04 3.184346163173185041e-05 1.828378406029800571e-04 3.164077881683925904e-03 6.854832356162475319e-03 3.986140382378836923e-03 7.054786770091804604e-02 3.347982699199149315e-03 3.020491274129168298e-03 3.028992931162409648e-03 3.614367952561053313e-03 5.004592681369240145e-05 4.387847467403304649e-05 2.901094590812940133e-03 8.632679611579457957e-03 1.455206870998275101e-02 3.821407222427204708e-02 1.207717269282608850e-04
2.428108470089184161e-03 4.951605262696618780e-04 6.208124000857122727e-04 2.027337593915440848e-04 3.785534718342727090e-02 2.648582120556381911e-02 4.075759915488825244e-04 2.841520913961697106e-02 2.570195942645575257e-04 1.000000000000000000e+00 1.010671712009913363e-03 2.287195309685767270e-04 2.564593865603798789e-02 1.015655432910450616e-03 6.937064205118114064e-03 8.683123752229989292e-03 1.266306696285179282e-03 1.491023762561310712e-03 7.593026797216629192e-06 1.571058830030090030e-04 1.371781891527918632e-03 1.276810844868166497e-03 3.351054676179242655e-05 2.148827865845457513e-02 9.906263200340768068e-04 5.896757921742571892e-03 4.439502144646623183e-02 2.609407997092518250e-01 1.655491964037983051e-05 8.274479512446903653e-04 1.622829813346142935e-04 1.370150726389718354e-02 3.724048305399983824e-04 1.071987246476442061e-03 6.515403419469215562e-04 9.706761264935626554e-04 2.753112837891782266e-04 9.718381967302612470e-04 2.941765649094588847e-02 2.223095159021442301e-03 1.369871305012682582e-03 1.907706745060193615e-04 1.132766885382014994e-03 4.440219423979348268e-02 4.299643571596438658e-05 2.080156275557008307e-03 1.810134111529542681e-03 2.364314597375402616e-02 2.044793195564803545e-03 5.082938584312628617e-04 1.975705752779920860e-02 9.723725872293972634e-04 1.004343320255892975e-03 7.980472279434222462e-04 1.029332697974054195e-03 2.748658042590541623e-04 9.644219795994265609e-04 1.314545263676640541e-02 2.827472301297036321e-05 5.736357789292510344e-04 9.262278650733733049e-03 1.145516947117533949e-02 1.005890344828071431e-03 4.631944139450040743e-03 6.045679775167837455e-04 5.338094895416778396e-02 9.726210331328413380e-03 2.297199551158563870e-03 1.183762234575142921e-05 4.578230450857084799e-01 1.078159385266898220e-03 8.138393469536937819e-02 1.696107934571628448e-04 2.844865123549238789e-03 9.449716123039096855e-04 9.077178646354870650e-02 5.518194675075804422e-04 3.047546756322181902e-02 1.442411628955711164e-02 4.055147054581843651e-03 9.922106585178694545e-04 1.864408005879644031e-02 3.117397975742330213e-02 1.375531851103407519e-03 2.746639865321871821e-03 7.515882948013389133e-04 1.040417416284050711e-03 2.393405962578874172e-03 1.777775541582940163e-04 9.226839490912306166e-03 4.518528139821422623e-02 3.628018130404290446e-03 2.792573116081140268e-04 9.802538904421826023e-04 2.716730441122884197e-04 9.358454894961880854e-04 9.052530338440906849e-04 1.043192697874071406e-06 3.603113256925496576e-05 1.172044291639043117e-03 2.342851706301333353e-02 1.936800028713970461e-03 1.812149383310653495e-03 7.942079313833502264e-04 3.142213374346656575e-03 2.694084033009934431e-03 2.155912156575452970e-03 2.387879420236101754e-04 8.234257678405623726e-02 4.566096480785969587e-03 1.051277880581078092e-04 1.542220305525947211e-06 1.319173153567417120e-03 1.105508300918867482e-05 1.436981017000873717e-01 7.729493189157027322e-03 1.138408964385627387e-03 4.311654623854035279e-02 8.816386983924895393e-03 7.332339872745286414e-04 3.405103045722771005e-02 4.475959176992234251e-02 1.977029826636535041e-05 3.491265011233371805e-05 1.068375835680135215e-03 3.020875223226449080e-02 1.036545214277687869e-03 5.752123461695309687e-05 1.085213069241880695e-03 9.725863996957774538e-04 9.708897305188745122e-04 1.559637114445922793e-03 1.128624491189167371e-05 1.723422809473945400e-03 2.405109405854198665e-04 1.562768530614913956e-02 4.714149339734979025e-04 5.097182382336541348e-03 1.879917062393279337e-04
1.998066161168027266e-01 6.659719630401854558e-03 1.209948026920576458e-01 3.497207066318203106e-03 5.634048767392706679e-03 2.343410199675222626e-04 6.628371365534041059e-04 1.000597191657316037e-04 8.579381679097755620e-02 1.010671712009913363e-03 1.000000000000000000e+00 1.441321593253325484e-01 3.775674656890639020e-04 2.882169823373822437e-01 1.459844094583955757e-03 7.028156860725942590e-02 6.896433524707716936e-03 2.837503091953901967e-04 2.891559447501332059e-05 1.224098714586676628e-01 2.727448968169373100e-01 2.805805205567676319e-01 1.307576068224696741e-01 3.098182544997495763e-02 2.154468606798830843e-01 2.069734934834754070e-01 3.046699268882988292e-03 3.114448006607555453e-04 1.813639233790367289e-01 7.914566851995587238e-02 2.317139372841887923e-02 4.292206191411947615e-04 6.327801492398786865e-01 2.734689632353611843e-01 3.195510771681171151e-03 2.682892078127945279e-01 9.419946739398991908e-03 2.696426112005242404e-01 2.521714758380869592e-04 7.449859692747753774e-03 2.783457368875439375e-01 2.176886342485136183e-02 2.801514649417163882e-01 2.694329459670757702e-03 1.280869716709909483e-04 2.417812705577449851e-03 2.997856690650092457e-02 5.756163611217409489e-04 1.542667301595831986e-01 1.640423291133378744e-02 3.934125818271522602e-04 2.691265821700215555e-01 4.356405450018087100e-01 3.989158596740797645e-04 2.746849670966404200e-01 5.044718073121666757e-01 2.690942425046969899e-01 8.621059357935386552e-03 2.746685052084366641e-01 8.852761117712028005e-01 2.012544663026864245e-01 1.557238744618480929e-04 3.353248559525050937e-02 2.520836125699782437e-01 7.467025617568933127e-01 5.735477309624105111e-03 7.211008639492401395e-02 1.478356684194784797e-02 1.053990655880015018e-02 7.091008674692165191e-04 2.411311972442395368e-01 9.545165312277867830e-04 2.703105651426029356e-03 3.778045264097328049e-02 5.471800514012785666e-01 3.075720164629705696e-04 1.082127166114673911e-01 1.678368682133414276e-04 3.949140142976101950e-04 5.021691110503727698e-03 2.773142566644631324e-01 1.549024939194043203e-04 1.648602824809851266e-04 2.896442352031468603e-01 3.202591483710598430e-01 8.895637305365433622e-01 3.307110015112945112e-01 1.173262591064352413e-02 2.411593732175167787e-02 6.595292437358990381e-04 2.941581143464472802e-04 5.449556059515315784e-03 2.948182973131377275e-04 2.698535903179556938e-01 5.242226113937471788e-02 5.263657433278730036e-01 4.664411564295521673e-02 8.240548242674774690e-03 1.502897325849546738e-02 2.789664284615406276e-01 3.862482175135836804e-03 1.042982992234099335e-02 2.467659712740926936e-01 8.374396435366974339e-03 1.397512043025038019e-03 3.039210963791911819e-03 3.882451309989832611e-04 3.987652303517397745e-01 5.237432791968090265e-03 8.490541339307236274e-04 7.427909208078738602e-04 2.203412203938263925e-03 2.918214615741833162e-01 2.077265348187247644e-05 6.251035814293941142e-04 1.988585580764627974e-03 1.901245400105595548e-03 5.042541853160522041e-04 2.780589203379237907e-04 7.783326450812065866e-01 2.653664359180120348e-04 3.868223961145508729e-03 2.448392003593674593e-03 5.241297462148091293e-03 2.755185711544111404e-01 2.576245896164612147e-03 3.247513813358884893e-01 3.281001373663152698e-01 2.850255555471557511e-01 2.700804561101778356e-01 2.726965427155507160e-01 2.706090357322583628e-01 2.089976398402094201e-03 1.836164416217342973e-04 1.520385614809331449e-03 4.721322190402019690e-03 6.452257870043091870e-02 4.373200271855407495e-01 4.002958458558738761e-03
