1.000000000000000000e+00 2.143614175484974751e-02 1.658189782433391601e-01 1.468285571840976644e-03 1.117722076373321369e-02 1.498944447722043639e-06 2.151971074927326035e-04 1.475912840961325344e-07 2.797859130556468177e-03 2.198413212523752584e-04 2.456071750129726339e-01 5.912247945339526960e-03 9.673403947128429275e-06 4.987835575481519013e-01 4.845385404519613783e-03 9.087491588359765046e-03 3.261613924006295968e-03 1.203204510631462456e-05 6.307058673376737552e-04 1.959371705419240932e-03 5.890271102543362947e-01 6.069380875626837479e-01 3.569428577285377845e-03 4.050183002609758498e-04 2.987038127391558051e-01 5.645601056615947577e-01 4.796250219079519367e-05 1.809229299385722982e-06 1.369141241818804325e-02 2.841210390572485207e-03 6.997912557175687762e-03 1.244890681741742969e-05 8.449363737141160624e-02 4.690233155006537369e-01 1.893113923295303841e-02 4.771539801639305689e-01 8.955034060388282480e-02 4.835193614911442728e-01 1.103302938244233007e-06 1.518941369391831921e-02 5.984590691762456949e-01 6.562118409512053422e-04 4.764438378603562119e-01 1.082350422910131492e-04 3.331164945971679808e-02 1.118168628698592085e-02 1.083986269348099010e-02 2.308116821997474370e-06 6.681635644092489557e-01 8.572980012486994955e-03 5.315213128141456545e-07 4.726730275363225653e-01 4.764495679717384857e-01 5.687435362575667260e-05 5.247663083316373989e-01 4.318239088551283078e-02 4.739258451746871659e-01 1.276412215102666571e-03 1.606595853600688642e-02 2.229327216876062501e-01 2.275091475754715750e-02 1.513794062682121637e-06 1.271041764491075976e-01 5.522725527591025863e-01 2.691757893568598181e-01 4.656852399539211239e-04 4.979694064628645972e-03 2.457389394081134406e-03 3.513905378302957972e-04 4.426696538128460125e-04 3.506354045467432456e-01 6.240421733866501534e-06 1.075376867663223189e-05 1.523763757948386754e-01 4.173063696429954450e-01 8.749543115842136097e-07 1.461152069492351324e-01 5.350197176833762440e-07 2.327089814030941083e-05 1.519068041353336925e-03 4.661006110075428532e-01 1.326639939877425194e-06 3.137133399870264867e-07 4.610908482503310313e-01 2.778334035270014768e-01 3.387336511834551644e-01 4.422959298493139846e-01 4.108412955537241867e-02 3.120910488672605856e-02 1.081142897939048851e-04 6.030763089573898247e-07 1.085856070933038410e-02 2.705552307092016961e-05 4.949760097710765305e-01 3.879697081256683333e-02 4.661708012341434504e-01 2.285897111085167328e-04 4.118748647859491840e-04 1.680620206367746967e-04 4.530740248558158823e-01 1.608826043078594181e-04 2.754700389530836415e-04 8.225690190322415551e-01 4.954078880983141253e-02 1.679848811322972083e-04 1.844639640498140171e-04 1.679199607618784234e-05 5.084191850201059959e-02 3.229962584959095281e-05 7.572999465583876483e-05 5.303619929974638235e-05 2.611739085187711885e-04 5.205145423906101243e-01 2.234895742909288191e-02 2.751239056610660003e-04 4.228846451677673398e-05 1.645358503879016667e-04 3.140027158499614815e-06 1.503215796628434984e-05 3.983711934944259569e-01 1.001448694134431419e-06 8.678506054569359775e-04 3.174342422478681949e-03 5.060630345305540444e-04 5.480687787816660439e-01 4.614464942319155790e-05 4.873106136608750805e-01 2.875154324692536997e-02 5.636274995258203635e-01 4.842315388806331944e-01 4.760758312984657570e-01 5.224449052728961096e-01 7.453902107625133078e-04 1.081450489699411889e-05 8.864964329904562786e-04 1.505720132091969412e-04 5.551906992504682288e-03 2.147974973626081696e-01 3.075436410562272169e-02
2.143614175484974751e-02 1.000000000000000000e+00 2.777031213342629704e-03 1.884949099981177763e-03 7.594500317353094013e-03 5.768170958134648859e-04 3.524158881588895786e-02 3.852346816691136304e-05 8.294457181790098037e-04 9.481408266878878352e-04 1.065342586617516567e-02 1.088160062749882239e-03 2.774449713963328141e-03 3.613131648681953967e-03 1.630316308968104283e-02 1.035584061566410590e-03 4.889722303245083550e-03 8.693729508729529723e-03 1.822000128965976795e-02 8.521416984730696914e-04 1.541462429669331058e-02 8.215325891575296982e-03 2.798299940102955304e-03 7.157646689202270054e-03 3.306222007963794708e-03 7.140020291097826100e-02 8.782399874583413915e-04 1.629451082422000399e-04 6.002649254645471034e-03 1.239100343012429495e-02 3.595671048044367900e-03 6.940667828496577306e-04 4.917979949697867496e-03 3.157488620467719699e-03 2.641076744784384145e-01 3.167872666942794790e-03 1.342487388016945782e-01 3.335184987356274583e-03 1.404780859650351450e-04 1.617103080995607456e-01 1.220328786161143861e-02 1.440888403070885240e-03 4.300213010501454519e-03 1.392013171366409232e-03 3.429829566434532129e-02 1.813963565018783253e-01 1.722135774805516259e-02 2.228149361274210758e-04 5.239515046037751533e-02 1.021374885397555426e-03 1.021152806991380401e-04 3.167953262781303490e-03 4.621516069717321318e-03 1.251444621703452168e-03 4.015346545856198282e-03 9.378666093812638993e-03 3.123973896768394726e-03 1.193414435987204085e-02 8.876949372044487530e-03 9.113522170440393338e-03 1.416828732198347277e-02 7.182849528664751997e-04 1.990203476142328454e-02 6.407704667988282921e-02 7.358143429420009249e-03 1.931950414377118109e-03 6.310667428437569115e-03 2.657395023458557909e-03 3.486717993728764061e-03 1.733071464172258446e-03 3.358143616861710649e-03 2.150153129715581617e-04 7.048092586405482491e-04 3.717208984869069810e-01 4.292072894867888198e-03 1.495673033661212045e-04 3.115425083830532151e-03 7.287468813344424976e-05 3.529602873227818786e-03 1.662736216149582986e-03 3.268136872476870743e-03 4.825553655958249527e-04 6.553488932562175702e-05 8.627074057390079001e-03 5.661679463577160357e-03 6.716731958144654853e-03 3.946024689565101433e-03 1.332878119089558888e-02 1.649755401254879295e-03 1.418628209328338594e-02 9.293159673832640457e-05 8.528019649045064099e-02 3.587909799452513541e-03 3.637484379344809761e-03 4.117139238730790039e-03 4.744457712305242235e-03 9.567919943159976150e-04 1.106700272362421203e-03 3.971416216386987395e-04 3.834652667041085587e-03 1.284385346668355131e-03 8.913924254598037467e-04 1.115125938205415237e-02 3.269531655063476205e-01 1.304179518081574618e-02 2.017393284958829240e-03 4.162202199505080254e-04 2.587163964223306370e-02 8.296754633622813657e-04 1.319577431738079565e-02 1.333949630141478566e-03 1.387423949718377767e-03 5.327291556179005252e-03 6.608409306113359472e-03 1.178760029336484161e-02 5.653277287509994500e-04 9.291844912680941298e-04 5.988866811801109866e-04 2.043220940195563003e-03 6.058336781322859813e-03 2.674555280637319491e-04 6.058937233118925122e-04 5.684231133857538861e-04 5.609775922530502515e-03 4.962937306952806653e-03 2.542404330200159811e-04 3.791126800722052163e-03 4.145912462223629892e-03 5.293498397774336686e-03 3.238486110023651270e-03 3.229597190305944030e-03 1.389841929438037638e-02 1.404947685306192576e-03 4.468431177889635453e-03 4.750067906690826004e-04 2.039920340368885608e-03 1.478034372076080698e-03 9.167398674667790598e-03 3.226880856370705764e-01
1.658189782433391601e-01 2.777031213342629704e-03 1.000000000000000000e+00 4.431524292850290078e-03 3.608346390962986934e-03 1.533580343727301318e-07 1.967447706823787531e-05 1.630437064168316694e-08 4.504886973983043895e-04 2.614181240367739379e-05 8.373474344332829111e-02 3.933747443424957801e-03 1.032086035789240196e-06 2.906932677849414781e-01 8.136052338453795977e-04 1.293326123258874919e-03 2.616606752794692955e-03 1.745515919403457988e-06 1.984018258992776245e-05 2.381328846412670360e-04 2.425048265150731575e-01 2.378680322404124470e-01 5.245820489532386846e-03 1.080442916665809536e-04 8.298456187451300758e-01 9.891031655428654534e-02 5.973750635332422375e-06 2.227254001435901892e-07 9.279669611121995829e-03 1.007458788176598605e-02 4.873985119615521083e-02 7.220451570541354027e-07 3.347215031025882470e-02 2.758320708501342255e-01 1.227684962314864667e-03 2.687257346422100568e-01 1.566953096666083220e-02 2.758127997491041650e-01 1.171507729337051251e-07 2.427144281827716982e-03 2.576901179912979289e-01 1.524058880195479880e-03 4.297651541875922021e-01 1.484334778973193839e-05 8.520342366510093302e-04 2.198413412277488814e-03 3.686148691668404698e-02 6.748285020704252117e-07 1.316404311296343332e-01 1.217969648147527312e-02 7.893409908699810457e-08 2.699064646842073700e-01 3.323055668865980694e-01 2.728357143192122731e-05 2.798278221148000067e-01 1.978877012675082925e-02 2.760508440804329000e-01 4.987292338504946887e-04 1.649635943053576193e-02 1.078924392286384898e-01 3.474507078665946096e-03 1.293788199420694238e-07 7.258467419018343678e-03 1.293956048457002295e-01 2.724068795039053525e-01 7.871875999970851206e-05 7.915206563242982787e-04 5.417030187562905941e-03 3.795975662816472975e-04 2.871814482235700969e-05 7.421848414797119764e-01 5.235927234386131648e-07 3.239825236164826627e-06 1.853970431381517930e-02 2.574472632471535016e-01 9.787067592017985616e-08 9.569654472961828251e-01 7.980518620350462071e-08 1.462116430012178467e-06 5.063011473191919099e-04 2.886428601239104941e-01 1.115639690283320335e-07 3.492980818363360045e-08 2.554210705421770533e-01 2.643123409628952425e-01 1.481392117071217984e-01 3.146088646449067827e-01 1.898045835230970004e-03 4.484426243163676662e-01 7.508882738302384907e-06 8.832631240104920243e-08 3.180995769739478583e-04 1.428874100645165573e-06 2.722384450689702140e-01 2.446513481269733392e-01 3.066170110338726773e-01 3.849971630957561798e-05 7.798097997211072760e-04 8.245237670909202367e-05 4.735356390647142422e-01 2.089882292091020687e-04 6.523586123679834333e-05 2.414592077174984586e-01 2.717345363129078806e-03 1.179971624628574120e-05 5.330624848252817549e-04 4.724051709551996401e-06 1.492272905992478305e-02 4.968064906355964207e-06 5.149614139704182898e-06 3.527709088396678832e-04 3.579217038202006109e-04 4.601443206580407841e-01 2.808828199561420858e-04 2.333058148231186422e-05 9.976468208214974234e-05 1.042139277102015898e-03 2.625367093856098899e-07 7.883768487938845122e-07 2.166883355903649611e-01 1.043097623051093633e-07 1.646901068281103522e-03 2.128203896192537026e-01 7.664352957120879224e-03 2.798269713718858354e-01 1.023257056774360825e-05 3.087665992961107220e-01 1.767563706278549307e-02 2.875678596088732664e-01 2.714841854559403300e-01 2.798972699613511694e-01 2.273614043339820534e-01 3.430599660364012926e-02 9.274592965412795258e-07 1.111716301038150577e-03 5.308693105972251065e-05 1.898508173361018389e-02 1.213320620865992183e-01 6.720304077630846924e-03
1.468285571840976644e-03 1.884949099981177763e-03 4.431524292850290078e-03 1.000000000000000000e+00 3.209775714182453896e-05 7.509354571542438315e-06 9.452437651930927973e-05 3.056721721320739415e-06 3.614274178792531347e-03 1.892453356493798669e-04 3.836209483179071986e-03 2.528604570881248792e-02 1.321570699970868031e-05 2.586518721170368322e-04 2.959309663071330116e-05 4.807832317562161953e-04 4.120472362163359326e-01 6.699808291197631744e-06 3.641145375696460957e-04 9.488652083821186517e-04 4.441997562341875152e-04 4.177514789957707331e-04 9.317053968963958060e-05 1.039745201513180180e-02 1.798887435599985218e-03 2.870923767953783082e-03 3.609680596781613153e-04 1.102315528198226056e-05 6.125655416521117542e-04 8.145303466532040348e-02 1.648998320933331707e-01 3.412146892616439248e-05 5.358270817398606530e-04 1.965534164830828304e-04 2.739966315715020029e-04 1.975944912243246640e-04 6.154581385243092532e-04 2.011351129892284518e-04 9.723313980631218307e-06 7.500666945508759845e-04 3.877642556544700020e-04 8.230738525211526990e-02 4.222090596187368094e-04 1.117615767752451212e-03 6.170221135370793173e-04 3.150006444018901516e-04 8.696087435473526250e-02 7.841391438492104787e-05 9.731241174911374947e-04 3.904306522496587828e-01 9.970756836965048373e-06 1.870607965147770015e-04 3.952581450102347796e-04 7.614864806954441633e-05 2.316954081692218883e-04 5.303785879798938660e-03 1.966479058080206478e-04 9.219537082184758869e-02 3.260139923657802592e-04 4.769622652403427560e-03 1.903084003028042079e-02 4.306832263801903703e-06 3.309802055081950212e-04 2.287058915922099683e-03 5.712718051057973914e-04 9.165711881914692313e-03 1.184792454563384119e-02 4.024538022381446770e-03 2.773838394320867016e-03 9.457226032743169179e-05 1.427965160985190029e-03 3.743265801780639780e-05 5.342684590936633011e-05 3.803972162337480780e-03 3.530073610961328295e-04 1.064327816278313067e-05 3.750064603068641901e-03 9.904679159251583722e-06 1.798431419894740716e-05 7.887770237105598548e-02 2.116700735972344379e-04 3.488748344703992988e-06 5.677696190615959628e-06 3.245577325631385712e-04 1.444409268815230116e-02 1.752665395584442412e-03 2.493853582208231472e-04 1.324312997008404724e-04 3.075057469485010728e-03 1.339342547619098056e-05 1.152523038637693146e-05 5.680490260339330884e-04 3.432497335358381260e-06 2.111457695843574887e-04 1.566437476267228818e-02 4.691166569295465130e-04 2.148977711344166156e-05 2.995686460008561633e-04 2.419926159681281508e-05 5.524568600066176753e-04 1.414634851532182991e-03 1.047111355248020285e-02 6.756614337496645844e-04 5.033016934768085818e-04 8.650724721652222724e-05 3.900231438009708028e-03 7.015643542114953198e-05 4.263200575834509391e-03 2.164395241946125408e-04 1.613959190845651770e-04 2.598699994336952290e-04 2.931597358728541642e-04 7.130433271276585220e-04 6.632923445747152284e-04 1.541806635012790835e-04 7.035315324419248294e-04 2.863147971453464027e-03 2.496126106390688862e-05 1.935153868767229722e-05 9.785367675374837763e-04 1.218387890456759261e-05 3.337104660482587701e-04 8.504619604565385321e-03 7.215098797347593851e-03 2.551951415241596318e-04 1.367239899187462030e-03 3.040826105966229660e-04 5.372429330503264260e-03 2.782835292499768434e-04 2.008547244043980241e-04 2.085805358601636812e-04 3.141732585994336984e-04 2.413122576417548945e-02 3.138906512390323834e-06 4.941072966685806089e-01 1.465051098783293551e-02 2.441991743337281959e-02 1.920648858084807870e-02 8.597610827714887837e-04
1.117722076373321369e-02 7.594500317353094013e-03 3.608346390962986934e-03 3.209775714182453896e-05 1.000000000000000000e+00 5.481786659547627661e-04 8.505175720529240891e-04 5.071281039606746370e-05 8.070634941639859977e-04 9.644280320445518945e-03 1.287753820719881107e-02 7.848600343141789570e-04 2.557726914316799539e-03 1.508622282506724699e-02 1.204755808325098237e-01 3.391058123809543527e-03 3.838943472307444500e-04 4.008181539985263518e-03 5.169285559412299495e-05 5.837816159068105921e-04 2.712089040101476473e-02 2.138982398248181344e-02 8.396551512500080930e-03 2.005497315816714109e-03 9.015380209651991869e-03 4.544262724490039096e-02 9.132733883706334321e-04 5.652793377657585249e-04 1.297001891655475249e-03 4.898660808312539292e-03 3.910420110541098582e-04 1.881506569641465691e-04 8.229498043766585863e-03 1.476771139940734681e-02 1.202580560855760067e-02 1.484707941104622050e-02 3.452633128777253535e-02 1.494197581599642811e-02 1.306875468441909597e-04 2.924489502583568247e-03 2.618571324507646542e-02 6.684153319553809381e-04 1.311343402953617232e-02 3.774356531113610101e-03 1.174054993841430056e-03 3.519114746890412981e-02 4.347378507377337026e-03 2.947342884510507520e-04 1.868384526523830108e-02 1.351428463931739363e-05 1.420045310976337442e-04 1.454547687845077208e-02 1.359678926576967685e-02 6.581135139755128587e-04 1.636215722613561588e-02 4.786999879431041993e-03 1.472312667253376436e-02 8.615116353187515178e-04 1.909561097131070488e-03 7.819892039953221449e-03 2.380629219760435102e-03 5.619387240585808864e-04 4.222772691524997318e-02 5.183090711365967440e-02 1.133016213581973693e-02 1.790380325331144456e-03 1.708791127498928818e-03 3.356332558519564864e-03 6.448090434730231269e-04 2.446045009123340441e-02 9.629897401812057695e-03 1.723333153449910183e-03 1.513515576506496403e-03 1.309268272664590796e-02 1.341299848573149732e-02 2.040044917960699125e-04 4.343311160296579702e-03 9.677755034380927375e-05 3.905869648899812970e-03 9.209347015185890574e-05 1.511799233155565469e-02 7.536415338638672743e-04 9.126807919129567288e-05 3.080930722787486586e-02 2.127959149005106011e-03 9.056731892200792569e-03 1.757970748105786712e-02 6.494416080971421312e-02 1.991952482563516015e-03 2.474019287423735378e-02 1.274300302652123381e-04 1.228354080194065182e-02 9.934376894816772732e-04 1.566879384369326139e-02 5.011987679543736252e-03 1.410713784747519642e-02 7.227309125177024465e-03 2.319087485295692633e-04 4.308664150690451680e-03 1.349923676759194960e-02 1.270566420796889187e-03 1.086461377622753317e-03 1.875343084685660716e-02 6.213407035285796638e-03 1.462637503179720598e-02 6.405311644493319294e-03 2.930769660190468435e-04 7.072773288824973567e-03 3.275933099968336530e-03 2.073299960847234912e-03 2.703561255246565579e-04 1.192192290582028179e-03 1.661584341969788228e-02 2.078121341633478933e-04 6.411298915395912019e-03 9.204238788125089499e-04 1.864257890322279466e-03 4.384976028023863351e-04 1.149175229333301807e-03 1.278002202033501691e-02 1.531662868071781490e-04 1.231181828285791632e-02 3.584478715195628623e-04 2.431623714527503949e-03 1.810197069455235508e-02 2.986912607444750737e-04 1.634126396954511257e-02 1.033962372544933736e-03 1.598938181922325910e-02 1.467053280200432061e-02 1.516866873348337794e-02 4.369309359920299507e-02 5.658926285353529104e-04 5.630248894710047393e-03 3.234762361793159363e-05 5.907063732905495999e-04 1.210136403729980764e-03 5.224733632697451356e-03 2.275430237430007413e-02
1.498944447722043639e-06 5.768170958134648859e-04 1.533580343727301318e-07 7.509354571542438315e-06 5.481786659547627661e-04 1.000000000000000000e+00 2.280556556110256011e-02 6.686260615587700240e-01 1.830375333320734808e-04 4.602706372340573809e-02 6.163572728043382398e-06 8.580301407386882505e-05 8.203099012728010120e-01 2.318912264611817467e-07 4.910382504615721198e-04 3.502373697027132821e-05 1.394180873032082680e-04 2.461468044670462874e-01 7.563592405954798047e-04 8.850227971455272243e-05 5.750857598895766772e-07 5.014873532887625903e-07 1.321891396649692101e-05 6.959875666744397282e-02 2.083164807667279686e-07 8.106304647090223304e-05 3.505541801878451769e-01 5.341642591926167860e-01 3.069645379046713636e-06 3.135127210006058473e-04 8.246355097138137946e-07 3.257561361777628894e-01 1.571535947374484242e-06 1.931364161734986751e-07 2.329031368983717782e-04 1.958198490726623482e-07 1.665439412849853822e-05 1.952145488581946639e-07 5.892570243985610912e-01 8.486220529688402996e-04 5.772405107676726799e-07 7.363486314562673251e-04 2.332950076038567740e-07 1.125187006932465705e-01 2.745808169548188545e-05 7.341811322502352685e-04 6.184366702057990470e-04 5.326549697632972924e-01 1.803317974663641778e-06 3.169926003975219224e-07 7.147390541126591446e-01 1.900042588512427223e-07 2.880719103857449499e-07 1.083772077548622870e-01 2.364339462116931748e-07 5.321761872566032172e-05 1.891045408582387933e-07 9.813927830198630395e-03 1.999903071176283575e-06 6.719375740355238073e-06 2.139127233079090099e-03 8.124870101831399571e-01 9.990860061513294547e-06 5.815526596963637845e-05 5.776405226458636982e-07 4.132126120046265838e-02 1.081163341698898259e-02 1.729055179363253917e-04 7.869475862849157699e-04 1.986137921778398374e-02 2.206132257203210408e-07 3.999560615566081778e-01 8.874122900379566303e-02 3.865775433500729242e-04 3.997858792600835726e-07 6.888060934236579502e-01 1.627108316655661466e-07 6.120359127202890104e-01 1.812706470983023177e-01 8.945183759052913403e-04 2.144701179295573175e-07 9.222629072743263601e-01 6.818845488409230882e-01 1.406159428332750517e-06 3.161770475966194493e-06 1.153995917414949578e-06 2.856681796862380904e-07 6.729360071327950151e-05 4.109613753975165130e-07 1.394692713316291188e-01 6.545257868735607776e-01 2.709462040085080375e-03 3.589364506321130605e-02 2.077534788375177574e-07 6.283521154770494134e-07 3.213526028408362837e-07 3.050140845800031479e-04 7.075174006682874129e-06 5.697134229797534482e-04 2.368415697801689828e-07 4.481890443040476013e-02 6.606459933158599293e-03 9.305385385257080973e-07 9.126147300895964321e-05 4.194320451609577505e-02 1.438360497468861056e-02 2.381272458126743319e-01 5.366916168792010972e-05 3.118139635362424111e-01 1.758475613440264318e-01 9.296056736300942116e-04 2.965258080509374254e-04 4.139996653996997373e-07 7.953275100721808057e-06 7.816465834071845142e-02 6.134560816017264884e-02 2.905221981281790565e-03 8.602930134658967054e-01 3.883467003489148861e-01 9.400517346527733991e-07 8.364972038421392142e-01 2.495446395547943914e-03 1.845319297122563815e-07 3.206622988881242798e-05 2.872884803312363820e-07 5.309957545983351457e-02 2.410458413575865580e-07 2.979342768151506379e-06 2.935085819992992163e-07 1.906455960928221739e-07 2.050019038886110852e-07 1.426472758062975933e-06 1.332975399829555694e-06 3.187805831588866323e-01 7.245796124722304024e-06 6.499778585131844866e-02 3.373641919975568142e-05 3.743450151963516179e-05 1.441401815289385677e-04
2.151971074927326035e-04 3.524158881588895786e-02 1.967447706823787531e-05 9.452437651930927973e-05 8.505175720529240891e-04 2.280556556110256011e-02 1.000000000000000000e+00 6.801706753813137156e-03 2.116295275666676360e-03 6.912322882159506292e-03 6.746909094022832207e-04 5.512180687321725347e-04 4.650447347275088461e-02 3.193910755677847283e-05 2.080312322126823873e-03 2.153509608719864931e-05 6.657443475379724819e-04 9.302257086212237236e-02 2.612771090176359279e-03 3.139476363248286904e-03 9.542299864832109698e-05 6.882637490784499780e-05 2.891843280336860991e-04 2.368640011087452465e-02 2.489801140946651238e-05 2.652434623571278769e-03 2.898969732810043748e-02 9.733969283483991791e-03 1.755102870242444108e-04 7.274863956819116679e-04 2.356336233072936899e-05 7.071484209797315734e-02 3.441530034849901113e-04 2.577892326537031413e-05 2.709729237024199010e-03 2.544986785468907287e-05 3.463852324794255196e-03 2.643595131297458618e-05 2.588990336900055464e-02 4.727685697058168351e-02 9.798815222312547331e-05 1.646519544182949992e-04 3.459442740924443182e-05 1.688451347907499178e-02 1.840895446540657639e-04 3.060460170301469371e-02 2.457426263428600082e-03 1.524918592084112054e-02 4.068953849927379389e-04 2.075074977966821885e-05 1.025442881460722662e-02 2.538272306652700750e-05 4.571511870141700066e-05 4.907915257851750562e-02 3.356618036718649485e-05 6.059300090912782613e-04 2.487088151244212328e-05 4.435410823822302784e-03 3.983518204299527294e-04 3.201853233634812941e-04 1.677592487108197847e-02 2.108655896433914156e-02 6.361931006519569963e-04 1.813265432240747637e-03 8.836410251661459196e-05 3.309077415569331663e-03 2.640371629425273745e-02 3.165327408049632175e-03 8.635513559631148323e-04 2.203500680688323145e-03 2.419122328775458441e-05 4.984876418831624828e-03 7.163112341488685544e-03 4.390240696288479072e-02 8.076261530141428150e-05 1.193649038710202157e-02 2.289720867076111186e-05 1.104613683065110673e-02 1.030512867158497534e-02 1.916100452227649867e-03 2.872928433221402222e-05 1.587456929594197388e-02 9.992882030257903628e-03 1.041649048321481325e-04 1.814503265581710403e-04 2.207849615754973603e-04 3.706457942304859979e-05 2.109565595325296750e-03 3.737210051468366738e-05 2.131101959876594704e-02 9.690459888352164625e-03 1.095576905843529888e-02 4.013614353756127240e-02 2.889226592407447195e-05 6.971307129521226202e-05 4.841390112547174618e-05 1.274824409242875838e-03 3.349621908392439530e-05 3.465993530296075610e-04 3.017558277495705063e-05 1.143928479586943381e-02 5.593508675852358093e-03 8.451871940082708308e-05 7.243748516645101207e-03 2.347873137890682180e-02 2.255740054711337025e-03 2.590583846674029272e-02 3.711227570447698295e-03 1.954246770352983595e-02 9.995030544024513172e-03 2.485683414393854550e-04 2.267956221136576398e-04 4.885170357638539537e-05 3.468670910886365499e-05 4.251508080808697604e-02 8.372840120205192471e-03 6.160395174490638235e-04 2.736165739717907885e-02 1.104381556036251009e-02 1.416467397912302747e-04 1.802111490263160268e-02 2.087568098435415838e-04 7.515272895105945506e-06 6.850057862622328168e-05 3.969916589761843782e-05 1.032729785303620682e-02 3.338996424313375207e-05 1.279545786978066903e-04 4.601250816121722645e-05 2.542318367867435198e-05 2.701492221588699185e-05 1.598791534386894667e-04 1.941703913756180706e-05 2.301729398836216411e-02 3.728155959682950463e-05 1.004946023614431382e-02 7.794110381065767952e-05 3.880977063190441676e-04 1.958000258048502376e-02
1.475912840961325344e-07 3.852346816691136304e-05 1.630437064168316694e-08 3.056721721320739415e-06 5.071281039606746370e-05 6.686260615587700240e-01 6.801706753813137156e-03 1.000000000000000000e+00 1.054871453692594375e-04 3.134707207772646081e-02 9.141871437988075712e-07 5.154564957653744514e-05 3.727103245459137404e-01 1.946144016564598749e-08 3.913965085571283664e-05 5.425151222983579360e-06 6.356379192031926602e-05 5.352789271522682274e-02 1.061831438784936423e-04 3.811099494840370071e-05 3.726855948185603607e-08 3.822565022446951656e-08 1.565345969138643478e-06 4.754358958488513753e-02 1.946854007124125065e-08 1.046819947182091414e-05 4.007466649726401653e-01 6.355005592691386207e-01 4.269539622188024479e-07 6.963896190018814937e-05 1.229256601502004177e-07 3.872112159839138923e-01 2.049907351149035702e-07 1.554301421105160630e-08 1.360251470989895743e-05 1.575957808265051168e-08 8.920882301726365126e-07 1.548137032592403764e-08 8.238124699586766297e-01 1.547319413470912527e-04 3.890499507433844871e-08 3.481940531700863017e-04 1.932243611405192682e-08 8.506648108968475896e-02 2.288258374977559621e-06 7.120377038144512180e-05 2.157111396737893482e-04 6.189295674089454469e-01 1.229282001063285603e-07 9.572691131046011642e-08 8.731936666376818312e-01 1.512390955821781150e-08 2.608139418057103983e-08 7.810655772464854263e-02 1.886442286339769483e-08 1.260400070236898973e-05 1.523787718233589659e-08 5.417269824642881489e-03 2.157783862102524361e-07 1.159121633639537894e-06 1.158428179979006283e-03 4.524504530550402803e-01 8.405506180234905111e-07 6.888781603213446671e-06 5.379392830669299672e-08 3.754467900602056346e-02 9.316792634726792782e-03 4.367985984634257764e-05 2.562308817521152023e-04 7.649824588184419953e-03 2.045602676969823667e-08 3.835325286596679151e-01 4.904912352085395721e-02 4.742547341806435429e-05 3.957955189243081646e-08 8.734232546742074499e-01 1.521510494344544775e-08 9.243596577243996526e-01 5.906390345035934797e-02 9.702883504983718941e-04 1.783264810982610523e-08 5.613234117894547737e-01 9.716376297411200014e-01 1.185211585128238130e-07 6.158209684242376516e-07 1.462139623276622112e-07 2.400905065079301529e-08 6.579899356175057237e-06 4.598624760509617885e-08 2.255731894601713944e-02 9.296851084085121508e-01 3.673408078136138695e-04 6.447096518977894763e-03 1.630887101245202214e-08 6.992916720495320125e-08 2.846310711851787158e-08 7.804191416446432225e-05 1.244297300754247097e-06 1.884590202069346830e-04 1.994677576312427957e-08 3.564571823621053709e-02 5.557755115244914466e-03 7.864978986921778082e-08 4.787255024984876763e-06 6.811326198974229813e-03 5.294303754176157492e-03 2.662869267794939487e-01 9.266469313817287786e-06 2.890157265178031065e-01 4.348801749763792079e-02 2.169216909604729118e-04 8.120136673674234419e-05 3.585648721205655122e-08 9.624279686986189149e-07 2.804974904650784501e-02 5.000238634756202366e-02 9.761261773989227120e-04 7.544077268819127102e-01 1.489862713503360969e-01 1.096254170224413516e-07 8.797609313887632121e-01 8.865165904386608075e-04 2.627539162500019510e-08 3.219852044463855544e-06 2.235819164480105385e-08 6.916388001533795016e-02 1.998118794540415961e-08 5.677117136263219025e-07 2.373878610176630655e-08 1.516093816687196842e-08 1.675826533327093514e-08 1.018267148314996574e-07 1.760815194833214237e-07 7.038573751962545755e-02 3.705736359556497486e-06 6.909045206110293880e-02 7.119016396595597695e-06 9.826325353722074632e-06 7.667000160605256051e-06
2.797859130556468177e-03 8.294457181790098037e-04 4.504886973983043895e-04 3.614274178792531347e-03 8.070634941639859977e-04 1.830375333320734808e-04 2.116295275666676360e-03 1.054871453692594375e-04 1.000000000000000000e+00 1.418270721096967198e-03 4.553079154372334514e-02 1.873493307673513020e-01 4.514632560036192744e-04 1.106451567015613114e-03 5.051232920003164047e-04 1.016346679285890561e-03 8.194885727251856669e-03 3.174960563734517617e-04 9.428946458497105740e-05 6.372908491734994296e-01 1.681807088748317512e-03 1.810883396462568181e-03 9.465758091830870496e-03 2.053772798576657815e-02 5.964961029733598357e-04 1.557141105631548728e-02 4.734198376552816931e-03 3.319066703342422463e-04 1.763614721265055127e-02 8.341991691731175801e-03 9.410053279700802053e-04 1.792846364016132191e-03 1.148671249739036289e-02 7.267989180476761447e-04 9.972598851831365480e-04 7.254759013767133431e-04 3.057817269758938278e-03 7.186329849572123353e-04 4.663328592841520454e-04 8.016886664703442439e-03 1.425891987847834660e-03 1.798049447802021333e-02 8.167496499561584158e-04 4.127090335666962033e-03 2.809148354360306858e-04 9.372841363064852299e-04 9.490029315244003297e-03 9.493386066540458832e-04 2.381686088316776247e-03 2.071439138910544098e-03 4.011899475652632168e-04 6.947165603392050021e-04 2.191455481662521639e-03 2.380992353885925082e-03 8.517965642277998319e-04 9.586222911332373253e-02 7.325896794528581960e-04 6.378263390423565340e-03 1.758285096185792720e-02 4.749272365229766091e-02 1.465063030525030063e-01 2.273709870250067706e-04 1.243392957162953345e-02 1.013460016801469646e-02 4.475145768435843420e-03 6.582020236447165724e-03 1.801587918238735098e-01 4.335840034222010302e-03 2.661383581948039215e-02 1.009719718808464641e-03 6.224173098447650801e-04 9.225073615008091412e-04 6.773542961964755700e-03 1.484958327026961525e-02 3.913476896706521470e-03 2.931598412033736985e-04 3.627912945478599014e-04 2.194871437480332599e-04 1.065282537911651714e-03 2.053204614574565684e-02 8.801692029608128515e-04 1.825135777318767486e-04 1.791702455079376632e-04 1.521583763055082191e-03 1.164798553426617256e-02 1.840656088303262508e-02 1.365212369769304565e-03 1.422906813276754098e-02 2.819173741743575862e-04 1.122382651983948060e-03 3.321201121768075411e-04 1.351874085293698624e-02 2.393624619378573941e-04 7.717144430208817572e-04 7.670288727035415961e-04 3.108664712929392303e-03 1.471154356139160822e-03 6.330629787134457384e-03 1.437376914835176989e-02 7.583997456371109613e-04 4.105595242213157595e-03 3.101774167903867396e-02 1.429785912475896315e-03 1.478436301813566400e-03 1.912784914536753891e-03 2.696704015085084945e-03 2.294098871689162749e-03 9.952842489118923774e-02 6.484066444111430058e-03 3.749972886244481952e-04 1.829663676660223928e-04 1.121971021026096395e-02 1.261124314332933132e-03 1.859867885231385935e-04 1.610961928295808008e-03 3.309647388806169314e-03 2.023651174827916042e-03 5.066117480518513841e-04 2.135179360876593815e-04 1.280980442286800206e-02 2.490217315060295100e-04 2.826717000960146534e-04 1.043815838601559038e-04 6.361882962688953638e-04 9.135032117580097529e-04 1.009161407808498861e-02 1.324267851615677782e-03 7.251394646914667563e-02 1.143422816025614760e-03 7.069147946452246237e-04 7.954249445524695303e-04 1.753721817261206378e-03 1.730691647992039931e-04 2.595616842980157167e-04 1.626131288645177916e-03 1.476800337223061269e-02 1.291128091171166170e-02 4.457456323779197815e-02 1.828053364326608869e-03
2.198413212523752584e-04 9.481408266878878352e-04 2.614181240367739379e-05 1.892453356493798669e-04 9.644280320445518945e-03 4.602706372340573809e-02 6.912322882159506292e-03 3.134707207772646081e-02 1.418270721096967198e-03 1.000000000000000000e+00 3.174907656065234073e-04 1.804390415238469160e-03 6.154150480898903236e-02 2.794875111067538328e-05 1.131880913401049973e-02 1.775851650870634247e-03 5.841487353216023512e-03 1.561172968809486881e-02 2.040550733340778752e-04 3.774146703627625490e-04 5.961780089883430796e-05 4.684184087325337265e-05 6.650154060737785270e-05 1.147718045647482948e-01 3.236944149309598249e-05 1.675037292001970227e-03 1.416788971766859695e-01 1.981076355513065324e-01 8.896706857262338638e-05 2.701700688729608522e-03 7.339917790997477697e-05 4.954576031583664275e-02 2.043460995998491454e-04 2.196359208145239145e-05 8.836708405669452867e-04 2.225978564651103501e-05 3.194671234528229792e-04 2.239403642558922885e-05 5.429258857989777143e-02 1.959630889938714267e-03 5.737632634315460153e-05 1.238462802384938726e-03 2.593416703229304256e-05 1.413845282427032557e-01 7.805856249582683853e-04 1.752449452784938383e-02 8.423491324797699117e-03 6.337407370930428496e-02 2.936560442623582052e-04 3.396170905713992959e-05 3.135082231781258222e-02 2.148197833345490452e-05 3.658851006822609608e-05 1.070179131273931404e-02 2.851159863180712130e-05 8.646317302066243698e-04 2.208698290651694851e-05 2.823416904651613810e-02 3.978984601339198622e-05 4.489991727804252229e-04 2.165276514924024953e-02 2.414565181221454623e-02 5.823189566533808247e-04 1.017701430827343398e-03 5.096282969402807884e-05 1.283979068988606032e-01 4.284564619839895810e-02 7.972281598013703993e-03 9.900938244109135002e-04 4.666316011647819728e-01 3.176259805416459345e-05 1.169337438113087907e-01 4.389920808048950948e-03 4.312999266170805535e-03 4.613900107884048093e-05 8.799096344545148662e-02 2.358652059932629330e-05 5.856723399611556136e-02 2.598674135178456399e-02 8.059990498500358563e-03 2.458742077448940931e-05 3.452029944930526395e-02 3.983625624748845379e-02 6.607367039471814818e-05 3.643362035355410039e-04 1.114959888939456146e-04 3.252491972162328490e-05 3.245286884979851991e-03 5.033798817618739856e-05 2.278073188290844625e-02 5.477363596659549222e-02 7.613724063340973625e-03 2.725622878932892641e-03 2.353308912747673735e-05 1.987424694187569737e-04 4.214692416410648095e-05 2.208055194466755633e-03 1.440661115225448434e-05 4.004459489404827571e-04 2.807862147476748613e-05 8.136144991753077593e-02 1.803841196382251905e-02 1.134536820847180383e-04 7.757971391973857676e-04 5.925197161080646320e-03 3.440729128898235845e-02 1.806051754613458710e-02 9.746682574186132670e-04 1.870242731630534228e-01 1.706467635479423303e-02 8.724062057237011447e-04 3.339296528749317503e-04 4.731492967112182503e-05 3.002940542936506250e-04 2.762857180261290013e-01 3.239012757682413479e-02 3.696653987842566692e-03 6.481318208210461174e-02 3.839546771115479040e-02 1.084538488146853549e-04 4.444475167444518482e-02 4.022176265706782494e-02 1.231897861226414050e-05 1.050007796650156316e-04 3.249060919112461743e-05 6.817436115655242657e-02 3.168163662148737578e-05 1.404086616182790312e-04 3.321873207121429689e-05 2.209583931522042746e-05 2.391548863756536754e-05 9.190978756058796988e-05 5.940272064639861221e-05 8.020004124292301126e-03 5.801838429319506512e-04 6.248529035219316935e-02 2.582038004206725938e-04 1.486663740743791439e-03 6.996259211967350471e-04
2.456071750129726339e-01 1.065342586617516567e-02 8.373474344332829111e-02 3.836209483179071986e-03 1.287753820719881107e-02 6.163572728043382398e-06 6.746909094022832207e-04 9.141871437988075712e-07 4.553079154372334514e-02 3.174907656065234073e-04 1.000000000000000000e+00 1.155906451668132773e-01 2.607842347622981453e-05 2.510687399403384035e-01 2.798352745408433373e-03 1.637963815497351858e-02 6.480545070509225944e-03 5.524263470834064486e-05 3.700604041071361180e-04 5.790875086202793703e-02 2.807985179577131007e-01 2.679621371256245554e-01 8.175583248754600407e-02 3.002617943676902639e-03 1.473043430919641350e-01 2.359193176362635869e-01 2.359083752111478557e-04 7.648099563190801679e-06 1.226350046041127656e-01 2.266661033048410559e-02 2.054329393057146083e-02 3.798284884930423858e-05 4.754537119416416546e-01 1.952510821269079211e-01 4.397945340050794273e-03 1.959494865958172627e-01 8.249293228863721628e-02 1.960749758512521645e-01 5.634584474275098961e-06 6.713559524864630076e-03 2.801111505919254840e-01 6.534574104588987235e-03 1.999690389683797531e-01 8.072280852985530553e-04 6.512980035042391543e-03 6.753456587201077388e-03 2.392505439247617077e-02 1.845700358412671183e-05 2.041757929755487755e-01 1.141280047083426986e-02 4.895360322758105949e-06 1.922273331168830035e-01 3.362539467949684502e-01 1.583428629410741034e-04 2.104603506858154505e-01 3.167982158647618673e-01 1.973491394120225062e-01 1.910608789076807855e-03 1.265205775646336961e-01 6.816675797881706078e-01 1.010978293123930005e-01 5.644051223878028081e-06 7.580029425771983576e-02 2.533723924906592928e-01 3.800907525758168148e-01 1.168988506570673141e-03 2.221924682835050430e-02 8.728508407743390540e-03 8.529061816756913078e-03 2.633466901719081995e-04 1.635715745661202314e-01 4.145570427405095181e-05 3.788279692092362343e-04 8.090955483147144189e-02 4.285404636357303398e-01 4.387350158082350614e-06 7.492208492769794614e-02 3.004655803086804025e-06 4.228435037428568660e-05 2.189841482110878659e-03 2.170848567100546467e-01 5.070337704324122188e-06 2.095709684467418703e-06 2.329110037379448495e-01 2.351298005037177341e-01 8.611111760645375757e-01 2.613613098383185673e-01 3.250893241415855200e-02 2.750683509127836018e-02 2.519642169260309325e-04 3.785067129383192689e-06 6.810375263092261107e-03 1.686813885815248199e-04 2.018667456861290010e-01 7.274696754776688312e-02 4.084994947479557159e-01 4.848882919798258931e-03 9.702717581372987538e-03 8.799742972790602566e-03 2.032015636958510729e-01 7.457329320083442344e-04 6.220550939627263187e-03 2.507460125160266839e-01 2.462839737108233826e-02 6.602695672129580296e-04 1.130969894695306455e-03 6.311996789006516374e-05 4.426438721688467082e-01 2.786448316728229327e-04 1.517428530495594421e-04 1.616397489711484628e-04 6.750835597283762549e-03 2.372617016839759230e-01 2.843877960059163108e-03 2.014302805976279519e-04 3.261848170805126037e-04 9.363707743358779239e-04 1.308592987565445026e-05 4.244013481593084623e-05 6.481720730440941880e-01 4.392512318004793235e-06 1.633957843463798489e-03 4.896294449916517057e-03 3.734324517981331241e-03 2.154749442796469183e-01 2.735700587050987772e-04 2.939407522971639874e-01 2.479582426330507183e-01 2.359471518659642386e-01 1.941708097856889303e-01 2.080025546274429649e-01 2.484941035426611045e-01 3.885395881512645252e-03 3.542887049046284764e-05 2.097526120071433429e-03 5.944402048492960621e-04 2.981895134655952045e-02 2.329066694919750824e-01 3.154895723664671164e-02
