1.000000000000000000e+00 9.315713403220895680e-03 1.184782778279605681e-01 1.223069722265455583e-03 2.304380994940345359e-03 2.220173754971634453e-04 2.128536500836131511e-04 7.504615552192030615e-05 1.541114635930403501e-03 6.561736389802619524e-04 1.479506491658268141e-01 4.767541147647298173e-03 5.421768066517676336e-04 4.127353406874183506e-01 1.636597547689966998e-03 3.072897691612067311e-03 5.162317031919863922e-03 1.740946237603789777e-04 2.409034651386312187e-04 5.718366149082289816e-04 4.625898616485795145e-01 4.979339324818465862e-01 7.428643496481966615e-04 3.970126675737695870e-03 2.236281955693951162e-01 4.890126845248803922e-01 1.048189545606170421e-03 2.164867977337280611e-04 5.306306784325610752e-03 2.137039437975894567e-03 4.792314146264399673e-03 4.404886717649430443e-04 2.754830769696169773e-02 3.904327235620156933e-01 9.413293507490658532e-03 3.993312714138937403e-01 3.097496946498621423e-02 4.043486468580793636e-01 1.640497162765660959e-04 8.154368277147399161e-03 4.882621503478284386e-01 4.222856551415379162e-04 3.892848555848182901e-01 6.204385894352560955e-04 1.589276283177263813e-02 6.760982806406026606e-03 1.218094245101935744e-02 1.626612351228746544e-04 5.805587760657159313e-01 8.770788655160384126e-03 1.016180069895835693e-04 3.988040729519176653e-01 3.838562895152241583e-01 2.141000060213004016e-04 4.462960223740878862e-01 2.801902406724853314e-02 3.951561286434378539e-01 3.323200101133334024e-03 5.538319424179017313e-03 1.608474492481575258e-01 3.129752976514780377e-02 2.349752402222106732e-04 4.812811288131190607e-02 4.239159032829196150e-01 1.779189258507663796e-01 2.129782540892156788e-03 1.031754815955422851e-02 4.540193316583598514e-04 4.748925419085367407e-04 5.492422035402362308e-04 2.668373222601188033e-01 2.005021923673604568e-04 4.081686788365308371e-05 1.407382805620230048e-01 3.102792511814860266e-01 1.940740004167001206e-04 1.002243853766361797e-01 1.067101818269042816e-04 3.864543935334427546e-04 2.226262507970711187e-03 3.767615245198723262e-01 2.161641976761304279e-04 9.656518455319375305e-05 3.367650651656078908e-01 2.324802071285335114e-01 2.267389120154058024e-01 3.488089632560277265e-01 1.753093777115330432e-02 1.528525179180702590e-02 6.956405112100843289e-04 1.396673014703198208e-04 1.184120056837994692e-02 2.053694793673503240e-05 4.065615779516874584e-01 1.622325631577081068e-02 3.698192894716899604e-01 9.206061272280544888e-06 9.780356178839050480e-05 3.440991831781519815e-05 3.672037789522931694e-01 6.223063521222651443e-04 4.735129571860218389e-04 7.673061488088747106e-01 3.586012255008100280e-02 2.133552226977990100e-04 3.804903578147260206e-04 2.256762700544050117e-04 3.161133045390392832e-02 5.686463263017000865e-04 6.545458640387431977e-04 3.849079623963328124e-05 1.177989476987930029e-04 4.179879959699486780e-01 8.167621410693760159e-03 2.390667311969682692e-03 1.752865458490940624e-04 1.327290890474698060e-04 3.810217860432661176e-04 3.639458046174596411e-04 2.838139192253695264e-01 2.223657295400411466e-04 4.465059411612920569e-04 1.140569143170637369e-03 1.367008793582956958e-04 4.624396293618507903e-01 4.471009210619195226e-04 3.974282037108536891e-01 1.759094788061065645e-02 4.760473101840029253e-01 4.014446177234857194e-01 3.976515980768436931e-01 3.953763139372080682e-01 2.112367201972920028e-04 1.672235689550158669e-04 9.255824478096311625e-04 1.349693416132294972e-03 2.760026905271246479e-03 1.627788984258788652e-01 1.360661875132218070e-02
9.315713403220895680e-03 1.000000000000000000e+00 2.114453093768805299e-03 7.217254627116775597e-04 1.031309546211446951e-03 6.926212592364969960e-04 1.130224282679569842e-02 5.266568834633618683e-05 3.797305738883283231e-05 2.151444456663729519e-05 2.196151916529211386e-03 6.682320388045924822e-05 3.052335708520458220e-03 2.541651635587303081e-03 7.078994604106038542e-04 1.273677880350195855e-05 1.610518822750816714e-03 5.817200792118117428e-03 3.298896070488696423e-03 3.032233988355667188e-05 9.717141086157753127e-03 5.075278304668715511e-03 2.512155634560022874e-04 2.253912126945213732e-03 2.715102904430728714e-03 3.967921739803444148e-02 2.932468713130613512e-04 6.160715080895800839e-05 4.839453231023471799e-04 6.469546633381261999e-03 2.302338857437496132e-03 3.691171200390828099e-04 8.605792913464821925e-04 2.612788744268384339e-03 9.984760597739154864e-02 2.515984376040238633e-03 5.063720826322248847e-02 2.659891126124112187e-03 1.172233394566940897e-04 5.231318579903750099e-02 7.937118088890238871e-03 2.187194311703732539e-04 3.633251037405162837e-03 1.542865762892537643e-04 3.185060627204486239e-03 4.127200788991859659e-02 5.053953751678439896e-03 1.207953157248534858e-04 2.018809151153703671e-02 3.355126907415215392e-04 8.866655617795566799e-05 2.509772031342203096e-03 2.651876106212665458e-03 2.426167623564853631e-04 3.140790929653836192e-03 7.287651258422388981e-04 2.550610167532914221e-03 5.152641734056282244e-03 1.432614851614487719e-03 1.194096319906735610e-03 1.718217448795431338e-03 8.246506372917286262e-04 3.490327372902615570e-03 3.895243716258027511e-02 2.954923421901295075e-03 4.440649145224916799e-04 8.564951073193338444e-04 1.839350009482930187e-04 4.178943661247604266e-04 1.761035392188904834e-05 2.604844187767032214e-03 8.021987208388608841e-05 1.093045283454740970e-04 1.615222889359284320e-01 1.904062401357295691e-03 1.245491178202783034e-04 2.668740518282650912e-03 5.890988155897015861e-05 1.089106853695738942e-03 2.627620951778311003e-04 2.413188902177476527e-03 6.210251003261207676e-04 7.258896513749881429e-05 5.677631988931296919e-03 9.251622550855299453e-04 1.921593829401729240e-03 2.504510293985100743e-03 9.281438395919475951e-04 7.516561048579098589e-04 5.086114535514808799e-03 7.670557828552325918e-05 1.375706518067685256e-02 8.838852414834363273e-05 2.760072089086898148e-03 1.908274846637759200e-03 2.308962743849251632e-03 3.111337234119896175e-05 6.707938686130312329e-05 1.641765640782797333e-05 2.923928656323543374e-03 1.193978606671408096e-04 5.087202731717710869e-05 5.647346797435777270e-03 9.021313216749689279e-02 2.433437265820916160e-03 3.998197056564861403e-04 1.263479252028781657e-04 6.487816937774512974e-03 2.316931253053473080e-04 4.215983217212860949e-03 7.752046415864556346e-05 7.915310689590345763e-05 3.651128533232386644e-03 3.507137993452750851e-04 1.960015962310555741e-03 9.405539995146476216e-05 9.451304362812382675e-05 5.771479444208105127e-04 4.296113800518317383e-04 1.491940138669793723e-03 3.306797292052406339e-04 1.609818327628549604e-05 2.610145076815207428e-04 1.552085849463520715e-03 3.716479745116938599e-03 3.796766735451524743e-05 2.407448067861381845e-03 3.840802971546486747e-04 3.835737771663783741e-03 2.616385322711036431e-03 2.513248780204609296e-03 9.203618643141087477e-03 5.899000605055884682e-04 3.184828929160629738e-03 8.577044129796602479e-05 7.684296286565048349e-04 1.740086267610702812e-04 9.620332487809940113e-04 1.516949656399235180e-01
1.184782778279605681e-01 2.114453093768805299e-03 1.000000000000000000e+00 4.953445666423526503e-03 1.223554040655740237e-03 1.065393429667922724e-04 3.794772809599422273e-05 4.905378464424387869e-05 7.597013220674326693e-05 1.094414267139852030e-04 3.812153952222570308e-02 3.225689045573362692e-03 2.270309364960027888e-04 2.515286488186554981e-01 2.730260278566062340e-04 2.831964863812161631e-04 4.393453773066826988e-03 8.968457093271121395e-05 3.398052328459274385e-06 2.732160759284523287e-05 2.018522917922162541e-01 1.873380882319982954e-01 2.124764011429770665e-03 1.907460852814936870e-03 8.047293569145008707e-01 7.012522370067192368e-02 3.328753826934477866e-04 1.309843296003649639e-04 3.348626801530916238e-03 1.467138306575165377e-02 4.440630368794393212e-02 8.473431967404227490e-05 1.005902569287016671e-02 2.406035255570567466e-01 5.877157719783347115e-04 2.387583823010848150e-01 7.461860227269498207e-03 2.398214975872755284e-01 8.527917228859916679e-05 2.161620672855698623e-03 2.105715219243111669e-01 2.122051703748636421e-03 3.935357876646459752e-01 2.135764416644030919e-04 1.705206354951409808e-04 2.004361657537766066e-03 8.911481084458540425e-02 2.023293091914769805e-04 8.352458389263675564e-02 7.975183947197860349e-03 7.657938985829928905e-05 2.395652044776078182e-01 2.792070874216837639e-01 2.795538128278316652e-04 2.470747433964539108e-01 1.341181056713169027e-02 2.424261104668624101e-01 2.020704234823707257e-03 6.326073165269644090e-03 5.162600317864390886e-02 3.758256561046777362e-03 8.988878244899013888e-05 1.722278029497514937e-03 1.022183358025175598e-01 1.907366106414783435e-01 6.719657984929160556e-04 1.718274598647311514e-03 1.153939920056738138e-03 9.234996395404489623e-04 3.736350150816008815e-05 7.082973344038736574e-01 6.500767436249112424e-05 5.022809637216313962e-05 1.566673311468532587e-02 1.700077815409213877e-01 1.118505971737007563e-04 9.463181415558554743e-01 8.978228767831996976e-05 7.329688226697739575e-05 7.950780799391881423e-04 2.539451483730887915e-01 8.511878982254531846e-05 6.430032278730611151e-05 2.350015268758474107e-01 1.697345794206790992e-01 7.514130664171002338e-02 2.692984288337532672e-01 2.997884381872017437e-04 3.863880867698039068e-01 9.265972685239110928e-05 1.110569366483804538e-04 2.632234452626950249e-04 7.113103181244950202e-07 2.325880436333539747e-01 1.606831658133054397e-01 2.190832899952911694e-01 3.621356397607100571e-06 3.893580104165492097e-04 5.455232750378566267e-05 4.361256355429253828e-01 2.151667296083641014e-03 1.457123631838235542e-04 1.792878113072119972e-01 1.054961631308590567e-03 2.223751446857677658e-05 2.869737029128983756e-03 2.243968946479989646e-04 8.232640817548238579e-03 2.566937085249594097e-04 1.071577663010105520e-04 8.332210125688571797e-04 4.961711924455538538e-04 4.185548507795220918e-01 4.015777403598557729e-05 3.024915854067055342e-04 1.458396806525183702e-03 2.194277620260282925e-03 1.428256554723679678e-04 4.026200966755279795e-05 1.197781565045600988e-01 1.086413847051392780e-04 2.077467792764577017e-03 1.870473687563647958e-01 6.347764840552048635e-03 2.419516098318948705e-01 1.663627216069964642e-04 2.490507634293742389e-01 7.313538973738001325e-03 2.503253826664978421e-01 2.399525650217330386e-01 2.468487803596198515e-01 1.937102020610097786e-01 2.839942798776243921e-02 5.075422826648086063e-05 1.163556785876926521e-03 1.004427941281214659e-03 1.030332221662421700e-02 8.145389143463170611e-02 3.456858499789613494e-03
1.223069722265455583e-03 7.217254627116775597e-04 4.953445666423526503e-03 1.000000000000000000e+00 3.235888725955080768e-06 3.923125550658507796e-05 2.611236691693947549e-05 3.747344966539395531e-05 1.372838055395651530e-04 5.066104486462495284e-06 1.883477497052358628e-03 9.692109032121511147e-03 3.995332191088164699e-05 4.143790721892042514e-04 8.458331554309712180e-07 3.079714424675756771e-05 3.109983098495400222e-01 6.665638896262363197e-06 4.235727247132427888e-05 7.209576276779528967e-05 5.224800829783892136e-04 6.105131908290198231e-04 1.140064242941612465e-05 1.231859777611414748e-02 2.479623247414988914e-03 1.790080463441715442e-03 4.788789427259682171e-04 2.417329948723437975e-05 4.062690037007524960e-05 3.719640175918784153e-02 1.004939100815156194e-01 6.095032242015458466e-05 9.987811174552130539e-05 3.795503872363056126e-04 4.854855961733730294e-05 3.947703756417819112e-04 3.031138961731460915e-04 3.906689577378103309e-04 4.424511511606398688e-05 2.068628022515249900e-04 4.679052564509915868e-04 4.419002173238498893e-02 7.551959307123505679e-04 1.133765921475624223e-03 3.832256884289655718e-05 4.762547866081263162e-05 4.076558347883284250e-02 2.392508094601433245e-04 3.948893504895244948e-04 3.085758339572785003e-01 6.124329074924765852e-05 3.748742158285692933e-04 4.282760534879279579e-04 1.524340221985958950e-05 4.038786438970137088e-04 1.381028796115270352e-03 3.787281178473886909e-04 7.787398570550874144e-02 3.637516902746115933e-05 1.067953610057187233e-03 7.934094166035045997e-03 2.501226435887216176e-05 7.627456692839808868e-05 2.033469521814693006e-03 2.807731025674324696e-04 7.136927291301860612e-03 5.921969445033060768e-03 9.671046379135640834e-04 6.043324175793758765e-04 2.527869722491002700e-07 2.110263715345248123e-03 7.629610814384265205e-05 4.017227784414980837e-05 1.703840614437859185e-03 2.602130530576105211e-04 5.462550368453076958e-05 4.444033974335386689e-03 5.450019402188997477e-05 1.747267130405602583e-05 3.550382452292148716e-02 3.705550320277153920e-04 2.210149027820263628e-05 5.386544671291810767e-05 4.779503412326179435e-04 5.696467165462933482e-03 9.849997163001145660e-04 3.026755603531270430e-04 4.106080515537562790e-06 1.591851047220456308e-03 6.996513716874595446e-06 6.709177299073775544e-05 1.441468943091432045e-04 8.835753151059099295e-08 3.887672348122971967e-04 6.941949767757851428e-03 4.100606327298132736e-04 5.978531212570253870e-07 3.054424049485050607e-05 3.688317197171524945e-06 9.008716228597641196e-04 5.097295315063279887e-04 5.723576592857946080e-03 6.431850915568563913e-04 6.971219548785398542e-05 4.715475853025342940e-05 1.825953435724637312e-03 6.115843072715995265e-05 1.218107562718270375e-03 2.701177247113197661e-04 1.587973852543112180e-04 1.943103159398621709e-05 4.596619266081223735e-05 1.008132089453873687e-03 5.632100772330688951e-05 1.468209791626349084e-05 3.944251889111358720e-04 1.002973202493925376e-03 1.360835659439259509e-04 1.376503254883267260e-05 4.055351598930826600e-04 7.965976146383819555e-05 3.990552851442951863e-05 3.672038570820778530e-03 1.712985076597119908e-03 4.431597636594944087e-04 1.448528996190501976e-03 4.148557738639612998e-04 8.620260400791300136e-04 4.502377558973817218e-04 3.839151200634805059e-04 3.935240144889196349e-04 3.704422868880198659e-04 7.700226247826629997e-03 4.965798608204298408e-06 3.466526307668891249e-01 1.657165552235929235e-02 9.561326477104529695e-03 5.788463269927693680e-03 2.931726106091505539e-04
2.304380994940345359e-03 1.031309546211446951e-03 1.223554040655740237e-03 3.235888725955080768e-06 1.000000000000000000e+00 1.118073106608469475e-03 3.151379009640908240e-05 1.715205535329657042e-04 2.266505841131252728e-05 2.606267442445333628e-03 2.516286816657164159e-03 1.108811543831063806e-04 3.165806208635783305e-03 6.976028763848387756e-03 2.560573413953716113e-02 1.822129726674591725e-04 1.117231905854316467e-04 2.535731152681045160e-03 3.705667881626160429e-07 1.229434400040706425e-05 1.300145099498776526e-02 8.606646007169625051e-03 1.634008170397843133e-03 1.449790942389891663e-03 3.804827312657907586e-03 8.863135101979047886e-03 4.382182753969069778e-04 1.381544350792193645e-03 1.159236888303662898e-04 2.173770047469891949e-03 1.651184990222944750e-04 4.954461236174912293e-05 1.948998763771346912e-03 7.128026312255027371e-03 1.727441269193232074e-03 7.123984715208689020e-03 9.103728495025921463e-03 7.165278077031780879e-03 1.298225055661582513e-04 1.094369302906346203e-04 1.142586712675533987e-02 9.652342355879983367e-05 5.528362805795869472e-03 3.104349126567648894e-03 5.050543356504889902e-05 8.971053542460732250e-03 1.632023033251132123e-03 3.177290294870244690e-04 4.266569999318442670e-03 9.481440698263537582e-07 2.812683453105421956e-04 6.781702658081760655e-03 5.326863029243797745e-03 1.685985266637317240e-05 7.439752706352290024e-03 5.948781758619955040e-04 6.851949555034331403e-03 2.109395640358185877e-04 1.476736189336023345e-04 9.741977220587402699e-04 1.748113109845399085e-04 9.513088189464984990e-04 9.878487470875389059e-03 1.176201723831953906e-02 3.130387183276255817e-03 9.183412428552329212e-04 1.539104758640468115e-04 9.507851476294297837e-05 1.182352911759411012e-04 3.372352526572588820e-03 4.463370602917958972e-03 3.675414302415004608e-03 7.143909680876105867e-04 1.021332391454269619e-03 4.029607555144212004e-03 5.097440505122994387e-04 1.701008329648447375e-03 1.773380548844571156e-04 2.805169767966905932e-03 5.179471751301142913e-06 6.877189793329958716e-03 1.771772242874504379e-03 2.616057761960125612e-04 1.219955760228456573e-02 1.472558946011432444e-04 2.067885727992887102e-03 7.513320024391242913e-03 8.206834588422241145e-03 3.515179569932472639e-04 1.625972955182666130e-02 2.810360295494566561e-04 1.590114755628635078e-03 8.945548231771848917e-06 7.619952547237528011e-03 2.399467659083494124e-03 4.999230102660204463e-03 1.361626968091891052e-03 1.570055462371921685e-05 1.108353777651028497e-03 5.894723695758591515e-03 1.851237259696026391e-04 2.944552973105435878e-04 5.876761701220875947e-03 3.885037931795840829e-04 3.851242591980365282e-03 2.634052747131374571e-03 2.522439945574051653e-05 1.271574745154060992e-03 3.920384689960828770e-03 8.981288092540437584e-04 1.521965631972234779e-05 1.944276962902158606e-04 6.836017261301664989e-03 4.915521858396641894e-06 1.957686566208934921e-03 1.588390395860550303e-04 2.038863798245784385e-04 7.487037817038444268e-04 5.088232884433987677e-04 2.788920683374232056e-03 2.573552795703893184e-04 1.722832527950337407e-03 7.068521753573889840e-05 7.444946097371505853e-04 8.166338421895355873e-03 6.338928905381255503e-05 7.704837436990798552e-03 9.623022041848827636e-05 6.956127148575863735e-03 7.021989077489271258e-03 7.206508299951880532e-03 1.953510433517246722e-02 1.847736683364796116e-04 4.306688284251163762e-03 7.229168290111351929e-06 2.336384208720352089e-04 6.399558097058480463e-05 4.491147829636167078e-04 3.600336331027557350e-03
2.220173754971634453e-04 6.926212592364969960e-04 1.065393429667922724e-04 3.923125550658507796e-05 1.118073106608469475e-03 1.000000000000000000e+00 4.552591961323917101e-03 6.083174614833145588e-01 9.445865222262128473e-05 8.771651059721316535e-03 3.146182809333180198e-04 1.962859226506413356e-04 7.859857736483677471e-01 1.960829034785561400e-04 2.097606520370589190e-04 5.312040930951045876e-05 2.922352023654412544e-04 1.495525635213442173e-01 1.531233064878798522e-04 3.920574316772258700e-05 1.982360521023130687e-04 2.041757480466250933e-04 7.771651691732765332e-05 6.157789985472807842e-02 1.814897148731175265e-04 1.695604746957170891e-03 2.785262970409783656e-01 3.560820488289777042e-01 2.886992221191489355e-05 1.235690007334578700e-03 4.805321694205415332e-05 1.991588646015539366e-01 7.660812813743601445e-05 1.894083083652441330e-04 1.956136438554731405e-04 1.785532910215976315e-04 8.371052152621931506e-05 1.798043104949713291e-04 4.346390612998766168e-01 4.788731159651979960e-04 2.319799678491199090e-04 8.744200310965779968e-04 2.100327121645015490e-04 5.293393181252910307e-02 3.034137974115654252e-05 4.455946303956242679e-04 1.872438528186052328e-03 4.423609660248428166e-01 1.253689039951269069e-04 9.717699031617619708e-06 6.361681258950703244e-01 1.843673567254635996e-04 1.859623426892489050e-04 4.240529759595427356e-02 1.913835382936481476e-04 3.991322832926758979e-04 1.852769947261542901e-04 9.725078448951684704e-03 2.590415358179463904e-05 2.641230805676509719e-04 2.761444523125631840e-03 7.199652065629027486e-01 4.668788034204908460e-05 1.768965060974522470e-03 1.667341945052705119e-04 3.789922151585857490e-02 7.664202899062916297e-03 8.635219076321771136e-05 7.191107234752319981e-04 2.418997359687920495e-03 1.944404906661245267e-04 3.379036624837676861e-01 4.299574842559734933e-02 9.364558019520706055e-04 1.789831947907105159e-04 5.884910020695667265e-01 1.142297958967861463e-04 5.281466950369833047e-01 7.778668755395116985e-02 5.605053707107028995e-04 1.882402012945854654e-04 8.836006036836654420e-01 6.282492792348643995e-01 4.470848468956734804e-04 1.598937486583768106e-04 2.010930954232856001e-04 2.008868351110964601e-04 8.117110486349485342e-05 5.538010458939117235e-05 9.545820883640321330e-02 5.701159822638059982e-01 1.382106064771131734e-03 3.222256127333261722e-03 1.903224909933950147e-04 6.975534141664900653e-05 1.717717446454362744e-04 4.480025996580215867e-05 1.371592580308209522e-05 3.840706466651675139e-04 1.944515819442076924e-04 2.976671707604405803e-02 2.934706141359110648e-03 2.869181302622262372e-04 1.597014732114024576e-04 1.307192516526075807e-02 1.322570837682373636e-02 1.254583687507826728e-01 4.054970876022614338e-04 2.432251329870012968e-01 1.076926242660381644e-01 4.061169015428845483e-04 2.387564308885677350e-04 2.399837521542612200e-04 6.651088728266531967e-06 2.822202769131985228e-02 4.327313113219180551e-02 1.946234787677434156e-03 8.315827686017598364e-01 2.280696225688824408e-01 1.834153011385672937e-04 7.801356339251427352e-01 2.026499196996062006e-03 1.553472684570402030e-05 9.555223812859801283e-05 2.039518279800975830e-04 2.704186587088362390e-02 1.919504203221563700e-04 4.249594263252666016e-05 2.035830396497996032e-04 1.908919169122369995e-04 1.888808133543766010e-04 3.462324702401839514e-04 2.364217456806437498e-05 2.383005402856615551e-01 2.491152692091649863e-05 5.308640065542045983e-02 1.117236998023203544e-04 4.359124278392317582e-04 2.432719407779765537e-04
2.128536500836131511e-04 1.130224282679569842e-02 3.794772809599422273e-05 2.611236691693947549e-05 3.151379009640908240e-05 4.552591961323917101e-03 1.000000000000000000e+00 1.548976062332996272e-03 1.456896266449770726e-04 2.033801570257322820e-04 5.277052880356088767e-04 5.855202092568875116e-05 9.858772128704815924e-03 8.523304391597333112e-05 9.178094422068279392e-05 2.663079289606689370e-07 1.210932581562315543e-04 3.023135487928789791e-02 1.042487297612639593e-04 3.477970248604427559e-04 1.578375971814880980e-04 1.116629447823887868e-04 3.825152426911631654e-05 4.161369883209137602e-03 6.803640842742515109e-05 1.054955077871892093e-03 5.732295917332502593e-03 1.155710243064037544e-03 3.104225716984720408e-05 1.222515786464426434e-04 1.044253189566160023e-05 2.433739712889952667e-02 2.718360190535075416e-04 7.641648379842691985e-05 1.321446050159388516e-04 7.147920656252042281e-05 1.314478028264566252e-03 7.654794464298797518e-05 8.477139372745322310e-03 9.793336367705943526e-03 1.906206920666732166e-04 6.810770476964317496e-06 1.046575368944169569e-04 1.366083417981284924e-03 4.505076315511448682e-06 8.079847678058527105e-03 5.458110870051385496e-04 3.551617822402435617e-03 3.825940107673673476e-04 1.228445103446825412e-05 1.998808245746260502e-03 7.284693239280611130e-05 1.121244870503560322e-04 1.375865405685954869e-02 9.331585910750414092e-05 6.292667688248326438e-05 7.773226614927915008e-05 3.741236260220240101e-04 1.698983113541409340e-04 1.151652797391500022e-04 3.849531476850823371e-03 3.450211091230358240e-03 6.805284261053605097e-05 7.999987983672730146e-04 1.263213015432495840e-04 2.296486841578404005e-04 4.523967427436115414e-03 1.103135546535075106e-03 5.597040741740186591e-05 1.586558038471821551e-05 6.325414160282609140e-05 4.718360375301368760e-04 3.462476841212801270e-04 2.613490253461098894e-02 1.893334394174245642e-04 2.227034475423081243e-03 4.471791869431446215e-05 2.720368304216026420e-03 3.460677357681446313e-04 1.626873485788781469e-04 8.033584574680767952e-05 2.236353261484900091e-03 2.354403788749944403e-03 1.437535089645723013e-04 9.887282096595958612e-05 3.262200908506464542e-04 8.521461521255716844e-05 1.854181515449220300e-04 4.382298428654795951e-05 1.353043154260469803e-03 1.979405627780252315e-03 5.118521969667374398e-04 2.745799206666679152e-03 7.880161073347318672e-05 8.832520363103663953e-05 1.003388058214000321e-04 1.792810341586744785e-05 1.003289709733622048e-06 5.903359101398159554e-06 7.358600419044108141e-05 1.778150819060210540e-03 5.016493755211565500e-04 1.013575176508099923e-04 2.000744502241190957e-03 1.344970534100020957e-03 2.562712977713973018e-04 5.617568791535490665e-03 1.648135998335946472e-03 3.030663779597831450e-03 3.780007803039132528e-04 8.755195150724336020e-06 5.300017995297851751e-06 1.058088801379928153e-04 3.725574506557775764e-07 4.799160774116936583e-03 1.477211102693813064e-03 4.410699521957561504e-05 6.011846601692428030e-03 6.426492916400489358e-04 1.628540183759684542e-04 4.108232218432847187e-03 7.080948344107808100e-06 3.837983561103934662e-06 5.068250047331849711e-06 9.853722133017362567e-05 1.813275510119400540e-03 8.629039537812752472e-05 2.169999721278039625e-05 1.224581799182188177e-04 7.231130905719383771e-05 7.742854919356390790e-05 2.452757065003697483e-04 5.228503798647093798e-06 2.113118774652056678e-03 6.458083816563193691e-06 1.298039781778802682e-03 6.524965152198302276e-06 4.549538861909097233e-05 9.954100838366028089e-03
7.504615552192030615e-05 5.266568834633618683e-05 4.905378464424387869e-05 3.747344966539395531e-05 1.715205535329657042e-04 6.083174614833145588e-01 1.548976062332996272e-03 1.000000000000000000e+00 1.473747303365807108e-04 9.729853799099330222e-03 1.455804566775871836e-04 3.199750499894652702e-04 3.273307731614387706e-01 6.506966268584108066e-05 2.401461474436419931e-05 1.542942406743614593e-05 2.683305127814255035e-04 2.521197024120757496e-02 2.084061004478708292e-05 4.415186335691321455e-05 4.413277718948514880e-05 5.899433259880968404e-05 1.908924029629305283e-05 5.337077570499707685e-02 7.145280186084191948e-05 5.776781362155753666e-04 4.180014672233315354e-01 5.101577029942254704e-01 9.646657869410865888e-06 4.872144824541754338e-04 2.023205773712313246e-05 3.128805039501095231e-01 2.987848553088996918e-05 6.223732044811702358e-05 1.401079189415435587e-05 5.752220284291818494e-05 8.829617276861425427e-06 5.924760814156440668e-05 7.664945411686809873e-01 1.425941001008883908e-04 5.421475726095829168e-05 6.273842137854392575e-04 7.190368645406642017e-05 4.432783425596635574e-02 3.851956280190194832e-06 6.272734162825741901e-05 1.374862343562145445e-03 5.938927189501788106e-01 2.540894202021286055e-05 9.390699434714322365e-06 8.311610039745783718e-01 6.093228507282192122e-05 6.746896178111367942e-05 4.804779995211991978e-02 6.152475860861569281e-05 2.318084834652959689e-04 6.137331353762718656e-05 7.343303099837358676e-03 7.476512381777639170e-06 1.425505110355057916e-04 3.164446617612498049e-03 3.502193234081187323e-01 9.808783230448212090e-06 5.779351806138808547e-04 5.459465644067350602e-05 4.673779858963050815e-02 1.356676044720926157e-02 4.207129890889475788e-05 3.282848898831071741e-04 1.547589134553106760e-03 7.520963710152131032e-05 3.317376611843603218e-01 2.187308463346203380e-02 2.289011388415337250e-04 7.038520006744583015e-05 8.417893262270894628e-01 4.508203483872116814e-05 9.249222825907775780e-01 2.274912446171830499e-02 1.400466919430516264e-03 6.543864681685159098e-05 4.703491184283690174e-01 9.674726816056977707e-01 1.270926448631865674e-04 1.165048095649325147e-04 9.292210688901192622e-05 6.780272845785333645e-05 1.699802618078771378e-05 2.163785986596983193e-05 1.242713241641092356e-02 9.309163870804489926e-01 2.349845375166046703e-04 5.643630175321062096e-04 5.943741274590092063e-05 2.602191972311816397e-05 5.797745134870450890e-05 1.502506649817247344e-05 4.152978928119608349e-06 1.665189392731346329e-04 6.949487176102303815e-05 3.403139665246274898e-02 3.618388107988700607e-03 8.467373999717155186e-05 1.272152437613032406e-05 1.669811864746505951e-03 6.019789070635079599e-03 2.111653736510828716e-01 1.595915062857721466e-04 2.719426602586941244e-01 1.848452215692856365e-02 1.169456893973869004e-04 9.074431594601281180e-05 8.148329308980204052e-05 1.304605649275123104e-06 1.308536139109411391e-02 4.948305265285114773e-02 9.117573448912299604e-04 7.244408256902439280e-01 7.108898662678592162e-02 8.508893729572658375e-05 8.534360205200013372e-01 1.138160671643793139e-03 7.747800215278645252e-06 1.551539775521882010e-05 6.213155072635726417e-05 5.517933528455820635e-02 6.325109483194245070e-05 2.291034271653305245e-05 6.259348277092924642e-05 6.158180812552349539e-05 6.136892134247918357e-05 8.185709810564766888e-05 7.204722595557518502e-06 3.850482931468505315e-02 2.888222557479298126e-05 8.013822651883914516e-02 5.279943134487858481e-05 3.723458286256745324e-04 1.919625723153425405e-05
1.541114635930403501e-03 3.797305738883283231e-05 7.597013220674326693e-05 1.372838055395651530e-04 2.266505841131252728e-05 9.445865222262128473e-05 1.456896266449770726e-04 1.473747303365807108e-04 1.000000000000000000e+00 1.070409765584875636e-04 2.703706604974062677e-02 1.508782141717079361e-01 1.660864015288645960e-04 9.525582765996150076e-04 2.554602164907390018e-05 3.416671900668415178e-05 8.138215414382407586e-04 4.787487049344615436e-05 8.368991509577484882e-07 4.469835885398412145e-01 1.056051736755003918e-03 1.430082861908643903e-03 2.070195377050606383e-03 8.269599488945249613e-03 1.905125840642403262e-04 6.377690453438065836e-03 2.191234784769091094e-03 2.275291360109897121e-04 6.807606106935116044e-03 2.968923203905784775e-04 2.702202657648932041e-05 9.144503432926918279e-04 2.595718049673498718e-03 6.389062234172891838e-04 1.122688624448908159e-04 6.591579908168521259e-04 4.235618610837019876e-04 6.737165522989372549e-04 3.958675902519550563e-04 1.420339504551083485e-03 8.837385799699041481e-04 2.030296247901407745e-03 5.670797104850243929e-04 6.958968178211067269e-04 9.602275695573025393e-06 4.619958461802460006e-05 1.448158705123294126e-03 3.822316280127383502e-04 8.793213889085277433e-04 2.544170357567812168e-04 3.852013257001208994e-04 6.450681498652297615e-04 1.856290091219015004e-03 3.810886719278262259e-04 7.440801218923176821e-04 5.715593205117251718e-02 6.621493466478744734e-04 5.701945533269003538e-04 5.989427290290286025e-03 2.984754449008504909e-02 6.377246729926402957e-02 1.735940463771379208e-04 4.326097317891021768e-03 3.980130241535938945e-03 2.607921115267334763e-03 1.554954837247359434e-03 1.230017934953794717e-01 2.189398436910465969e-05 1.245514907539648983e-02 6.454034725685897156e-05 2.213856408871485491e-04 4.144327886810159544e-04 2.622739567847371354e-03 2.943357036996036187e-03 3.385868634924831672e-03 2.883537201766651382e-04 4.295150663930090884e-05 1.555633416714356657e-04 4.120714680805702000e-04 5.113703431563703002e-03 7.915162429016434900e-04 1.191058503055574430e-04 2.089916548462671694e-04 8.723783827865935888e-04 2.400103317273245655e-03 1.308279771354596208e-02 1.149553035006328338e-03 4.168903279234510359e-03 8.093603006447290993e-06 1.769888045969220136e-04 3.289724256807143314e-04 3.666396393281839972e-03 2.853300039469542228e-06 6.912844981243437652e-04 1.941867978942322123e-05 2.553175710461940990e-03 1.237130002488458755e-05 1.670421783278097389e-03 3.254349682920169764e-03 4.656061946069005005e-04 2.572032438429208549e-04 1.392275221217757764e-02 7.675483119507529395e-04 1.477243182855914158e-04 1.234284389193737990e-04 7.991215568549860809e-05 7.300857762220288195e-04 3.927650929947179570e-02 4.131721191967764259e-03 4.214153206264313189e-05 1.891816373242868097e-06 3.026037543484864402e-03 6.729284142912811233e-04 6.795428052716441527e-06 3.146143234992654142e-04 1.915269986257385211e-04 3.340529104972439717e-05 3.279440852613274473e-04 3.204283462172312239e-05 1.077978196395127861e-02 1.902696503089568484e-04 4.311907038550608339e-06 1.390937507077740786e-06 8.531554576500868532e-06 7.519330407519975732e-04 1.946205594090012758e-03 1.112008356886791654e-03 5.163516007582182737e-02 1.000947523744736460e-03 6.231470746538698936e-04 7.429804452433769624e-04 1.002307490150609361e-03 9.379186031920975285e-07 5.029579771406317979e-05 8.542085845780373623e-05 4.509834843012787940e-03 6.452522167321092777e-04 1.580033604674557085e-02 1.344870766090211847e-04
6.561736389802619524e-04 2.151444456663729519e-05 1.094414267139852030e-04 5.066104486462495284e-06 2.606267442445333628e-03 8.771651059721316535e-03 2.033801570257322820e-04 9.729853799099330222e-03 1.070409765584875636e-04 1.000000000000000000e+00 2.335176256811210703e-04 4.340668925654561573e-04 9.779995068310889592e-03 1.825543498595983240e-04 3.648731556645841510e-03 5.121254016725195661e-04 9.517003329900594480e-04 1.285760356677474172e-03 1.036639829239618327e-06 1.299333561825115628e-05 2.190765286658428611e-04 1.787602185595697779e-04 8.069253557018267069e-06 3.684551926092052149e-02 1.554531528270605538e-04 7.907170286576894200e-04 3.711849826407923048e-02 1.323439959232619589e-01 2.976286036948960856e-05 2.014120999482437347e-04 2.798123422028846714e-05 8.324784326591790073e-03 2.166210241722546503e-04 1.538594878631980873e-04 4.637247829048672047e-05 1.551449419559082022e-04 4.341897318318349054e-05 1.566257343220588604e-04 1.437489715687216216e-02 8.665872799587013924e-05 2.262116486949260967e-04 2.348336951422034426e-05 1.611135027255107435e-04 3.216675906064493662e-02 1.312775319369461344e-04 5.290048706965450043e-03 2.425495854398731187e-03 1.209836782335340505e-02 6.833361283761300300e-04 1.040461083994568128e-05 5.853646407381419073e-03 1.589468350040371927e-04 2.287695343421349697e-04 4.840506401400820305e-04 1.879329425090198614e-04 2.585738486742971310e-04 1.567261826038040835e-04 1.784047449052111227e-03 9.887045446879656692e-06 4.525242497556798346e-04 5.369735576491065435e-03 3.333802979918711138e-03 2.034617095732757020e-04 4.671142361545289022e-04 1.402071688221821397e-04 2.497723433205617516e-02 7.418809697970785502e-03 4.471261463391399717e-04 7.089352793815686894e-05 3.520106831693996519e-01 1.798588538136971777e-04 2.718974342872234468e-02 1.196045001186689193e-04 8.332384725868275614e-04 2.207371952277709451e-04 3.440411211417514215e-02 9.185059096388142397e-05 1.653798496317860148e-02 2.131767454998497336e-03 6.095052675934370867e-04 1.606890377185772232e-04 5.653577354057815092e-03 1.104601692297308216e-02 1.478895839472906481e-04 5.623958319272930441e-04 2.284475676743070332e-04 1.898848374153098116e-04 1.375166060965332974e-03 6.500154342568900667e-05 2.185589702901828690e-03 1.686434399189681507e-02 7.798144184788311081e-04 5.184835820482782163e-05 1.450262505683451290e-04 2.460253068120914969e-04 2.224550806629098745e-04 4.857524058142380287e-05 4.209156805182897584e-07 1.587176463756832752e-05 1.650321808936672751e-04 1.880604674099675688e-02 1.812328633357108932e-03 4.904360021117731231e-04 1.151010824633275835e-04 9.941698618146225565e-05 4.609536220350570271e-03 1.340587975586569284e-03 2.720254205705066011e-04 5.479369014387069914e-02 8.488725735943565553e-04 4.838646646921817218e-05 1.577164677003937935e-05 2.265546932954511181e-04 3.605296516758299476e-05 1.547873624570965667e-01 4.153545065634132484e-03 2.318381587695886206e-04 1.364969550279474496e-02 4.932432074229660228e-03 3.378530657504248452e-04 9.630032260890784845e-03 1.407596196389002997e-02 5.848622831073341747e-06 3.054854893870939528e-06 1.931124639433842022e-04 1.290538151014983259e-02 2.107697174946016288e-04 5.428190689295721955e-05 1.819098994588112881e-04 1.528571084202931193e-04 1.626903927732050218e-04 2.434390397850705269e-04 5.110080083418913974e-06 3.739158554436856148e-04 6.838130058044645956e-05 7.689689496753898852e-03 2.144022103663087078e-05 8.969852417726117966e-04 5.034274883824603036e-05
1.479506491658268141e-01 2.196151916529211386e-03 3.812153952222570308e-02 1.883477497052358628e-03 2.516286816657164159e-03 3.146182809333180198e-04 5.277052880356088767e-04 1.455804566775871836e-04 2.703706604974062677e-02 2.335176256811210703e-04 1.000000000000000000e+00 1.114957856833996841e-01 5.255156311750497789e-04 2.039469181527027997e-01 5.433066478783219735e-04 4.261618565504619698e-03 4.123510449360659295e-03 4.722633715934128340e-04 4.831745371367095470e-05 3.464571721473579807e-02 2.016314025398937004e-01 2.031891217836485075e-01 3.852310712384977853e-02 1.161856316924221762e-02 8.905190108325428122e-02 1.215292881548004633e-01 2.061824281669883026e-03 2.382661906229888279e-04 5.624265741213829717e-02 1.160001342154217893e-02 8.853238396268850452e-03 5.340389882341531726e-04 2.810628734872303025e-01 1.581593242515822173e-01 6.907916277791591219e-04 1.570240474272174280e-01 2.936762067521552638e-02 1.584529121357455550e-01 2.723719087756927039e-04 1.156376559352939809e-03 2.110329414409599647e-01 2.991477783011189939e-03 1.481753853913670149e-01 2.896916034840070747e-03 9.293951777068536419e-04 1.769619110623977696e-03 1.312431631302755052e-02 4.814931295251315526e-04 1.115290565299016379e-01 6.149208328598644580e-03 3.564805140088789194e-04 1.563013710095531028e-01 2.597441433323942617e-01 2.756251144553654780e-04 1.647037599037319278e-01 2.294534523758703648e-01 1.605206602491265622e-01 1.228194086567694580e-03 5.370268106374918859e-02 5.008443067904105872e-01 1.044578127912720172e-01 3.038912281848967401e-04 2.539364176314585705e-02 1.277318321863928907e-01 2.509782059159132994e-01 1.841693868248181834e-03 2.540260733073680319e-02 2.325841294765645419e-03 9.470696726614522692e-03 5.673725215927178441e-05 1.019117861208685555e-01 6.507001792274308980e-04 1.463313182559415442e-03 3.746946310748648645e-02 3.716791544309088202e-01 2.589093001042708448e-04 3.592725499506660425e-02 1.848749441005634526e-04 1.695980791411745147e-04 8.181876454713525332e-04 1.786276899449210642e-01 2.714205021238783651e-04 2.157375143021008235e-04 1.636460753133451573e-01 1.282340125257362407e-01 8.376848017368023758e-01 1.996620918998097127e-01 1.198109252812117574e-02 9.243345729054835633e-03 7.626992028361993716e-04 2.499048449791708461e-04 3.078271819185511137e-03 1.586254354821500627e-04 1.640007264903054762e-01 2.756781807708278895e-02 3.392779527530739303e-01 3.573817342218420018e-04 2.539073089675662927e-03 4.130248179066516381e-03 1.452020327748121675e-01 1.143858622295482489e-03 1.333994473775143574e-02 1.713500805032758811e-01 1.002407541714540364e-02 7.428961514577230420e-04 1.232642455341873087e-03 3.584365691169453649e-04 4.027303048569268462e-01 2.647730544202151273e-03 4.628286070736208459e-04 3.649382134350457956e-05 3.141741724360267492e-03 1.696190911041559890e-01 3.051327155998286391e-04 3.232317390618329959e-04 6.092244638376889676e-04 4.406910232623680512e-04 5.518136802221672863e-04 4.014489402105634805e-04 5.463819665409019866e-01 2.662421591500304242e-04 4.948664846315023024e-04 9.877882748098722014e-04 7.547361822297243578e-04 1.696107332305158699e-01 1.127502385828700431e-03 2.492751194257201153e-01 1.593064003080360280e-01 1.856119488639655923e-01 1.560570909294920205e-01 1.703460780465894664e-01 1.780965438575396464e-01 7.884128645338293450e-04 2.902715632456426579e-04 1.210871197265215096e-03 1.444068534807732779e-03 1.304050520941836197e-02 1.042916629065325368e-01 1.147192735184924400e-02
