1.000000000000000000e+00 2.613400087537183804e-05 9.904511054101616807e-03 1.708698097502435491e-05 2.081013707051175902e-07 1.338392145038492381e-03 7.581844882491988979e-08 1.163316883854769281e-03 8.216767858959347738e-06 1.967456567443406738e-05 7.398613031761401733e-03 2.299197941398214268e-04 1.362085010078190311e-03 1.652808842632503272e-01 1.084924583974150045e-06 4.433889078918986488e-07 1.200175625148284641e-03 2.346223127092178249e-05 2.897351405352214003e-09 1.435411991846523175e-07 1.547707337044850195e-01 1.683939236873177037e-01 4.441716032502620560e-07 4.527899555945787829e-02 4.076596562429894016e-02 2.248277652148427119e-01 1.002463971835532153e-02 1.408207247526504146e-03 4.539846021000045341e-05 4.023970359178588596e-05 5.157174570256346449e-05 1.488277976478684459e-03 3.673243389091571624e-05 1.580393018658546866e-01 4.185620143859070927e-05 1.649567794671265020e-01 1.134379380934835951e-04 1.642799163488445902e-01 1.459494974575359632e-03 1.237266206296820604e-05 1.825105214171208190e-01 2.231832549033040826e-06 1.431900606453279656e-01 1.065768390398843141e-04 4.322557429523191466e-05 5.359144660375304582e-05 2.780599668070183727e-03 1.421672100622726857e-03 2.701806324946046112e-01 4.287865560562272244e-04 7.502528981836837588e-04 1.624985850843185531e-01 1.381052332816672945e-01 1.889406170196623246e-06 2.048419416102774948e-01 2.754046497445715273e-03 1.596894495072233855e-01 2.417008924457725652e-03 2.189564114723388223e-05 2.955179792865053612e-02 2.572955224239454816e-02 5.144749989020817177e-04 1.157310994725741871e-04 1.138554595410992826e-01 2.236564740308782245e-02 3.058228790776097456e-03 1.259671488139104886e-02 1.085862241429883157e-07 2.583591814718315914e-05 8.533604809142468715e-07 5.969761412094894137e-02 2.686967764408355257e-04 2.627570728173613018e-07 3.481370642392551257e-02 7.528587480062649828e-02 2.850713666314398133e-03 6.451764520745618958e-03 1.480454868565544545e-03 1.695765772859820288e-05 3.017287685901905376e-04 1.460017255284100646e-01 4.195324858056037197e-04 1.150802146600386159e-03 8.021923346274209554e-02 4.399530181520706906e-02 2.435993094852796637e-02 1.156675671332409588e-01 5.846340355932098303e-05 1.335035470013324797e-04 6.238475724662966352e-05 1.835510591240747599e-03 8.800605394118872276e-04 3.480002491829380060e-11 1.605397632638626004e-01 7.259422674415016530e-05 1.278425177943903202e-01 1.175019028630119144e-14 2.563660367962526197e-08 3.256586993118958380e-09 1.191630595804405307e-01 3.081538523179258473e-04 3.851040197887890507e-06 5.310250926162234375e-01 2.066531734188247448e-03 3.992328806907450324e-08 4.378504878445301440e-05 5.215886147101797928e-05 1.612574725174411054e-03 2.483660119999381473e-03 7.763618414256355635e-05 5.773757642077621063e-08 2.123957013589712847e-07 1.545973853917491092e-01 5.242073307279205790e-06 1.571120212892038485e-03 5.974884191419999529e-05 1.002376828965269364e-06 5.211470357614768692e-03 1.403205875696062084e-04 6.102956335773037505e-02 3.076751457378909885e-03 3.401646545973068840e-06 9.626247731546754980e-07 7.335314378850681968e-08 2.119539661370580530e-01 3.691067613290577526e-04 1.460553891106996793e-01 1.078572026429202441e-03 2.202785435004264714e-01 1.663275394152991804e-01 1.581862423326344247e-01 1.040208169209442535e-01 8.602597272356991110e-08 3.423539111739563121e-06 1.270141621739678318e-05 5.322812730703747192e-03 9.143850254013861687e-06 3.333111532027151214e-02 4.793432832242730898e-05
2.613400087537183804e-05 1.000000000000000000e+00 6.487540373801122021e-06 2.542642119818408124e-07 9.066854662633850656e-10 1.781489736858314076e-05 5.618670119439255842e-06 1.630768743791949895e-07 8.217818968981601914e-13 4.572961858763986584e-14 1.628021086396817953e-07 2.288518039560285434e-11 1.403375638432963885e-04 1.011399496319929976e-05 2.440422558825576478e-11 2.154705810446987005e-16 1.834226846076059616e-07 1.048993251710481008e-04 4.798430107757305879e-08 2.208807685998209557e-13 1.051093339913193147e-04 2.097080200227066291e-05 3.407930537317986974e-09 1.762604357299168116e-06 1.200879969358161746e-05 4.606240615315796631e-04 1.056834771285731070e-07 5.786120600740124048e-09 4.799601460150784418e-09 1.130562011219800488e-05 2.263697789192861727e-06 6.034253877369388799e-07 8.374627133682641479e-09 1.223216698675971725e-05 2.544092683838685516e-04 1.253832129036005065e-05 1.392242971422407382e-04 1.452223212797978231e-05 3.108223578390229274e-07 3.362568786440880839e-05 6.202201232910892193e-05 1.629523383253639806e-09 3.204156631605578409e-05 4.538983679867435445e-10 4.858560525723964171e-09 1.369343000769922332e-05 1.394565030977463472e-06 1.266787484848574662e-07 5.152752666603497824e-05 7.771411465230347425e-09 2.151583910839207841e-07 1.369388927957025228e-05 7.857508351059848021e-06 3.175139727265202440e-09 1.544334389903589738e-05 4.437844627472597820e-09 1.269614563853530454e-05 1.645302736314204584e-05 2.233752180000314164e-07 3.027810062002513986e-08 2.770183244372690297e-08 9.185927723992973640e-06 1.615822133619873806e-08 7.999545352313043372e-04 4.697632825882448760e-06 2.557635743024451407e-08 2.615342413015597486e-08 1.635783951457737992e-12 1.177525771095744550e-08 1.397555032983977487e-15 9.997772140847634728e-06 6.916036995743474058e-09 3.548411055509626800e-09 1.934354629683940948e-03 2.097352780918437662e-06 2.841763607827351778e-07 1.246022533269410425e-05 1.078778692937944725e-07 6.427592296794305666e-08 4.716961187398983029e-09 1.049887331249476564e-05 8.245207682421676693e-06 2.672228695101799197e-07 3.898789628473723582e-05 8.222218008353540616e-09 5.412035685035881142e-07 8.388261282993747270e-06 8.134858149500739062e-11 6.670394451554228377e-08 3.868152879962535564e-06 1.356528161220384405e-07 4.127132356487975683e-07 2.809230627406131575e-13 1.604017327051552880e-05 2.059092250092597542e-07 3.346612037761799627e-06 1.414880150465484219e-14 1.208871834198988941e-10 1.299141924663654304e-12 1.860559224334692958e-05 2.699562500785228703e-10 2.957391889036729177e-12 1.728164814719162099e-05 3.960948421231470329e-04 2.764608897464854885e-08 4.127588108821211244e-09 1.091602603264493595e-08 2.471001916991039454e-06 4.034965733777794633e-08 2.905313549539665731e-06 2.979581206658919202e-11 9.770856850191042723e-11 1.343831500667244183e-05 6.438273352934122830e-12 2.816909589388443348e-08 1.386660929153618513e-09 5.921341032073787274e-11 6.268946976024865041e-06 3.325485513401243673e-08 2.851132891680494934e-07 4.864144910617407618e-06 1.210776622662476029e-13 4.077963497835937823e-08 5.171182986321282819e-07 2.136963573315909000e-05 4.207160395851570166e-11 7.037049198446561362e-06 2.157006535902424426e-09 2.151277555360834397e-05 1.423327477357583801e-05 1.291643201834414484e-05 6.691801492552502083e-05 1.560847458727493564e-07 3.170529911788761302e-05 1.300387530117004649e-10 5.920712294069346838e-07 3.539871892024619769e-11 4.507629132095297426e-09 1.943529268476332575e-03
9.904511054101616807e-03 6.487540373801122021e-06 1.000000000000000000e+00 2.326802893925662816e-04 2.267595421019525713e-07 4.003827341347868324e-04 2.242423190528487906e-08 4.133073579756493050e-04 9.170996489718666515e-09 4.328786145358210224e-07 2.993708670565953874e-04 4.961521894726607758e-05 4.073849540441621406e-04 5.789602638992386030e-02 9.462091767167695792e-08 5.359452621013892465e-10 1.026300343666451372e-03 2.080752507397504847e-05 9.378455775977521891e-13 1.247968289533658283e-10 3.258575630185049643e-02 2.272563590329192834e-02 4.989161698657890696e-06 1.472177200336224380e-02 6.003351183907961186e-01 5.590200773084565145e-03 8.802219262586648621e-04 4.359165974141845337e-04 8.934112586337994373e-06 2.677429893432608544e-03 3.414381420893868122e-03 4.155398054298736819e-05 3.456621276793133873e-06 6.024457091247388540e-02 3.526267682803904881e-07 5.726603358029003221e-02 1.663166181627434372e-05 5.779055236237038568e-02 3.656396550175618513e-04 5.175251029118213133e-06 3.762407793350682622e-02 3.988205326992398284e-05 1.527916541123037764e-01 2.115759904925415216e-05 1.733642011150000752e-09 3.277366740110229865e-05 3.134055967352563643e-01 2.699861948232313430e-03 5.664759483388718056e-03 1.451808305228533057e-04 4.216897712864373267e-04 5.879582306326490426e-02 6.412893900816740711e-02 4.694155973265637312e-06 6.130751285365935305e-02 2.324298436913579675e-04 5.934542339834201347e-02 1.353964245878703501e-03 3.141499268989311744e-05 1.330434206535520154e-03 2.229174796316336655e-04 8.964661874580763024e-05 1.680150123330044948e-07 9.966747552731577281e-03 2.325465234866795280e-02 3.143838681894461722e-04 2.935249778601650510e-04 2.421490745854747527e-06 6.376215761177815187e-05 2.731459798560160967e-09 4.855707570248785077e-01 2.879065126315246364e-05 5.631748947208410769e-07 1.141111698359723991e-03 1.792838624936477637e-02 9.464621887283689982e-04 8.338789880285462086e-01 8.284916413227368798e-04 7.806226392826502909e-07 5.608747034982224826e-05 6.071374715077273304e-02 8.560524969822072279e-05 4.935429065665989431e-04 4.748701241763482461e-02 1.101708349661789828e-02 1.546795276093927782e-03 6.460234132283151909e-02 2.040600872081918841e-08 1.171540981485776206e-01 1.710413143011950464e-06 1.062630060958602704e-03 4.820339806043537931e-07 6.440901531693740924e-14 5.639207287664031731e-02 7.845457723300620911e-03 3.174571571958361565e-02 7.095917002007395500e-15 2.332203807819200905e-07 8.398091539043882335e-09 1.830686606586184040e-01 4.685380824392815571e-03 7.387491206263858458e-07 2.133798128953721257e-02 2.078203415000396055e-06 1.715734695842282197e-09 5.470960512650188332e-03 4.195909207335602218e-05 8.381782022903786183e-05 7.184843619100461220e-04 2.386512379733778767e-06 2.635133847450558045e-05 2.545983773195364933e-06 1.456244967669284573e-01 2.337304239977570572e-11 4.035366673955739525e-05 6.350374629873055399e-03 3.515890657926889758e-04 7.363025884818016854e-04 1.279939045422914963e-06 6.510112993405506483e-03 7.271407887368818313e-04 8.671112002511993297e-05 5.983123070066621862e-02 2.717711708601315687e-04 5.432586360458122737e-02 4.067913624919388793e-05 4.951373547758669558e-02 6.246652217697649836e-05 5.971432538848653326e-02 5.597274362216517890e-02 5.938730132254067817e-02 3.214191236488754544e-02 2.616032398864214133e-03 7.645820601471548118e-07 1.688728155129021611e-05 3.593486895308174722e-03 4.921773353781168939e-05 4.396749967606547113e-03 1.314101961198049330e-05
1.708698097502435491e-05 2.542642119818408124e-07 2.326802893925662816e-04 1.000000000000000000e+00 5.625364901286841986e-13 7.631741579894832051e-08 1.406693620631810090e-11 1.296641454648471407e-07 1.215776847943771006e-09 1.367038057628251667e-13 4.601044541305060795e-06 1.583355969001962025e-05 2.566918470088262892e-08 8.849702224562637157e-06 1.240539498566850529e-14 4.775678754184153974e-13 4.642642051185827401e-02 2.355773992633034087e-10 5.901187392379381244e-12 2.043005376666998202e-10 9.115415901636846784e-06 2.110531100889409610e-05 2.898727611322482734e-11 4.553346243894339294e-04 1.612181245587858121e-04 1.496993420126916706e-05 2.956766995714730667e-06 3.563802100276940778e-09 5.788929374758545429e-11 1.869099334341050168e-04 3.761261172574773166e-03 2.302937755335781829e-08 2.693946126277738751e-10 1.189072771423795938e-05 5.781144795821283965e-10 1.233422766250345370e-05 1.335991156823344823e-07 1.247858156762028222e-05 5.605161907433320160e-08 9.134418583380287285e-10 8.353302324379578852e-06 6.401859927409916636e-04 3.411565553804127721e-05 2.115845943692759062e-06 7.539398695992472320e-12 6.675670683359876742e-11 3.430612804291996920e-04 2.700268702734729483e-06 5.862484210316093520e-07 6.571259566681039721e-02 2.718006211069152131e-07 1.269697320906742155e-05 4.312919933068406406e-06 2.691453454168616864e-11 1.282726249395485875e-05 2.467136447343383376e-07 1.209354771036655010e-05 9.344512475526759593e-03 1.537871827187787304e-10 5.078487793295820576e-07 5.923502318428260130e-06 1.859903239810883059e-08 3.274748857238823528e-09 3.048021340288644635e-05 2.618717281791163630e-07 6.269048200576581053e-05 1.848665595218368233e-05 2.854151947373864421e-09 7.804178219810330630e-08 2.019275654401482372e-17 1.432600653951495622e-04 1.314596115235931573e-07 4.243410761307297339e-09 1.230599998344314989e-06 8.737801091531116390e-07 7.695754112604985402e-08 2.030103013665426925e-04 1.439360188448398318e-07 4.943995212903198656e-10 6.128060804686103185e-04 8.725397434190889186e-06 1.927633331305788181e-08 3.161573426779228059e-07 8.838755880065347765e-06 1.209946105027435810e-05 3.294934018256703017e-06 2.984878530149666320e-06 1.530556142083091609e-12 1.500220532931063268e-06 1.780082194958910036e-10 2.041696206240643940e-07 5.858946484801855785e-09 3.222381446098073496e-18 1.440542524078810343e-05 6.396207688995926724e-06 2.318883278509455645e-06 7.459678363400259175e-19 4.394619652211652745e-11 2.945346989055440182e-13 4.561514999614517998e-05 7.402655988009835415e-08 5.588972034988229281e-06 7.053290142102606086e-06 1.411705022073477535e-09 1.081849664249599531e-09 2.473255441570162162e-06 7.499450939357742891e-09 2.263109700622873795e-07 9.381478270069276958e-07 4.554950042553555566e-08 2.634910667016086366e-12 9.039160611166327629e-11 4.160270451136164217e-05 9.271181273657674901e-12 2.468831716404355289e-11 1.426688891623155071e-07 1.714402689136087555e-07 1.270951807893957698e-06 2.939014304118321849e-10 6.641476357714166470e-07 3.310809345844552985e-07 1.120622659900003765e-11 4.376181911045392336e-06 5.972578061360618914e-07 1.218428197460336233e-05 6.100035457829923112e-06 7.323835671485854274e-06 1.836594903720501903e-07 1.079224790246550400e-05 1.235522017038894058e-05 1.166744719930579848e-05 4.324270629524380642e-06 5.292940667316681900e-06 1.942486581033553020e-10 4.106526370342006987e-02 1.874588227848713370e-03 8.336083659867908732e-06 9.489410533455620853e-06 5.140023268857143120e-08
2.081013707051175902e-07 9.066854662633850656e-10 2.267595421019525713e-07 5.625364901286841986e-13 1.000000000000000000e+00 2.028781398237944881e-05 9.664823436673743326e-14 1.083663270128258001e-06 8.027358065636518764e-13 8.936823883294880604e-07 3.190095984310207819e-07 9.554377438609619008e-10 3.933538454838928850e-05 1.416170635044421524e-05 9.270910841821775568e-06 7.452143400742947670e-12 7.052105888459857584e-09 2.408061307853676870e-06 1.494228503744356851e-19 3.140727147939819476e-14 5.163946856556146447e-05 1.722936186601810798e-05 2.491308099522640106e-07 7.266934196249111328e-06 4.285877806297409443e-06 9.116438724826503776e-07 2.619075512953854333e-07 6.614394294282135230e-05 1.086805260246709329e-10 4.453564608284860102e-06 2.772569432740793782e-08 2.302826172819800906e-10 2.126016563060526011e-07 1.850220845834071100e-05 4.341286964021974764e-09 1.780116778458948321e-05 3.345787796312188813e-06 2.275217304385142246e-05 7.100606069534934427e-08 1.014226864835927952e-13 3.180855011804845659e-05 3.710411490563970739e-10 8.107162126711592491e-06 4.298399728619643301e-05 6.960985468403217269e-13 1.529342377775741362e-06 9.814406455623150406e-08 8.248741186811340897e-07 1.105714810772733756e-06 2.517974133956686385e-14 1.063465275526330172e-06 1.641450244338449769e-05 6.053544161690620837e-06 4.775001056080320845e-15 1.664802449714216254e-05 5.037765096963652156e-09 1.765808373333585337e-05 1.598678281028835970e-08 1.369181509294635461e-10 1.671695824936156628e-08 1.138142974247178611e-10 2.474212704411783254e-06 4.925321864249950734e-06 2.260391660004799520e-06 6.279508583881119758e-07 1.754959204637125647e-06 2.470021558686761895e-10 1.756311943626290623e-11 1.649396753388596364e-09 1.528128206952224238e-07 4.680452358067116022e-06 6.891721222374660744e-04 2.062283702187373955e-07 9.141545754725161741e-10 1.572495491240105499e-06 1.034564401149509603e-05 5.092921199401059203e-07 6.710276128171472034e-07 2.211619016843161667e-06 5.044240837190116656e-13 1.675508482598052725e-05 4.347161682476940054e-05 3.224992193584846170e-06 1.745710475610398092e-05 3.336667780679305124e-11 3.557446286879019667e-07 1.552806281226939779e-05 8.031126950436335044e-07 2.542604193735406757e-09 1.527935721501216587e-04 1.743054555839517529e-06 1.003263360729274381e-08 9.753453188927460003e-17 1.999450594009002997e-05 3.631518797031663130e-06 4.480429775533879391e-06 7.741392041793654999e-09 2.087468733263860932e-12 1.571148501550354309e-07 1.002999573704902605e-05 9.451394782498478118e-10 3.184768040841310088e-08 4.373738760469042949e-06 4.794210657844975482e-10 2.336721890754389251e-07 3.781778768240304098e-06 1.118388248297154846e-12 8.601208175816719253e-08 1.672927289081439501e-04 9.247141458214467564e-08 8.878703881984525016e-14 1.373851180464501671e-09 1.140184613720213489e-05 2.509489687429580888e-15 1.503519579382459001e-07 1.500014295504608998e-09 4.720853178720280443e-10 6.768818957128794264e-06 5.835312357748409029e-08 5.697535495003510303e-07 5.724020386123174688e-07 5.331660675771360128e-08 2.531078038394549620e-10 1.162834931192484992e-07 2.176988857869976399e-05 3.220470154245915801e-10 2.433463708917175974e-05 4.932427097361532903e-10 1.113532971681595080e-05 1.850053197538272992e-05 1.738877741880702366e-05 8.647522595832372199e-05 3.224709042240496100e-08 8.617676052540052580e-06 2.317140747725326086e-11 5.548232000602058731e-08 3.681573029887211425e-12 3.736926380027026206e-10 4.702871134919278116e-08
1.338392145038492381e-03 1.781489736858314076e-05 4.003827341347868324e-04 7.631741579894832051e-08 2.028781398237944881e-05 1.000000000000000000e+00 2.862654490746885498e-07 3.463638154599244512e-01 2.052483477926375046e-08 5.566371413655409250e-07 1.254994918366717578e-04 8.504308201992878298e-07 6.159612218241774517e-01 1.196868010173666487e-02 1.317804461410230541e-07 2.598223259914943699e-09 1.244549283476547145e-06 1.229351472280470169e-02 1.266381299346264609e-09 7.801104112106779579e-10 4.469790339923444822e-03 6.455482923235565489e-03 5.025041520357852797e-06 8.700369241340152188e-03 3.032624371277911450e-03 1.289337622251700809e-02 6.933535416308286847e-02 2.977530627413809555e-02 2.747674984988354849e-07 6.927464606096991428e-05 6.274090413001589296e-07 1.079678761116710170e-02 7.972023427586148741e-07 1.540842089938466650e-02 1.637717375347061199e-06 1.584947012850624476e-02 6.506943227558806811e-06 1.605862445252319651e-02 8.889628897678390762e-02 3.210176572990534750e-07 7.203985312772831495e-03 5.674026804854922682e-06 1.254542860459740249e-02 4.765035184216965506e-04 2.020455813148402045e-08 8.551056893413107259e-07 2.757095508367208127e-04 1.267457354226063093e-01 2.260972730993955561e-04 9.178911497448821714e-09 3.514326222948583878e-01 1.551635866545208499e-02 5.047976296168651261e-03 9.938214932429020182e-05 1.331895455345593303e-02 3.785160703929305314e-05 1.534297530724768391e-02 3.598052594531473769e-04 4.804239041184038607e-07 9.842629459985595332e-05 9.399354203938292099e-05 3.573882095470976017e-01 6.067060472469693617e-07 2.413552063961868499e-02 7.073675485895009529e-04 1.438073087334923146e-03 2.050832672915484068e-04 4.120272184447135633e-09 9.309077130411332957e-06 1.736046560043046227e-08 4.603799535999237615e-03 4.448505714170728625e-02 8.363680131941497514e-04 1.327337095196140190e-04 2.415873759047169108e-03 2.072574843173843606e-01 5.041086292165815807e-04 2.097389351992453022e-01 4.818361343135165527e-04 4.953766607138613555e-07 1.429215544849141498e-02 6.595842229878733365e-01 3.454866677354643256e-01 3.144712743200547833e-02 2.756327126757312544e-05 2.616654249877469352e-04 1.013513006211944067e-02 2.540880952428971721e-07 7.937526999397153445e-06 9.540087263139943041e-03 2.276234962190439859e-01 1.174313836985100046e-05 3.740480620296415791e-09 1.501252300538780636e-02 1.251902089402735673e-06 3.063356785209856489e-03 1.463854620359069561e-12 1.579834983194348443e-08 1.988065250028966848e-06 1.142503738529506395e-02 4.176086782272885435e-04 1.307399534640548309e-06 8.143342428832616581e-03 8.097654079330162815e-06 9.639675828753866302e-06 3.884668519193625459e-04 3.300858691531856348e-03 3.388489361922388226e-05 3.546610462461314422e-02 4.393672514169302129e-03 1.938688073554598530e-07 1.105499309312857946e-06 9.203270776865888833e-03 3.733670039569593902e-10 4.653872885287789344e-05 1.739313372101228663e-03 1.097271575378588380e-05 6.231595847805352362e-01 1.125030506616632626e-02 5.739097467247739710e-04 5.287370187477938854e-01 7.984669124674800009e-06 3.630168611895891870e-07 1.273546804281484208e-06 1.408730362449913363e-02 9.561644349073181008e-05 8.738629691949400050e-03 6.809860518848369082e-07 1.132724763489493386e-02 1.547503882254608679e-02 1.486340901275321966e-02 1.463768870689547731e-02 1.012552475291775192e-07 3.701406744052911091e-02 5.299713399340723756e-09 2.928277098974895517e-03 6.766211866499592912e-07 1.080349466859283010e-04 9.363910639689804560e-06
7.581844882491988979e-08 5.618670119439255842e-06 2.242423190528487906e-08 1.406693620631810090e-11 9.664823436673743326e-14 2.862654490746885498e-07 1.000000000000000000e+00 7.628543726487487373e-08 1.455005164863429404e-11 1.238376797952425759e-13 2.623314643175894026e-07 1.043529540857273179e-11 5.576208731771427300e-07 1.427277905709573665e-07 2.701341075080110800e-13 5.054156007259490744e-20 3.643521424709769529e-11 3.577600893469511057e-05 3.585310174197112363e-13 4.395343805859511727e-10 1.329064283709676116e-07 6.910086905657195984e-08 2.594380332380255444e-10 1.433548411387181667e-08 7.634984342117763534e-08 1.213176380306601693e-07 1.587159702110491911e-07 1.262581427406561468e-09 6.088225361899506162e-11 5.221724247044947949e-11 8.878193085569171753e-12 2.732008706442154547e-05 4.950856117380446310e-08 1.097468091630475875e-07 6.357814175126262107e-13 1.061694794127524515e-07 5.025278133538330269e-07 9.921207801037803989e-08 5.972372138304554220e-06 2.909296147724782731e-07 5.161939891561715239e-07 6.569351054678955653e-16 2.787823741641183986e-07 3.590135482920008462e-10 1.041138190998620497e-16 1.082937527374482276e-06 1.974981728049879718e-09 2.218832093246336814e-07 2.216691061234124211e-07 1.527417009653292355e-11 7.336033991241621652e-08 1.095877642070192521e-07 1.584022482493800431e-07 2.669782870956318994e-06 1.653621044801816034e-07 1.767451868442743938e-11 1.084175822665387866e-07 2.049144895645689723e-11 5.094232291919493706e-08 2.145238116980950232e-09 2.095824679104835007e-07 4.599983919624521213e-08 4.215531078747184444e-12 1.246808501246937203e-07 1.052933649546201858e-07 1.293132570311556682e-12 6.989908491543853041e-08 3.848919312491210099e-08 6.583747220371837944e-13 5.714913005297367501e-18 4.487529451200115925e-08 1.004415368093077330e-10 1.802899762451430953e-11 3.527670102644168450e-04 8.427387330217496861e-07 4.096294445773659439e-08 5.070564930916092595e-08 3.167081521926756449e-07 1.907850567600682591e-13 9.981833113095933819e-12 1.233664531042581056e-07 1.454975589123218117e-08 1.473552786732835017e-07 1.524819077236617600e-07 4.190858191688867626e-09 5.907088917952356921e-07 8.738671705988786911e-08 2.327767306576280409e-11 1.689331654273127803e-08 1.377848858287965976e-10 3.870486541209123148e-08 2.875422875499001474e-12 2.046865066349023036e-09 1.339411447579122841e-07 4.892406511586966300e-09 1.004636501258209538e-07 1.657556718909584547e-16 2.483781496517040489e-16 1.816772487381885910e-15 1.571944179815210288e-07 8.343138895229616588e-09 3.202077419962144601e-11 2.284281044758804532e-08 2.993606840309925599e-07 2.939912612936787103e-11 4.430000681813268007e-11 2.717009759151757627e-07 9.101447129327124101e-07 1.365213566244802248e-08 1.087408407045078085e-12 5.956743789914592341e-15 1.066594547229855186e-15 1.212237077414648719e-07 3.924412535797854535e-20 2.473968472139661366e-09 3.186953789523884445e-08 5.470928298814087374e-13 3.262063341681156551e-07 3.535843582536361591e-11 1.119243868712268693e-07 3.484104011532709359e-07 2.825691179078390917e-15 3.415736829120598857e-11 6.018185985642625038e-14 1.617232605605323529e-07 6.072294613397752715e-09 9.988839272950771483e-08 1.362997962611492580e-11 2.623655858944173583e-07 1.050905124322905185e-07 1.238667460805105198e-07 3.340382950021253127e-07 3.745335296706671254e-12 2.825752114071164370e-09 5.995255245285005256e-14 8.385252270852836808e-10 4.083214244112082664e-14 1.308127792032515826e-11 5.985357308008802072e-05
1.163316883854769281e-03 1.630768743791949895e-07 4.133073579756493050e-04 1.296641454648471407e-07 1.083663270128258001e-06 3.463638154599244512e-01 7.628543726487487373e-08 1.000000000000000000e+00 4.893075469273498528e-07 4.426668208615451794e-06 1.217979428941741421e-04 1.156821586056088657e-05 1.243810778811797746e-01 8.638461003420213821e-03 1.225280987480591940e-08 1.216515696788279291e-09 2.731081531895395157e-06 4.037546640530002883e-04 3.184073033986644294e-11 7.111828100129015413e-09 1.139527443218977783e-03 3.059997887301641080e-03 8.163179213173182578e-07 1.608413526155553011e-02 2.239126046996661908e-03 7.721788037451651418e-03 3.498134115018432522e-01 1.144066285431311752e-01 1.953366277377098931e-07 1.178934471091325114e-05 1.407254894908155027e-07 6.215312110456842204e-02 4.731411784356010912e-07 1.018085965089285047e-02 3.091134518666001410e-08 1.066330244757361656e-02 1.776137919938530865e-07 9.920225207381483043e-03 4.398419768158156051e-01 2.684338163773976482e-07 2.196954958531669930e-03 5.783338085982507555e-06 8.418504586750360369e-03 5.557708990432230333e-04 1.275780573045967669e-09 6.127092321535107774e-08 5.361171405734289994e-04 3.158294495050523731e-01 6.338064332712309279e-05 3.856618649285598277e-08 6.672896771197717181e-01 1.019066581254760712e-02 4.649304439929387994e-03 5.993687222981337100e-04 9.076782349560283750e-03 7.253934056767385248e-05 1.023880822963519829e-02 4.002762078936706767e-04 2.089554600888262095e-07 2.326594992257568128e-04 6.868790317842360989e-04 9.419586096327443869e-02 1.526430919124460311e-07 1.058645286701728229e-02 5.386889600218151396e-04 5.659665094964439445e-03 3.897555690940830622e-03 3.132217149378655928e-09 6.093769799054943881e-06 7.474876171201317877e-08 3.552724696006408917e-03 5.338203602333383563e-02 2.572875431443012685e-04 3.986304990855486286e-05 2.837324262931759274e-03 5.987880961259223200e-01 2.893533892193130897e-04 8.214084448134297833e-01 8.900157103652134251e-05 1.746859062431522225e-05 1.041179465385798364e-02 1.780472887810231886e-01 8.940942066953543321e-01 1.385915564311615208e-02 1.317458645092719561e-04 3.134018810664903178e-04 7.498209289659399368e-03 1.101885557844561469e-07 5.061189396609765465e-06 2.862338373488320861e-04 8.556803358807105742e-01 1.786758752440937260e-06 1.033426599650893328e-10 9.319100685619656835e-03 3.685674498738034583e-07 2.513724036006786261e-03 1.872872463130226388e-13 4.773213651596600265e-09 8.469580076781567379e-07 7.632166290679450252e-03 2.108312538473374170e-03 4.593684335413586904e-06 4.478680558586545582e-03 1.389044150197835472e-07 1.760128608198688100e-07 1.664847289525798308e-04 2.976129280503837446e-02 1.688134773374442072e-05 8.828702818071118563e-02 1.327341926231733458e-04 6.230046765064676560e-08 5.096923235960648829e-07 6.553157976432804829e-03 6.297224397684941807e-11 5.695228378845557099e-05 6.090662163224047285e-03 6.796992641578360220e-06 5.528029826393735524e-01 1.278067288944728088e-03 8.918926766116672252e-04 7.184590755059007128e-01 1.257084976809789340e-05 2.459731429765732302e-07 3.886393775912467133e-08 8.179885917367953757e-03 1.278540746143500603e-03 5.884894052854685795e-03 1.484214590900617417e-06 7.393407532488321943e-03 9.699571097514125828e-03 9.935851204982793644e-03 4.269245627001926578e-03 1.106079381482325627e-08 8.661528697136959424e-04 1.609901968890181906e-08 1.685071401604579244e-02 5.145673900219236378e-07 6.884176463171250149e-04 1.191298718014606992e-07
8.216767858959347738e-06 8.217818968981601914e-13 9.170996489718666515e-09 1.215776847943771006e-09 8.027358065636518764e-13 2.052483477926375046e-08 1.455005164863429404e-11 4.893075469273498528e-07 1.000000000000000000e+00 2.435132139197124297e-10 7.384716881543985749e-04 1.302285748425512611e-02 1.653858050842794839e-08 1.417452140635599643e-05 1.154026423125843030e-11 6.516222559531545384e-13 8.569731426297841560e-08 3.834560965087911514e-10 6.026981658688401150e-19 4.573161422127545311e-02 7.439814571962381819e-06 3.280074706474813475e-05 5.007899392539719932e-07 3.406930545847376349e-05 1.333682286128856842e-07 1.981377685131016983e-05 8.181822578939320270e-06 1.768151646376240073e-07 1.819810237701103465e-06 3.919564698418590425e-10 1.117959600495666965e-11 1.384157933130664991e-06 9.628147972595725460e-08 7.019414872015583532e-06 6.749679964166831893e-11 8.366796208879923971e-06 3.198186640357205560e-08 7.676252497438214656e-06 1.350017848026097658e-06 5.912369894568842004e-09 5.954775145791472754e-06 1.495356008318701324e-07 3.837882253963427158e-06 1.722978482224276788e-07 7.061511979740512368e-15 4.477658722116047111e-12 8.313716822730740512e-08 1.969995032709193968e-06 8.735489887568136867e-07 1.452689009572967647e-08 1.891042954271892011e-06 9.291762067454340277e-06 3.491169083223262450e-05 2.727027938223235241e-09 1.030476858610987645e-05 7.686297512104722481e-04 8.841833600646208747e-06 1.838311024788452807e-08 4.246236493936094466e-06 5.368607424211761922e-04 3.646062109970265577e-04 7.938540658690675632e-08 1.514450627947100286e-05 6.292466881981281667e-06 1.179012511009178345e-05 5.357274084277574761e-07 7.589100296742964935e-03 1.922188767359623337e-11 1.461478338219994582e-05 2.209437315321634065e-11 2.464315416437200478e-07 5.434359754653865945e-07 1.884505532073846526e-06 3.754536675121468824e-07 1.018710541334448116e-04 6.028976726270772359e-07 1.442273937169132137e-09 3.170513639407152325e-07 5.488382126328801836e-08 4.960133428822374846e-06 1.221212350301929685e-05 3.265290382532569657e-08 7.992986941091335690e-07 4.581189806412453317e-06 1.999924096029864965e-06 3.575331916654316206e-04 1.342852188261380223e-05 8.133462931052126016e-06 6.462052329314659746e-12 5.649344003542162216e-09 1.413962428703446896e-06 1.393004707537306742e-06 3.233881295219798308e-16 9.201338830723507521e-06 1.328399404904500397e-11 5.631968920512852222e-05 6.979518979728333633e-18 9.431058808775796448e-08 1.698806353701326560e-07 2.298266359513604489e-06 7.573699772199127099e-09 2.868295505912283184e-05 2.015806702416441416e-06 1.426766724435262409e-10 1.795141281437834428e-10 6.933359792682437567e-10 2.092932393659155203e-07 1.121837702230631378e-04 6.621999307277352050e-05 1.769905007674399020e-11 3.344353504527477210e-15 3.138929069528358527e-07 5.418940759920064185e-06 4.524107178401242209e-15 2.108187258441583673e-08 9.943058474813806732e-09 6.784071575068713800e-11 8.566522669080532527e-07 3.710643864657987877e-11 4.835550857591510701e-04 2.261316603236835959e-07 5.899783197930959218e-14 5.175129486299410969e-14 6.850285121107867930e-13 9.672465312823391083e-06 1.561264930957686868e-05 1.593247015284764584e-05 1.828574534866098155e-03 1.498643143349697899e-05 8.117471042486449733e-06 9.144264290123420863e-06 6.074236040090564428e-06 3.778374606874218199e-15 1.896419118256632291e-10 6.056416557941657866e-10 3.492568947744101689e-05 1.522292430948122434e-08 7.810647093878102817e-05 2.392815700223446701e-10
1.967456567443406738e-05 4.572961858763986584e-14 4.328786145358210224e-07 1.367038057628251667e-13 8.936823883294880604e-07 5.566371413655409250e-07 1.238376797952425759e-13 4.426668208615451794e-06 2.435132139197124297e-10 1.000000000000000000e+00 1.869757191834281935e-07 2.997537367505232248e-08 3.219675942885330098e-07 5.914796240965252082e-06 5.143272276779212893e-06 1.251057684989092989e-08 5.737878129446866831e-08 1.248397992506290762e-09 1.045722196169558383e-19 3.022509419504571058e-13 3.015564829126364378e-06 1.566902365603102690e-06 2.281783199114553628e-11 4.418047003984810887e-05 1.829423051839372470e-06 5.334323830944529564e-07 1.803151694155949195e-05 7.307059508491466245e-03 4.991371676317523785e-09 6.761064845106881446e-10 4.212616218992724788e-10 2.318968579159553160e-07 3.073415873473390792e-07 3.795824362473712711e-06 4.253995437537932007e-12 3.949173800876707117e-06 1.999636794666798286e-10 3.937831518952350481e-06 4.806796937827666898e-06 1.024322713598924764e-12 4.381340710000805063e-06 7.219897722673856553e-14 1.910409901552938638e-06 3.597447718469966222e-06 5.876086252150489439e-10 5.363673311985479905e-06 5.492014890114090797e-07 1.636378196322024787e-06 3.218220914950260564e-05 5.864268125046084845e-11 3.815137538198948999e-07 3.679596006126662777e-06 8.026448268119729061e-06 4.051051819370138910e-12 5.423524221902871392e-06 5.593142031154460875e-08 4.119749728836068629e-06 8.084397879649991331e-09 1.898271262890785444e-10 2.632718812461709888e-06 1.598581360725881158e-06 2.176315250023027884e-08 1.825907376659680767e-08 1.141893429941472318e-07 1.508178042838307860e-06 7.182677199503903126e-06 6.586134206024015844e-07 1.513158399876162461e-09 1.046607226944915174e-10 4.060465960312989453e-02 2.151447963245202361e-06 9.259996584560561069e-06 4.366668525207704091e-13 3.133898503521429506e-08 7.204783993759515694e-06 9.745712235725923823e-05 2.384439251957501150e-07 1.346400718560486229e-05 8.788976138737229335e-10 1.178783911010593833e-09 4.581232730781981881e-06 9.883591891344090545e-08 3.677913593540577744e-06 5.689389368272755492e-07 1.626984393910896136e-06 1.005413223552338690e-06 6.598902491314033520e-06 1.483498261998946832e-06 5.880554436653857651e-08 3.988897861574066522e-09 1.074766142232331465e-05 1.171015074661012738e-09 2.840925763767033647e-16 3.472488920646607840e-06 1.042898119367801036e-06 8.660064643179845488e-06 1.374037123240858112e-14 4.533032397654898541e-15 5.398594555399593228e-13 2.432578478200025427e-06 7.314621073641983128e-06 1.413849693680828509e-09 2.126781037635756591e-05 5.229168634027934222e-10 1.227601071995899771e-14 2.725013240136493769e-07 2.757822583461144448e-10 3.490640977146179568e-08 6.780934169276617751e-05 2.653601947775513824e-11 6.178348575665668558e-12 3.346677728865608805e-12 4.535257023325613939e-06 1.092541534400529876e-11 3.281198318104025687e-03 1.045131336870865216e-07 5.055804197511171063e-11 1.702448250124421840e-06 1.663121201721169947e-08 9.451352593012141503e-06 8.741330798219015377e-07 6.829092375525890263e-05 4.976202177123551987e-11 4.031482381698953630e-14 5.694891965521922078e-06 7.367481022159911517e-07 9.176000753771643186e-06 1.818212740355029347e-08 5.078875515314625303e-06 3.430382771728115116e-06 4.043323158233577215e-06 2.507620420947718370e-06 7.493592588320624217e-12 6.866526760580562097e-12 1.724857139646974675e-10 2.518371372153973032e-07 5.431856981040334670e-12 6.665960729373617504e-07 7.042751109271099965e-12
7.398613031761401733e-03 1.628021086396817953e-07 2.993708670565953874e-04 4.601044541305060795e-06 3.190095984310207819e-07 1.254994918366717578e-04 2.623314643175894026e-07 1.217979428941741421e-04 7.384716881543985749e-04 1.869757191834281935e-07 1.000000000000000000e+00 3.255514026188277565e-02 4.128709924455792454e-05 4.550578557276006852e-02 2.498100142569058632e-08 2.254662855467152886e-07 7.349860528912208083e-05 2.614618799026073147e-05 1.581758719392405129e-11 7.270304260414543231e-04 2.294201581416253216e-02 3.190252441179815268e-02 8.558556807032865815e-04 2.515050011505177638e-02 4.112827748070669968e-03 2.345115497366938480e-03 3.389117332989197932e-03 4.943581490316973417e-05 2.780365063137497754e-04 1.533371871147571459e-04 3.754513733109011064e-05 6.685424686214698324e-05 9.307467437254645509e-03 2.824203956436532187e-02 2.802867731104245462e-09 2.912820631121191758e-02 1.537067294833278377e-04 2.843892268986341482e-02 1.473761710540142755e-04 1.816710616135066103e-09 3.873081732093995588e-02 6.565201086813907362e-06 1.846949758574167877e-02 2.675472169024390758e-03 4.493814517316957470e-09 3.560545951820914977e-07 8.292281531310095779e-05 9.396257484890624271e-04 2.672997611541716011e-03 2.439822804663331035e-05 4.887591369570236984e-04 2.948911651236584691e-02 4.782302133264389188e-02 5.775123796010210307e-08 3.053316856516790148e-02 1.851612946612913799e-02 3.032513034756834785e-02 1.014084671990667352e-05 2.303064740604462263e-04 7.739082154590884444e-02 4.381167809374132693e-02 3.463384372526169975e-05 4.022342948925446127e-05 2.267848944255096248e-03 1.513536780409323844e-02 1.085124230646385726e-04 5.256893530017217944e-03 4.555304393091692568e-06 2.428007795700567756e-04 9.751210946914271297e-11 5.662186144260198013e-03 4.972654334949671261e-04 1.355309362148596501e-04 2.249726121552191613e-04 1.197233571994733847e-01 1.378011564060642111e-04 3.068813953997936951e-04 1.779035174445191790e-04 1.211210016380631099e-07 7.418191022645665916e-07 3.538351405180738957e-02 3.521639576038707747e-05 2.833171812234889586e-04 1.516165369506307023e-02 1.951247804480584717e-03 6.559145719457605272e-01 3.034837264505453255e-02 2.114793848156773965e-05 1.069784085782708846e-05 1.061687073831623413e-05 1.577498138351542936e-04 3.836941360293024016e-06 5.261984837719271675e-09 3.113344871047449974e-02 1.577121133486490809e-04 9.191537493011925353e-02 5.668699511947371932e-11 3.040933477585983501e-07 1.905720572554195260e-05 1.847137598439974743e-02 4.894652890907354306e-05 6.376297798732413931e-03 1.516361964432441992e-02 2.926010454392366622e-05 1.550236351380784338e-06 6.586351134159655011e-05 2.350366481942589529e-06 1.647734053773349527e-01 5.988115681858935217e-03 2.525506784843500656e-06 2.044296890505138069e-10 3.582211026390970671e-06 2.244194259800924574e-02 1.824585433692457755e-10 4.544290402336510591e-07 4.556213491870734556e-05 7.759123368791214349e-07 6.256007283949288188e-04 1.345621583831283561e-05 1.844377208992440398e-01 1.404351040255544800e-04 1.620308545792725480e-07 4.811382958551984787e-08 1.663628731348897401e-07 3.043628413183614365e-02 6.714951488339968109e-04 7.146388449865012649e-02 8.957355297061719152e-03 3.253206481035744030e-02 2.988992463205044151e-02 3.442583483177338172e-02 2.285103854463628112e-02 1.341717969794915821e-07 1.435060917770446589e-06 5.290826814380768719e-06 2.957187227291735356e-04 3.863979369486306810e-05 8.500375001292458446e-04 3.577709901263398157e-05
