1.000000000000000000e+00 4.989257174031541675e-02 2.244927179815669471e-01 2.877268542009235770e-03 5.013526159662336223e-02 1.108481978790287211e-04 2.436781095136153139e-03 1.631421419977799125e-05 7.203261108765834746e-03 2.189958135222688611e-03 2.285145742404678937e-01 5.272576291907062930e-03 3.091192080323388659e-04 6.129308179691974612e-01 9.634826758486043918e-03 1.842852855668273837e-01 7.101830871373488938e-03 3.862253538365322003e-04 9.802753700269618321e-04 8.461941855645868996e-03 6.468105179534401339e-01 6.575195898120024252e-01 5.635065757719387100e-03 9.371305389118225401e-03 4.372717495353506401e-01 7.426687194926235858e-01 8.481905848740872809e-04 1.222434873843163518e-04 4.923000790166950393e-03 1.287035208930980071e-02 9.508067763903067793e-03 2.246642247404563499e-04 1.107696274991481211e-01 6.090820003800450078e-01 4.245711761693713587e-02 6.073508811068842883e-01 6.591034379883138616e-02 6.083317780513939343e-01 4.153014036608497684e-05 3.924506500631209926e-02 6.557623887166257326e-01 2.646707611170496903e-03 6.127719935891645653e-01 2.555278326822378425e-03 1.900994176120778673e-02 2.273175492041727003e-02 1.579988875404832877e-02 7.643144871992485153e-05 6.778950566960730839e-01 1.854123475608058375e-02 5.003318327540501835e-05 6.086977796026717957e-01 5.716065863450296991e-01 4.960390271174213578e-04 6.195313160074682468e-01 3.005136817038460070e-02 6.061033822083089495e-01 8.332092515938246263e-03 8.481270683344957831e-03 1.351371154138490682e-01 5.125803454745191112e-02 9.247911632673847763e-05 1.271409702582760037e-01 6.965891722106788420e-01 3.086793919576333867e-01 4.558619228382852426e-03 1.014810986895457387e-02 1.276678162765878567e-02 6.057823887498645695e-04 5.098574831953176303e-03 4.998893945543302353e-01 3.350456579526597638e-04 4.252447215519087405e-04 1.899527726875741285e-01 5.096589700897016240e-01 7.408552325164590292e-05 2.052623217295482250e-01 2.500864558378679918e-05 7.137717611452662611e-04 2.519034530744156813e-03 6.084000596739084221e-01 8.376605718865199105e-05 2.609011109401256922e-05 6.237088014322215157e-01 3.699192474190768354e-01 3.048105627533500561e-01 6.039578552342680373e-01 4.999673246658639658e-02 3.245733177150860599e-02 2.178818816255342298e-03 4.055456333978310455e-05 3.920893874748636321e-02 1.652518564752940332e-03 6.110074523126125534e-01 4.436118134872931579e-02 5.213243124897958269e-01 2.674293487573299946e-02 9.607555902295844856e-05 9.992430284454451375e-04 6.071160312247612101e-01 1.664518352155305598e-03 3.033051236468087015e-03 9.192048651610097432e-01 8.791695515072441014e-02 3.810028898544288913e-03 1.403225858641296217e-03 1.962662253014492712e-04 3.464800951364695181e-02 9.404529988320701550e-04 3.567887698070572322e-03 4.077520258853006797e-04 2.977513725566601800e-04 6.193762314684101433e-01 2.452014175155172240e-02 3.465458529214023118e-03 3.758296070162163134e-04 5.842450476185222447e-04 1.963975842541461315e-04 8.624373890526740522e-04 3.358635448830753489e-01 7.729062987163853025e-05 9.396195005670036904e-03 2.959035178347107099e-03 1.366424130050195853e-03 6.279702427126072628e-01 6.218751449822462925e-04 6.091508733147057431e-01 1.075856442796053677e-02 6.277324718224958078e-01 6.075126111612623170e-01 6.065407035708003658e-01 6.334808807077608739e-01 6.832347931751736646e-04 2.998501988340660711e-04 2.320999162913533163e-03 1.381506658101886798e-03 1.135301207676469790e-02 3.266171505224219063e-01 3.443728979223296960e-02
4.989257174031541675e-02 1.000000000000000000e+00 9.049813937253754076e-03 3.600133218384839336e-04 1.255288688099933693e-02 1.411843245745119215e-03 1.241750711678324820e-01 1.234075314838972768e-04 1.664360472913171659e-03 1.310840824374109957e-03 1.033212717478817003e-02 2.635995641338551845e-04 6.184963789377847729e-03 1.625177208773875143e-02 5.656533741570577561e-02 2.127413044358729410e-02 3.397564717237144729e-03 2.026549327486383209e-02 2.182368452794977362e-02 3.280107092839940151e-03 4.585699957900084278e-02 2.913458503055933041e-02 4.353101741075469065e-04 1.185359082095526796e-02 1.473040637527289407e-02 1.341072538243597845e-01 1.439248025943737352e-03 3.498069591156472867e-04 2.869326013044795664e-04 3.799384391841356505e-03 1.162664559259485395e-03 1.329759723784383575e-03 6.750467727802492331e-03 1.656492451905163671e-02 4.327055121938109816e-01 1.574027403164933794e-02 2.484099063214081637e-01 1.586956064360111121e-02 2.946735276259369353e-04 5.169473590243029992e-01 3.675920129006068210e-02 7.567260130635863370e-04 1.761547551585343485e-02 1.909416263506589096e-03 2.839696319892800330e-02 2.765540860858876071e-01 4.196634907342086315e-03 3.306399332295796361e-04 1.653503585740414283e-01 1.180239214172151179e-03 3.143634251791850034e-04 1.582520441279199400e-02 1.645896480854564664e-02 1.650007295608365036e-03 1.667479734410258485e-02 1.853161180500382307e-03 1.556274203042091499e-02 6.034674824280283206e-03 6.730087113240647593e-04 6.186842309674193095e-03 8.162248654228869416e-03 2.152403704313656223e-03 2.058854334016262944e-01 1.040495123161224306e-01 1.083336631540231590e-02 1.932487195627809184e-03 4.054190350920259048e-03 1.461083481171877516e-02 2.325593844902408276e-04 5.204346568238052417e-03 1.584290249404389853e-02 7.950361389592328423e-04 1.301771173261760802e-03 6.340363932690447069e-01 1.555108963036676631e-02 4.420562887829054366e-04 8.459117976742867515e-03 1.641891137609871446e-04 1.541122495537739986e-02 1.042299710807900390e-03 1.599434018785720474e-02 1.372448064993444291e-03 1.897946514037243020e-04 2.314720528450800452e-02 1.671249756071732998e-02 1.163967446381463516e-02 1.663820741097247341e-02 1.491683338506667456e-01 2.191953281298121038e-03 2.638962077661919856e-02 2.295183200990224908e-04 3.222739120357819287e-01 2.004417686481924782e-02 1.620892557522900929e-02 4.768939924897223730e-03 1.589160726371165178e-02 8.689262569464169944e-03 1.357496673537341000e-05 1.769604537878283722e-04 1.765310404085731685e-02 9.327016639472660627e-04 1.022259576647686821e-03 3.092967888743099886e-02 5.016448321630692098e-01 6.761178920562582739e-02 1.772080076821092769e-03 4.381582488481495672e-04 4.359079517842590935e-03 2.615014078633821383e-03 3.082041584741608900e-02 3.019107609503484833e-04 8.329615993032314539e-05 1.992497545206498716e-02 1.625600118908416408e-02 3.369226623911610735e-02 2.413557736793290535e-04 3.702002538570676906e-04 1.648721408595549233e-03 4.434110214578993250e-03 1.284717975458566676e-02 7.366812626487987499e-04 1.490339976183408443e-03 2.837442965461847428e-04 6.421403519957449716e-04 1.787667171580207409e-02 8.111602788478900969e-04 1.653769253756704610e-02 7.096906044386666699e-04 1.814191044444639703e-02 1.575194138303815175e-02 1.587539048405559039e-02 4.149747307943563862e-02 1.300501773986509888e-04 7.052151569134207203e-03 4.554363513838711455e-04 1.986689589925407819e-03 1.394743764883936941e-03 1.776750699935474020e-02 4.206200552398212666e-01
2.244927179815669471e-01 9.049813937253754076e-03 1.000000000000000000e+00 3.022396447019246729e-02 3.320641961282692206e-02 5.990158758813241447e-05 8.399777705145146031e-04 1.150179046562678592e-05 2.968182615623136001e-03 4.998110270027576307e-04 1.220510058626092242e-01 4.925427155135766663e-03 1.438761161901592491e-04 3.740690355638296993e-01 2.372978567065909400e-03 4.903648835462921796e-02 2.203521420571077916e-02 2.506823190089661714e-04 3.068866048284141614e-04 3.762060347768445782e-03 3.269215249896383901e-01 3.638506594227290947e-01 5.375093525064602099e-03 7.663561280861957981e-03 8.310678860897071640e-01 1.841270776509302820e-01 4.735689231752278350e-04 5.566032957282745613e-05 2.198163257399043426e-03 1.101502393544076669e-01 1.594142914555769230e-01 6.606577766136275331e-05 5.119154932966811511e-02 3.827809445045525227e-01 4.536611798143592306e-03 3.699590962544191397e-01 1.690312770021550753e-02 3.698592137678213265e-01 2.186072586174075348e-05 9.010729894326070105e-03 3.490808632292298208e-01 2.441493350628462858e-02 4.233412423530469870e-01 2.778321434661050471e-03 4.607506868156118970e-03 4.511468835013761509e-03 1.384036189644849979e-01 1.484827650135551818e-04 1.603157002441494561e-01 8.857368738488230475e-02 4.599479613234470812e-05 3.681948597557399561e-01 3.494672360945126899e-01 4.685241280031784798e-04 3.699867587168894634e-01 1.707586564178584926e-02 3.691259352543617700e-01 1.169298172944457231e-02 5.001929660211057276e-03 6.651117747288394499e-02 1.296725836019698395e-02 4.657607444663786934e-05 3.332222815203175065e-02 2.325917307898781594e-01 1.943236778133811127e-01 3.414728692184552852e-03 3.667252440563134770e-03 9.692688821563358315e-02 7.435423087558130483e-04 6.765152354120423277e-04 7.347195689742156421e-01 1.395502377829985360e-04 8.477810963382532723e-04 3.390993422382935357e-02 3.093035993888226254e-01 3.966365761502556125e-05 9.967720546949422333e-01 2.069969265822493176e-05 2.522510087348496435e-04 3.684733701020613018e-03 3.705567070550097597e-01 4.435548441491552694e-05 2.008882056865836897e-05 3.858034422963508847e-01 6.252234228888222667e-01 1.668355504665268163e-01 3.698370027636015411e-01 1.130760288052420730e-02 5.816147143686446475e-01 6.544897252485214634e-04 2.816413056971059847e-05 4.291408678286130415e-03 4.290575379851530036e-04 3.703414695710108284e-01 5.501829903097630314e-01 3.167381187951712196e-01 1.860130387683413961e-02 1.271610934150440761e-04 1.604951717828148995e-03 4.554641114838193228e-01 8.121214917436314282e-03 5.001329554035518522e-03 3.115751131630976611e-01 6.456634607824004828e-03 2.482848013405789672e-03 1.819547658544778609e-02 1.850668528408484315e-04 1.253637011127474443e-02 6.501068504655957469e-04 1.091646708655800210e-03 7.397404978480461371e-03 9.256917478757326675e-04 4.836846437868805859e-01 5.263227280996358656e-03 5.614359288175638707e-04 3.952508551934755254e-03 1.615431903653005014e-02 9.867237708614915066e-05 2.723243774908718439e-04 1.991055309943431662e-01 3.798212258569986117e-05 3.652582705016635400e-02 1.572581607871054443e-01 3.962901661166596395e-02 3.726102377693157885e-01 1.181692925707629720e-03 3.738882701469556369e-01 4.945066277203395352e-03 3.735988654597804937e-01 3.701198039074613533e-01 3.714643555471345837e-01 3.501194391778997272e-01 4.694420031809630467e-02 1.654443780248307278e-04 1.293858925683405089e-02 2.413725695363791966e-03 1.471355772556957042e-01 3.468941821213265553e-01 9.046704303667866057e-03
2.877268542009235770e-03 3.600133218384839336e-04 3.022396447019246729e-02 1.000000000000000000e+00 4.194616070361327194e-04 7.934825456553424737e-05 3.561647280586780298e-04 9.257919058603956736e-05 3.118665830589913753e-03 1.427387461417720018e-03 4.446916312403045683e-03 7.601039752425191136e-03 5.554227645871961640e-05 1.826369374939844793e-03 3.300154794307110233e-05 1.411587265491660859e-02 5.808025186199003986e-01 2.077846011414592444e-05 1.241608598171851463e-04 2.002368000435097734e-03 1.903538388870461631e-03 2.014001805079614592e-03 9.678220387619840379e-05 4.975404525192882177e-02 1.099768814439858709e-02 4.093860930319417370e-03 3.018012670774562669e-03 3.169693400690433535e-04 4.617795630329343197e-05 1.755327309018270832e-01 2.246140128499681254e-01 3.149489062121563752e-04 9.710458224060865067e-04 1.853711536439981485e-03 1.315610020799182515e-04 1.724399919065938746e-03 2.413902517808167001e-04 1.712261539872379735e-03 1.269093027880207583e-04 4.035064974686629791e-04 1.955046084495892702e-03 1.064463195351590813e-01 2.367622055755805137e-03 2.304233503321610407e-02 8.447635138394393164e-04 1.600750740831093316e-04 2.474282363068413260e-01 1.104985557573514004e-03 1.522669223549458608e-03 6.963925869484371978e-01 2.214871748308225373e-04 1.704338635506351006e-03 1.960612531370350964e-03 3.024461231040828603e-04 1.787154428288477382e-03 1.216952903028913893e-03 1.717986431657493292e-03 1.854003813937073475e-01 8.112371914050697981e-05 2.333335271862974590e-03 2.598512776843421926e-02 2.434375588971165352e-05 3.872964901524473028e-04 3.654605173551960570e-03 1.493225731286024292e-03 4.637286770720235041e-02 1.171146493905064236e-02 1.352383770638981852e-01 2.895443116105611710e-04 3.956750198728587386e-04 7.845945754529206478e-03 4.231496393645009556e-04 3.662989926334654775e-04 1.426475560599902836e-03 1.895113668637681600e-03 2.508374226036478335e-04 3.112617064752305415e-02 1.584100608024580623e-04 4.836460670843834421e-05 1.439074189965167672e-01 1.764088139967565777e-03 3.270684519398091912e-05 1.419400667002550329e-04 2.181672995172433561e-03 8.317055254241970119e-02 2.571564115649695691e-03 1.880076290576942772e-03 1.513134508733381014e-04 7.483335822881923005e-02 3.578041698762577055e-05 1.946832526157378908e-04 2.148099304248085920e-04 4.222842442621143033e-05 1.733074010533814085e-03 9.716890566264836659e-02 1.887246118076844935e-03 2.941944295366411173e-03 5.186236105566930583e-06 6.320888461194270691e-05 2.732650421192309859e-03 3.713546663396134762e-02 6.386487224532519380e-02 2.513183854043653069e-03 2.300417994328973780e-04 2.197055081332879129e-04 4.436636783614887614e-02 4.325062473394236098e-04 8.973196811075323997e-04 2.150897401718655441e-03 3.465071954188792881e-04 6.075533615379221687e-03 9.089168958969804182e-05 3.302006974122173675e-03 2.308789589407230815e-03 3.091312272457106712e-04 1.537041107826283247e-02 2.508907445076403661e-02 2.739755283454239215e-04 1.954553964125136864e-04 1.762235362764039744e-03 1.534474051735467011e-04 2.250852901657867181e-02 7.075609981708004537e-02 2.292347227010209376e-02 1.829165758704065503e-03 2.407392127835962514e-02 1.915612919697259886e-03 2.325762971586781884e-04 1.865156493936916734e-03 1.736167548650560362e-03 1.737597251174704312e-03 2.022595856241661202e-03 5.434264004406695603e-02 1.027206517991505677e-05 8.096662387787327830e-01 5.373362246837751904e-02 8.877292728294584878e-02 6.939664712657708789e-02 2.092003824027864817e-04
5.013526159662336223e-02 1.255288688099933693e-02 3.320641961282692206e-02 4.194616070361327194e-04 1.000000000000000000e+00 5.649143621621416367e-03 1.107181914174139824e-02 1.045142446670953252e-03 2.765015023515461287e-03 4.710741623838797520e-02 2.289907231394195525e-02 5.546542949108794821e-04 1.738910427315115345e-02 5.992251562138859594e-02 1.875348124823403295e-01 1.990466137994924972e-02 1.172117516137560723e-03 2.619313570165861943e-02 2.112181362444648435e-04 3.684016364788390927e-03 8.203769531746099575e-02 7.412453523149391266e-02 1.394655606817933428e-03 1.076677912228386942e-02 5.444632513809447710e-02 7.856232917697206219e-02 5.303186088817373259e-03 7.569001801964954194e-03 4.114941700742164163e-04 3.456262222750286408e-03 1.744340636034627133e-03 1.509891714245335369e-03 1.062389573710819865e-02 6.213805882948312403e-02 2.169456445989736276e-02 5.848147048255233210e-02 2.918047493388891550e-02 5.849440449063890435e-02 1.662714693623961251e-03 2.777777929712075752e-02 7.935390580718004738e-02 1.230157766681701584e-03 6.441529754894952109e-02 2.490182511522475578e-02 2.825410336703800679e-03 5.298507097282325468e-02 1.353033107331540197e-02 3.868202185364400750e-03 7.042259650501041246e-02 1.326379342439193464e-03 2.414042432110637126e-03 5.852339712091580992e-02 5.630921824351684674e-02 5.082123645275869218e-03 5.973602908923975052e-02 2.942331956407089229e-03 5.844190812222085224e-02 3.117015227572120326e-03 1.099610502049809925e-03 1.243084695887632270e-02 4.639344121596221046e-03 8.527057356453343617e-03 6.490144887495462311e-02 9.193665399315388564e-02 3.175369197582876557e-02 5.552025189881330640e-03 4.780107836723227616e-03 2.487659863361196474e-02 3.104994327735461626e-04 9.353591595339559583e-02 5.883551290327441313e-02 1.356339705846117648e-02 9.334010804884919354e-03 3.789440210098234119e-02 5.164180423679827492e-02 3.194752238218515148e-03 3.145513478861895751e-02 1.271653509352009982e-03 5.516004167724770924e-02 6.252052854237670747e-04 5.901914149318805702e-02 7.314726416142336429e-03 1.542670693918959945e-03 7.791589829933916189e-02 3.165507198884397883e-02 2.955790655374315040e-02 5.996204213807992955e-02 1.129419302626494537e-01 8.726658838760831607e-03 1.032238521362828926e-01 2.051964623841420667e-03 5.529229956662184975e-02 1.034141348458691642e-02 5.936519953311916037e-02 1.034396163125196090e-02 5.224591240683201798e-02 1.967907103220530030e-02 1.841437229947952465e-05 2.942976699708633841e-03 6.471873712618105012e-02 1.733474219627919796e-02 4.421920493147542090e-03 5.685775216221713307e-02 9.289116342277850200e-03 9.336709713397846333e-02 1.616461769239024501e-02 2.257079716525702429e-03 3.137743854487200744e-03 1.793188239167326642e-02 1.504315922113713677e-02 3.288954501847876806e-03 3.437044437247257058e-04 6.992440827587732832e-02 2.969385395920387354e-03 6.304583390022770739e-02 8.475985984092798686e-03 9.254133926324219911e-03 6.420953147970693067e-03 8.725815297998446712e-03 3.536942917160593169e-02 2.439458763438210904e-03 8.818700542774807194e-02 1.467836325485774975e-03 1.519021166534730623e-03 6.203543997800662485e-02 5.706558808371869906e-03 5.988789067892374973e-02 9.738332080278149297e-04 6.229162510181474044e-02 5.851864903011336910e-02 5.894247474429152589e-02 9.314962883100021129e-02 4.146981999686026772e-04 2.358676234023880658e-02 2.911065273195184147e-04 2.846447655098916299e-03 4.267290810472465154e-03 3.389881817681598963e-02 2.130174675684814306e-02
1.108481978790287211e-04 1.411843245745119215e-03 5.990158758813241447e-05 7.934825456553424737e-05 5.649143621621416367e-03 1.000000000000000000e+00 4.476228234262056432e-02 5.882385672118681796e-01 1.226739915603230623e-04 3.999321461032393638e-02 5.134867811261554940e-05 1.982761054668324350e-05 7.649084610600100920e-01 4.141064176166237866e-05 1.337352882374374073e-03 4.152798003764352733e-04 3.499512548763438640e-04 1.841546216142451176e-01 1.364100228060382246e-03 9.886301619071893691e-05 6.747303743336333039e-05 5.912580368956535208e-05 4.262439588212952637e-06 2.732858908039641557e-02 6.568160234878683964e-05 1.093465116250720483e-03 2.908998644703055803e-01 3.778676723585399633e-01 1.106527285657561518e-06 4.188975089586751159e-04 2.844328479444323176e-05 3.291002095521829429e-01 1.452786620236959379e-05 4.436149184642895933e-05 3.930690563330769974e-04 3.814998559800628189e-05 5.822903580469841343e-05 3.823674061994494766e-05 4.876302135339704580e-01 2.858796520350054098e-03 6.388572363873725932e-05 4.937263212954045568e-04 5.127665382035110579e-05 6.458577430071750503e-02 2.356392612395254597e-05 6.983456413890118441e-04 9.500117489004269783e-04 4.390208677998013731e-01 1.297151446048220951e-04 1.149757808926332606e-04 6.011093359365026201e-01 3.871215960964389288e-05 3.886082435735215988e-05 2.302284662816297123e-01 4.027103859603138781e-05 1.827991912962933905e-05 3.842030405573603478e-05 1.397752456607429493e-02 1.701224071323600130e-06 2.521368628334825929e-05 1.519670253941252883e-03 8.209662016710035370e-01 1.309942567837466638e-04 1.015076400340874123e-03 2.391517098396229681e-05 4.708449310098930529e-02 6.477850632315727830e-03 1.065473260024922758e-03 1.302120325948395060e-05 3.839715834294651214e-02 6.531182505572332494e-05 3.794118166475799470e-01 4.023961008678074436e-02 8.716153332044265702e-04 3.653885176044351622e-05 5.766358538286454616e-01 5.629615532089331774e-05 5.470490466929981421e-01 1.762292321883291157e-01 1.559219222279845064e-03 3.936451464257144925e-05 9.246808505258634625e-01 5.691624562512008767e-01 8.935909530135827236e-05 2.380701782080224516e-04 3.348332067765618671e-05 4.180466866431199822e-05 4.193130985958333089e-04 2.909137536838243395e-05 1.270831120864098218e-01 5.040701534554892227e-01 3.307416580306126591e-03 1.556840576950242472e-01 3.933337357611148315e-05 4.543223615923247045e-05 3.598604498590819793e-05 2.933754790528796293e-03 1.296885751145811752e-07 9.647205377711257188e-05 5.375164084915550839e-05 6.650110538658710047e-02 2.988411696713284132e-03 7.665797662841439199e-05 2.220601396965975769e-04 7.616563692083391790e-02 1.041508043469914317e-02 2.789886761410676486e-01 1.811039147090765937e-05 2.158510126664957285e-01 1.860165008478394943e-01 1.120358161516916062e-03 4.659507138224657999e-06 6.588144961304468633e-05 2.946457188664131216e-05 7.444411615434337604e-02 5.785062907923664566e-02 2.111541698370751185e-03 8.508000580474185393e-01 3.602800884111749813e-01 2.952792836540759998e-05 8.012454322396020956e-01 1.253111020841418156e-02 6.205071879892402840e-06 2.436729453801143148e-05 4.387007352939096871e-05 7.389694594373515113e-02 4.079328397367462000e-05 2.329822502429449314e-06 4.375202862822597378e-05 3.869872818599647435e-05 3.898863248946783677e-05 8.703265675972032757e-05 3.862705791417690398e-06 3.224768209056935175e-01 9.611038333897826296e-05 4.664836223000123211e-02 1.148465690821312904e-04 5.138468929339230773e-04 1.803000486069002075e-04
2.436781095136153139e-03 1.241750711678324820e-01 8.399777705145146031e-04 3.561647280586780298e-04 1.107181914174139824e-02 4.476228234262056432e-02 1.000000000000000000e+00 1.371951986552801504e-02 2.369355941703823066e-03 1.702224288679685810e-02 1.391492789675521403e-03 1.884074668108549997e-04 1.075815003086938032e-01 1.056970549012603133e-03 2.171586412777970487e-02 1.768158768743924997e-03 3.046733871070062688e-03 1.069128957623051851e-01 1.375811294866471565e-02 3.259326775119624625e-03 2.948279375831307746e-03 1.960276793521423429e-03 4.472650115416760159e-05 3.505738215991578005e-02 1.150040228359267870e-03 1.675560549552504441e-02 3.605730866015944419e-02 1.615531654231446360e-02 1.790313952827835025e-05 1.562420184399327316e-03 2.400310360276344953e-04 7.526831877414866256e-02 4.996350096920055628e-04 1.103837042379580838e-03 3.043856945639529174e-02 1.006168128007825903e-03 1.602228670091597820e-02 1.015348158110310987e-03 3.097538433550360223e-02 2.321332591812771962e-01 2.406534049832161938e-03 1.402624510199546124e-03 1.220669119472021216e-03 1.353715831743262411e-02 9.632565799468992144e-04 3.589148646288133765e-02 3.512240838065585485e-03 2.034783505985297142e-02 7.539317089312221054e-03 5.988576379247929080e-04 2.257368920085433411e-02 1.015966749517120769e-03 1.086994710073228496e-03 6.965598986096041556e-02 1.075268913137143040e-03 2.414719998967795162e-04 1.007812712900960127e-03 1.197153776829458158e-02 6.045248971110902224e-05 6.889238506292123896e-04 7.406069308333445948e-03 6.133259034547081795e-02 1.768341357877673339e-02 1.458160334676242807e-02 7.300318040907477794e-04 1.307034860875541660e-02 2.220755871420468028e-02 7.634802909360249856e-03 9.058849539193367258e-05 3.970554935217163878e-02 1.203938261044435083e-03 3.123468096217092357e-02 1.303334636455102426e-02 5.513828849270135946e-02 1.069563632529727101e-03 2.535264714257522492e-02 7.664897074913506331e-04 1.631834156994498713e-02 8.826315065632349410e-02 4.402294699136499734e-03 1.040358818105766416e-03 4.723816862220778234e-02 1.885338620941165444e-02 1.895598109946175936e-03 2.271138531086281959e-03 1.065595601586539825e-03 1.090770004299920683e-03 2.336344029533951594e-02 2.750369791358783745e-04 6.199479497846181048e-02 1.975889354348557558e-02 5.542434195569347771e-02 7.346032953590372894e-02 1.039112113757297874e-03 5.672533987885937119e-04 1.056796190344542682e-03 6.744655182273846632e-03 1.438146003692561617e-06 9.816052063087715035e-05 1.230151824973266207e-03 8.662636971667778824e-03 5.236566555971433612e-03 1.579550734610371543e-03 1.531083644299560155e-02 1.211392133076954342e-01 6.551040992358096900e-03 2.695685110746389584e-02 5.193958721928860264e-04 6.166823989443646209e-02 5.843130580942847846e-02 3.844045853477367808e-04 2.795207942288783167e-05 1.453452121791575782e-03 1.032179543739345905e-03 1.000476406934865531e-01 3.514114834416435292e-03 1.363341341795603441e-03 5.365229559148528005e-02 2.734674805348808954e-02 9.465645146248905526e-04 3.860362353662540047e-02 5.676801356925490448e-03 4.271751064338795748e-05 1.913458623106914849e-04 1.162771443011820531e-03 1.384326191144595597e-02 1.078108260466755950e-03 7.016597756584354425e-05 1.179803189053596664e-03 1.015848173920235169e-03 1.026704562098358772e-03 3.075492656646809826e-03 1.987241616640593808e-05 5.959044906978814421e-02 6.520369896315968746e-04 2.329316229986696726e-02 3.980077470818159792e-04 4.187049275268738338e-03 3.977134820605586485e-02
1.631421419977799125e-05 1.234075314838972768e-04 1.150179046562678592e-05 9.257919058603956736e-05 1.045142446670953252e-03 5.882385672118681796e-01 1.371951986552801504e-02 1.000000000000000000e+00 1.299798766614473303e-04 3.672384562317072831e-02 1.518226223529009588e-05 2.431621661343550393e-05 2.647518080917662386e-01 7.115665527631272801e-06 1.588648344540403057e-04 7.478085204233773865e-05 3.293512696682906527e-04 2.830182846486311091e-02 2.254833612982812328e-04 7.516364873091979832e-05 1.013907056697008756e-05 9.583426260747571353e-06 8.850208932166362763e-07 2.519899315824713007e-02 1.197743904516188065e-05 1.949413490311440096e-04 4.550544674119983979e-01 5.646465829996208940e-01 2.100573402987009563e-07 1.736642979435976055e-04 8.664256177259132741e-06 4.523707583250292652e-01 2.717455891032077567e-06 7.616793783631063757e-06 3.255210009352756497e-05 6.493978473070403836e-06 6.034820515931830473e-06 6.530723264541612883e-06 8.411186770750911368e-01 4.679162796279929854e-04 9.928585864962799137e-06 4.273038478985683310e-04 8.898496204640326211e-06 8.057113895978688933e-02 2.822983911805526311e-06 6.956215218719518755e-05 5.167768876309771159e-04 6.602525169648739700e-01 1.506422711058950359e-05 8.425383543863664058e-05 8.588295741649154547e-01 6.600593862638480657e-06 6.742199763214515007e-06 2.143875829622880480e-01 6.888251621893089014e-06 5.275635760117990057e-06 6.600728252626027399e-06 1.324177053318669264e-02 3.133367300361485821e-07 6.647189228972614858e-06 1.397066382435766842e-03 3.478356395159879488e-01 1.470431949314852750e-05 1.797546514275448416e-04 4.193051370058718993e-06 7.365402470353836495e-02 1.037067875900895240e-02 3.452102032833318282e-04 5.097524383533248684e-06 1.476727512581687239e-02 1.181921593811023399e-05 5.437609790529126519e-01 2.396006526077434570e-02 1.010301995533600288e-04 6.456166290553994722e-06 8.684073807308486659e-01 1.064075275627317065e-05 9.642632846165140048e-01 4.540762746236570030e-02 3.656680120538302690e-03 6.762387285840038339e-06 4.689693162861353071e-01 9.729877061315848064e-01 1.555634765838309809e-05 6.626619949452312007e-05 7.437488385069949729e-06 7.156976102413549612e-06 4.990005558527765264e-05 5.997791972217577865e-06 1.710407471869850038e-02 9.101251722687859758e-01 3.266870082658546192e-04 2.174959634529656516e-02 6.700878523739390090e-06 9.190705903909283803e-06 6.230800051947535942e-06 9.754919750268008227e-04 3.100930262838599687e-08 2.528828865442266978e-05 9.385697977243936545e-06 6.500118530482437706e-02 5.822189561651110352e-03 1.149417771526777480e-05 1.676770942335283366e-05 1.179428744959298836e-02 4.844861784260205174e-03 4.216936661186343471e-01 4.171598357046069144e-06 2.992943416752577024e-01 3.193037098907304527e-02 2.632407047805519328e-04 1.159027452142693173e-06 1.154444843348167438e-05 6.346950527457991739e-06 2.282100229741166469e-02 5.785380375710739986e-02 8.933919367955075932e-04 7.431711233731388422e-01 1.000832197316586097e-01 5.415257978500145304e-06 8.585976932051145871e-01 6.536049112734615418e-03 1.417808440382382774e-06 5.521659127170068621e-06 7.427813332699233250e-06 1.377830996814729814e-01 7.027918754255526264e-06 5.621263330241607718e-07 7.448403139436574516e-06 6.638706037112735265e-06 6.672580467548388451e-06 1.363666792339157573e-05 1.032664609088770033e-06 5.302964203283788702e-02 1.340219643510351258e-04 8.275910034517949820e-02 3.697173883519335217e-05 2.095668131208243130e-04 1.742267935434773363e-05
7.203261108765834746e-03 1.664360472913171659e-03 2.968182615623136001e-03 3.118665830589913753e-03 2.765015023515461287e-03 1.226739915603230623e-04 2.369355941703823066e-03 1.299798766614473303e-04 1.000000000000000000e+00 2.555398639214352847e-03 1.724143999139684802e-01 4.490859220193095247e-01 1.897370385545378341e-04 7.981416030720882293e-03 5.679709290454754231e-04 1.958421108949479766e-02 6.009428589685209335e-03 2.026908770982245069e-04 1.055547658210040301e-05 8.883914955848452033e-01 1.035262621479895659e-02 8.958519018124413286e-03 4.196594394567450259e-02 7.352744937811156456e-02 5.616447050784228491e-03 1.570094398209772105e-02 3.833632029470058350e-03 6.996645591436756028e-04 4.065823574941528767e-02 2.225923797431308970e-02 1.777809387601545247e-03 9.770940153770381505e-04 9.696074475750297850e-02 7.470842380825607268e-03 8.650632744304406199e-04 7.154284186900702718e-03 2.383606097454211287e-03 7.164282079252086780e-03 4.107495653674853790e-04 8.609356935696808530e-03 9.415155841786593260e-03 3.542127857018882719e-02 7.925606663169274674e-03 6.978165559489252386e-03 1.231201017421803276e-04 1.566601797119303221e-03 1.599612378768803383e-02 6.649301039629779749e-04 7.056541529325851755e-03 3.721099092125305062e-03 5.565573596406918518e-04 7.199588758971036881e-03 1.501429094646371601e-02 1.693110593705262094e-03 7.554777730117592620e-03 1.749171790704798224e-01 7.147088993573575202e-03 5.627778284453115523e-03 6.259595019336058885e-02 1.743280083425077787e-01 2.433092944145448244e-01 9.893165836823147874e-05 3.487372793827955928e-03 1.613473655079689442e-02 4.563525389588829473e-02 9.041768251892578351e-03 2.120354620191184924e-01 2.488432834946095393e-03 6.684822216457984856e-02 1.142995240900823110e-03 6.447015769070661706e-03 2.281558118328499713e-03 1.431002679802634292e-02 6.254462985985387649e-03 2.208214894509942863e-02 5.755394090141996996e-04 2.600635635728305948e-03 1.940178977641801583e-04 4.126395014853922387e-04 1.157196993581907120e-02 7.540938236927854574e-03 7.996806382887774783e-05 2.358635030521345093e-04 9.860411975694217609e-03 2.077583299416859916e-02 7.918241054770494558e-02 1.008840872339965104e-02 2.113425885683823530e-03 5.327816434188739191e-04 3.049722648297420458e-04 5.291660842082850612e-04 1.765021455872723116e-03 1.354127214058127831e-04 7.291998954378697655e-03 1.900930180918913859e-03 2.074383679795507168e-02 1.014641175946493501e-01 7.467478052019992096e-03 1.938836213746061160e-02 7.917848864756786911e-03 4.069701572991987412e-03 1.226225967355786678e-01 7.057720079142727927e-03 1.072898861381510688e-03 5.819630123594513645e-04 1.275706091169529974e-03 1.124461547040387591e-03 1.733484554691077373e-01 1.319393601256805063e-02 2.513968599166658993e-04 4.124210941909529980e-04 1.493425212677788362e-02 8.881940919490490319e-03 4.694181894519822975e-04 1.204694522156887250e-03 1.635076882523318811e-03 6.839998609442077661e-04 4.100645111934489223e-04 8.960290641908044554e-05 5.060211498800889357e-02 2.646499425717880835e-04 2.340586977944906881e-03 7.312238605047889270e-05 1.797461540266400825e-03 7.673630136563189437e-03 4.261469369694885316e-03 9.417405926776265326e-03 1.310764523914522139e-01 7.999456694969781650e-03 7.223387939806008573e-03 7.286448177419306733e-03 1.001975269083818683e-02 1.479645786376162511e-04 6.263116598929091973e-05 2.396302181365553979e-03 9.476681423981512045e-03 8.746078151135035922e-03 8.274261194355929383e-02 1.983030556416182436e-03
2.189958135222688611e-03 1.310840824374109957e-03 4.998110270027576307e-04 1.427387461417720018e-03 4.710741623838797520e-02 3.999321461032393638e-02 1.702224288679685810e-02 3.672384562317072831e-02 2.555398639214352847e-03 1.000000000000000000e+00 1.016465998873750240e-03 4.605045846453766881e-04 3.495918401202115222e-02 6.088861631519709890e-04 1.466717043648841853e-02 7.051605187437408329e-03 7.385705124262583084e-03 7.196419492575953022e-03 1.416921313386221184e-04 1.649197407739842790e-03 1.018833418682977632e-03 8.715126550671888203e-04 1.682185763738496567e-05 7.104351283506385450e-02 6.760977310039828925e-04 5.578210406276646986e-03 1.098337030718185420e-01 2.464829516851580471e-01 8.084727978076389161e-06 8.092817941152284558e-04 2.352742926764483954e-04 4.036683410802872907e-02 2.189609742750215846e-04 6.277222589209265199e-04 2.748109593184482752e-03 5.752713906935753938e-04 9.289357077167633217e-04 5.784569180394830623e-04 4.642887603518897066e-02 3.589275222406622477e-03 9.530229144558012132e-04 6.384770220780796321e-04 6.912065823251520563e-04 3.411990606130334003e-01 8.165642532822825006e-04 6.428446976859185542e-03 4.419341618098139753e-03 4.805441642028085436e-02 2.141759809276676078e-03 2.430937401339618425e-03 3.555994619310264004e-02 5.774817459958993000e-04 5.775773384373794834e-04 7.771527512553026359e-03 6.137077943582848905e-04 1.662566258725716394e-04 5.773499563870487707e-04 3.202081113693004688e-02 1.484889730346331717e-05 4.598781826142277662e-04 1.519450224036932549e-02 2.537782204630336519e-02 2.225639862706954228e-03 4.121123131583097690e-03 3.211242620137871829e-04 1.208482331546381905e-01 2.922197993869853419e-02 9.731822084335959439e-03 4.019061295869624415e-05 5.881541598491706324e-01 7.087676549399434369e-04 2.104434385158966969e-01 4.370812070300692312e-03 4.925046908121625405e-03 5.414412927091077476e-04 9.280649281236166837e-02 4.622446101616547098e-04 3.698133882446300036e-02 5.432304704423869535e-02 1.270438628330123644e-02 5.908879287099647352e-04 3.251974844401760156e-02 4.387252889053302324e-02 9.241248858110947401e-04 2.886112257874961541e-03 6.126504341159740279e-04 6.006605148477030297e-04 6.153393501633957520e-03 1.914702480074303016e-04 3.120539661168894585e-02 5.431873418219815980e-02 1.397290632417646540e-02 8.425098384176290395e-03 5.892375457971974189e-04 3.199340415540283017e-04 5.345039778021272187e-04 4.719986268932870564e-03 2.293054745413269773e-07 8.060701524031018968e-05 6.993398542575854533e-04 4.840672584512985266e-02 3.279495850394482936e-02 1.245859531673234070e-03 1.615659195445192124e-03 2.375649972480507396e-02 1.188000310141245318e-02 1.293940595298756838e-02 2.063124428642610503e-04 1.448275183195771587e-01 1.914556243158873142e-02 3.500482451713811827e-04 7.497229580404918302e-06 8.270150074100243720e-04 2.106329318397939191e-03 2.422797257260735915e-01 1.300193863805342367e-02 2.394791217782825041e-03 8.418294484585778226e-02 3.276221249152236337e-02 4.326526007176529796e-04 4.760516569019541955e-02 5.982227003428678552e-02 4.328356361474044870e-05 4.746753242537634114e-05 6.494841794757828454e-04 1.321211939650158707e-01 6.132564403770366605e-04 3.389894069773335912e-05 6.564942044075827449e-04 5.795706348554280568e-04 5.815692779122663214e-04 1.152456473257181110e-03 1.791664596751027901e-05 7.871009592983427977e-03 2.775259581314440567e-03 4.975413188265584430e-02 3.263324281616390428e-04 5.588461710428479362e-03 1.101860451431426174e-03
2.285145742404678937e-01 1.033212717478817003e-02 1.220510058626092242e-01 4.446916312403045683e-03 2.289907231394195525e-02 5.134867811261554940e-05 1.391492789675521403e-03 1.518226223529009588e-05 1.724143999139684802e-01 1.016465998873750240e-03 1.000000000000000000e+00 1.642875012535374435e-01 1.291878072729094984e-04 3.123907329190555582e-01 2.456358186554670649e-03 9.769936811859028514e-02 6.314303016004801927e-03 2.448110608454776341e-04 8.661120064334797977e-05 2.066311278228444015e-01 3.035770998192611758e-01 3.044319161264517626e-01 1.236996471953673293e-01 2.289326799375679747e-02 2.286531599702671114e-01 2.281306718836756675e-01 8.647421631304576511e-04 1.057113591406473206e-04 1.385338957195094700e-01 5.335381592502006637e-02 1.430187929559900706e-02 1.649550792266024060e-04 7.176085287166686921e-01 2.973200696682202770e-01 6.143652619521826515e-03 2.932979039567776836e-01 2.081915002180196803e-02 2.934595820200308625e-01 4.559407613361302904e-05 2.008002601851857638e-02 3.043475735752280698e-01 2.652986229587902395e-02 3.070498674793590288e-01 2.343706791881112854e-03 1.714767760984211046e-03 6.564222679910430673e-03 3.666865065332997053e-02 1.108735204159264109e-04 1.725951267652369725e-01 1.360903275675524361e-02 7.812971617765907103e-05 2.943670855795649799e-01 4.648092719837362274e-01 7.294785195891227963e-04 3.012406961428986674e-01 4.120725138577023827e-01 2.932628046740503036e-01 4.699232873795372231e-03 2.341789311889796443e-01 8.974680685265934432e-01 1.576044235877651911e-01 4.690903401701689257e-05 3.659347090325636154e-02 2.630213702477089965e-01 7.693564141972594195e-01 3.719870373899640537e-03 4.718932390911424746e-02 9.193759538291717756e-03 2.873220078757563953e-02 1.143537613904335379e-03 2.583868759791975167e-01 3.876431055733677174e-04 4.506462110603431069e-03 4.697689699192404700e-02 5.795160067779715485e-01 7.572917988817253366e-05 1.101134175240184587e-01 2.514438677984252396e-05 3.089407267424629819e-04 3.507553443283285138e-03 3.021843316488803111e-01 3.677458946881059332e-05 2.804465373907441458e-05 3.231402076119992972e-01 2.754272575378219901e-01 9.157292502534563061e-01 3.621446263369912932e-01 1.389791685384214256e-02 1.983446890258836609e-02 6.754602809048398764e-04 5.601269272914014170e-05 7.590714074759617909e-03 4.334943641442047871e-04 2.956530530403171375e-01 4.210958463358779880e-02 5.626743287077177191e-01 1.656757474024619925e-01 8.318447368026131786e-03 2.593979760883947591e-02 3.064166433717925297e-01 2.842280543028536180e-03 1.948813814875917372e-02 2.745015465727263515e-01 1.157350191550714745e-02 1.151500107920188590e-03 1.938801485650424802e-03 2.904935696908555911e-04 4.427571765659560898e-01 2.057924681582311895e-03 6.750844126873294625e-04 1.193929817080729722e-03 1.541224551112827489e-02 3.191185197197236589e-01 3.473264386284106910e-03 9.077748844855692851e-04 1.022188198698760399e-03 1.354788776643441398e-03 1.093406823786773063e-04 1.487975452946870816e-04 8.117702772416952595e-01 5.213053412841807361e-05 6.924595966033409052e-03 2.197302648233371430e-03 8.136889343545420858e-03 3.012439415856109082e-01 8.403406964296328968e-04 3.504111706211648358e-01 3.052528057969340347e-01 3.081596720278236834e-01 2.938676042479350659e-01 2.961230280532780590e-01 2.973340695202574269e-01 1.566754193083730057e-03 1.107736023568934409e-04 2.355594646103883420e-03 2.090954240518573277e-03 4.009125964351089449e-02 4.589075692983395349e-01 1.106956662902901060e-02
