1.000000000000000000e+00 2.298806861759237689e-06 7.868283819211068994e-03 4.079605352685702620e-07 2.123432586267971155e-08 6.848311263098593607e-19 2.226516032249072318e-11 7.522206733727399817e-22 3.271005952135507589e-09 2.639285263433376598e-14 7.908996179584659378e-03 1.029893360183852027e-06 3.326293170578281468e-16 1.131815674340137939e-01 4.665601872680068033e-09 1.350271734436628514e-06 6.215871494591203162e-07 7.720594877533411614e-16 3.797205686599796520e-15 1.483019841173762076e-10 2.957809595085202359e-01 2.430548731287582032e-01 3.019087363225339325e-09 1.811814779745511955e-10 4.260456551931587899e-02 1.840196262811184813e-01 5.319213503736422549e-14 4.264837796554565643e-19 2.824337751140177856e-07 9.249642477697227712e-06 5.208588236244090505e-05 6.714865383060947782e-16 1.056660986831314679e-05 1.050058252956796168e-01 3.887754067077238179e-06 1.099857671592065350e-01 6.910740810386033087e-04 1.102686291605412816e-01 4.191492593532074001e-19 4.129178776802126100e-06 2.973515450272014027e-01 2.904283395920883623e-08 1.143184510582804653e-01 1.240898410536412758e-12 7.368699185661548437e-09 1.677076504385307139e-06 4.067280921082771274e-05 5.208090405759992654e-17 1.981738571252239234e-01 6.120009838379199884e-06 5.668959060059749683e-20 1.079515053443707850e-01 8.488821372829594147e-02 7.545068018586950096e-14 1.292359904813206450e-01 6.607919582731383947e-05 1.094641539661381363e-01 1.145744500245967700e-08 3.857960316049845764e-07 7.192405545580345463e-03 1.206397382608958110e-05 1.071683985768041153e-18 5.019640768571377674e-04 1.377721583410391193e-01 9.863447560540600928e-03 3.694073134805119195e-10 1.217576867640818162e-07 6.574507444290540064e-05 8.007358963306382320e-11 6.053372370642923568e-15 6.054194602381114676e-02 1.707977135659277013e-15 7.792780021527997131e-16 2.062106604329029275e-03 4.640385116711023133e-02 2.004628117242271031e-19 4.138599456114766366e-03 1.374570800720228737e-19 9.954230575307796891e-15 1.164594739867965460e-08 1.023018152891433663e-01 4.881438822101269321e-19 1.101626401461893640e-20 1.077168775664520128e-01 4.473976216371629983e-02 1.427141128022072457e-02 8.731471029597656641e-02 5.263600360253713816e-06 1.324193904497861305e-04 5.625368512759621864e-13 9.337820127222817304e-20 9.750513986241648956e-07 5.340392906770679589e-13 1.180111396322147260e-01 3.569940453890300090e-04 6.597016212823622605e-02 1.630882420523460993e-13 3.824298502936307921e-12 7.788223887586959312e-14 1.091530581823368928e-01 1.863063130424568659e-10 1.283379973635464157e-10 4.331809226614266040e-01 6.015797498537994769e-05 1.664610352559059801e-11 1.912346773795938244e-09 1.471659867556013029e-15 3.162287955686533906e-05 2.015859199251365748e-13 4.403211666374496345e-13 1.781079381966029355e-11 2.283429741083801146e-12 1.387632132639052274e-01 2.639220585666688065e-10 2.161761982978908861e-12 7.059889766935717246e-12 4.116130954060354822e-09 6.329529933150703633e-18 2.974064751697553712e-15 2.990605702515715739e-02 2.897123841539753239e-19 7.528047947255705110e-09 5.865023705404025059e-07 1.053152010807412203e-07 1.504567788553820284e-01 1.163489703460330916e-12 1.059012680911801396e-01 3.412512039546639243e-05 1.553085349753013655e-01 1.120079310233568631e-01 1.049232257600845042e-01 1.989176504218503339e-01 4.624846380207761156e-07 3.612215680201045187e-16 1.535936324964273035e-08 1.249433947865026277e-11 2.824405667429220825e-05 1.789410354500050801e-02 3.520692064225718049e-05
2.298806861759237689e-06 1.000000000000000000e+00 3.293817005296550973e-10 6.671206896114017314e-11 3.592830237371712572e-11 5.188415477767544338e-14 2.923599598503979726e-05 2.013408631065648026e-17 1.051662758352912918e-11 1.796257753144399258e-16 1.058419095202936637e-08 3.704687872842355619e-11 2.939602953697929873e-11 4.624766367501681809e-09 1.203529432363496389e-07 2.652323078526208094e-11 5.204897302796127366e-09 3.562603838891635702e-09 1.527214285189309955e-10 9.220911577001417449e-13 9.479295923665392615e-07 1.051366712972861526e-07 1.758349733033204906e-11 3.768919159787369325e-09 1.726560305744111512e-09 2.509449827606829132e-05 2.917646326801503743e-12 8.757429029326544141e-17 5.149083133751899950e-11 3.678153856227444284e-08 2.726179866473027940e-10 3.160517927000821019e-13 1.790189960789790318e-11 3.289289305378769339e-09 1.336925748526006895e-02 3.693119526323028670e-09 6.757751233738182664e-03 3.887300574510549564e-09 2.247670990986500850e-15 4.561701212068104000e-03 4.398874782333093097e-07 3.249231726085943480e-09 5.627643575385152787e-09 1.174051920547830136e-11 1.530203648505117827e-09 2.556142802026949590e-03 1.576686211288633927e-07 1.055603249776636292e-13 9.535770967762816173e-05 8.877023528658693448e-12 5.180597730410232150e-16 3.620878948213353660e-09 4.887146275089405894e-09 4.778257808261339444e-11 5.927468050374128211e-09 4.803058264641187436e-09 3.754669275115564987e-09 8.932601289437437883e-09 5.465026195813200644e-10 9.306638579541840698e-09 1.128369188988519052e-08 2.171382067130472616e-13 2.076855773635308874e-05 9.503659637372083966e-06 4.093119876626056332e-09 1.869339958280669948e-10 1.383735172948255556e-09 1.172715983733126191e-05 2.361740963494930076e-11 7.680905978322864080e-18 2.117344633494628602e-09 1.373819090691199164e-12 1.158418155043463142e-12 2.331923897572617602e-02 3.180075306440075244e-09 1.111190280609308833e-15 2.211565369395421959e-10 1.308308620243406390e-15 3.782240957287555757e-09 4.612297427998876844e-11 3.593259826392853041e-09 4.610339049472489247e-14 2.407681973961862941e-16 3.794090845800347221e-08 1.232917708439588059e-08 3.502096596989261803e-09 4.065357709821309182e-09 3.012002366694999564e-07 9.832589973811694098e-11 7.594546243552424212e-08 8.501828498014852452e-16 1.547238064310676618e-03 1.255147134247664664e-08 5.557391328086045414e-09 6.935909798720663881e-10 4.540350603090921376e-09 1.158183484375063031e-14 1.479004377894794193e-13 6.046502483775371823e-15 4.210733651071537129e-09 5.802119851534852830e-10 1.480931769625974982e-11 9.466048036224373423e-08 2.954775042879574307e-02 9.594896320603306755e-08 4.655751033155698187e-09 1.153948576679134619e-13 1.388839463409609210e-08 3.091667067087817169e-11 2.839006940672036311e-08 8.279207257821359437e-11 4.274795159063487288e-13 1.067198726258736912e-08 2.703301819879499417e-12 4.060424789931203039e-10 2.778223487179630206e-11 1.697458596114769283e-09 1.109834070703726748e-13 2.625441209611045116e-12 4.722309035742299003e-09 7.450221424292710013e-15 1.526621571578706885e-09 8.071193711909564078e-13 1.498824145054936330e-09 1.091142400915347186e-08 5.852662982387879151e-12 4.184372274376848860e-09 1.050126071050336819e-09 1.274530282734418715e-08 3.947666038209696207e-09 3.581673094979552440e-09 3.652254579752920325e-07 5.395691834688561342e-11 1.524842997716907843e-10 1.049421285826214290e-12 5.041044483355142970e-11 2.188542768966007801e-09 1.470663595400037071e-07 1.049645872608361008e-01
7.868283819211068994e-03 3.293817005296550973e-10 1.000000000000000000e+00 4.647316823851381717e-07 3.467445425295397120e-08 2.284105677125430990e-20 1.185516629384109035e-14 4.413360310165507481e-23 2.921409951771736842e-10 6.386511401870219858e-16 1.422379259158358710e-03 4.811710876131876769e-07 8.392316660108894949e-18 5.921181372460836145e-02 1.778245127519966350e-11 8.928577539441254795e-09 3.504615426104708177e-08 1.670511826263550381e-17 6.455759196072659405e-20 1.199685602181874168e-11 2.472803595327183884e-02 4.391464483649284295e-02 2.069841579043758167e-08 1.330797863144452782e-11 6.279396542309663154e-01 5.404988261364432160e-03 1.759693495209966143e-15 2.830986691930674850e-20 2.289548143493104199e-07 4.284042996267005800e-05 3.163992089346830301e-03 6.014245098544787317e-18 4.048609577039140534e-06 5.533582852938789820e-02 6.861510718336924964e-10 5.442271351805225837e-02 1.443614171291860750e-06 5.530461754993666601e-02 1.655050193326878910e-20 1.561014675110141178e-09 3.447318090637853383e-02 8.019596021217087362e-08 9.140562182129620405e-02 1.730166961135622631e-13 5.628965018103313865e-14 1.940098419511794635e-09 2.176918818975654183e-04 8.477467837832418475e-18 8.085154156284359581e-04 1.750508312458843347e-06 5.398411100606646070e-21 5.470084610419353316e-02 5.902711720924806726e-02 3.896040029223719151e-15 5.603793975440411745e-02 2.479762199450363851e-05 5.528051585542818197e-02 6.470535019036737027e-10 3.705858823012983835e-07 2.345790415617010800e-03 1.632471760493738242e-07 1.745975058387551989e-20 3.733230086706440168e-07 9.508150961010410074e-03 1.229926852332380825e-02 1.582905695971538358e-11 1.292941307563887674e-09 1.938743025716002286e-04 1.452207806763799532e-10 2.946290773625573912e-17 4.511943396736118328e-01 6.711754514088632228e-17 3.428279773906058585e-16 2.325156820076294219e-06 2.781024565839631396e-02 1.118774058725337246e-20 9.249918477197193178e-01 8.565457036054573026e-21 4.854925537229576115e-17 3.261233002589733176e-10 5.687920798288111784e-02 1.175276716256355292e-20 6.875835180861153979e-22 4.661831893116011316e-02 5.537937136507899843e-02 4.566675904797026439e-03 5.745167765537533000e-02 7.153238483417184082e-10 3.104494702211922363e-01 3.613167045067934372e-15 5.563141854082280787e-21 1.820213585906277183e-10 5.387580020281957691e-16 5.505451621266982398e-02 6.692482821326758979e-02 4.512641083660127311e-02 7.908057100729731726e-15 1.302311519992575004e-11 2.986555786293632142e-13 1.251066574407500576e-01 3.818733258564958632e-10 3.598689066931580702e-12 3.311316075856857166e-02 1.625818995484396808e-09 7.434589749983451931e-14 2.988831738418329550e-08 1.419660135360698912e-16 5.619664608790530877e-06 1.599630286991917281e-14 1.267553298324927681e-15 1.819284443125963177e-09 3.234067814817937105e-12 1.282893462472204926e-01 3.963094326449884715e-16 7.241962633239694915e-15 9.647462749441498296e-11 3.257291510784141113e-07 2.578808463844191954e-19 1.165867398676609546e-17 1.179775873733969124e-02 1.178898600358293971e-20 8.980810011765837482e-07 2.681695223664221778e-02 8.919418265970063819e-05 5.715593641515239604e-02 6.938362695762219049e-14 6.430411375197531143e-02 1.092522487718621294e-05 5.531059150489854581e-02 5.468070901118249338e-02 5.879015203942365014e-02 3.287638353194601709e-02 2.567299280330300089e-03 5.909520623710962155e-18 2.883280128881114511e-09 1.114649513236796209e-12 6.600590704958846869e-04 4.365456911312222063e-03 3.105522257869097771e-08
4.079605352685702620e-07 6.671206896114017314e-11 4.647316823851381717e-07 1.000000000000000000e+00 2.022114055900244644e-12 5.503265898577470730e-15 4.031559787577672298e-12 2.317080496834101293e-16 2.518655620085526898e-07 4.567452555535637404e-13 2.812727319786795647e-06 5.296959032892946569e-04 5.601414992136065576e-14 7.064040927237610230e-09 1.310635741704823071e-14 6.073790263316819196e-09 2.855388298043806672e-01 3.636094892893295076e-15 7.918287234310347904e-17 2.932013383399648886e-09 1.148503063716212773e-08 1.872169318208103980e-08 2.258058379570954368e-13 1.288053344640317006e-05 1.004774728426378772e-07 1.796330875422829679e-06 1.285028152465762423e-09 5.475066141121863494e-15 5.006347890507870796e-10 2.567806542847286388e-03 5.301418875241480436e-03 6.132612468655059688e-13 5.871883365979272855e-10 5.127185412179877731e-09 1.460934705802675837e-11 4.719958784633950834e-09 4.276521601404487257e-10 4.806872312467598177e-09 1.710415845830006167e-14 8.643529555368977576e-11 1.187545581366715470e-08 9.174525459725764182e-04 1.103549537720799773e-08 1.381489412516197127e-07 1.083403466168882021e-13 4.656726632909659749e-11 2.861507444482475244e-03 8.112931525189282105e-12 1.234543581599616326e-08 2.410255404856888606e-01 9.533131097656080623e-15 4.732407083659547964e-09 1.399095995595741663e-08 6.747230321774763221e-14 6.471601654653306578e-09 5.305928382724001550e-06 5.413682680220550143e-09 2.476626036074795929e-03 1.496702060912979287e-11 4.161352418175840294e-06 4.730606413507284667e-04 1.366597898822919880e-15 4.171606682818985854e-10 1.028824028893036495e-06 1.004789228640588927e-08 3.817921960190533311e-05 1.069839921821298738e-04 1.008129722284060439e-03 3.373996810110776801e-08 8.777108337152492132e-17 6.437631884816199816e-08 2.573875369585245267e-11 1.188864840946119513e-13 1.071314634201797266e-07 9.970499130673820399e-09 1.476632167399701719e-14 2.336319462407268429e-07 1.477906679211447258e-14 1.769052515563008516e-13 4.413636181082989177e-03 4.921888412541105458e-09 1.053816217814017447e-15 1.680929421523280141e-15 1.266106497552380928e-08 1.384464998272656451e-04 2.537917897899535436e-07 6.169089080612649129e-09 1.738580564217393934e-12 1.017114031177715286e-06 4.893767155634759334e-14 1.752927486498064379e-14 2.751728895199227183e-10 1.197311930793137332e-14 5.329364171836910117e-09 6.997687967623099471e-06 1.965724826465594224e-08 1.165681179405873418e-14 1.306744809247014998e-12 1.241003951866928167e-14 1.516645315310986456e-08 1.046281460906388912e-06 3.848813466599553294e-05 4.452692777543697007e-08 2.486557179846830714e-11 8.237811846408917218e-12 7.437894968647202557e-06 6.453524080235217292e-13 2.519781199991692923e-07 3.256848395891990589e-09 2.791652730916711368e-11 1.994026122325378020e-10 7.826760388482805159e-12 3.398864915321584394e-08 1.173051089642456156e-13 1.040028229117087074e-12 6.561605285118338232e-08 3.282915838666881753e-06 1.131550465811768033e-13 2.658082211842002242e-13 6.398459151335294571e-08 1.213710898493549948e-14 2.849742583241567337e-08 1.393602995557855314e-06 3.304076505658129834e-07 7.501175312392007742e-09 1.050728006451783345e-06 1.100090446216646083e-08 2.131618871198497519e-06 9.041100464674135546e-09 4.858709427297145380e-09 5.585145289033553812e-09 1.171149296736826558e-08 2.036807134107550873e-05 2.859646603983202917e-16 3.266123715112603243e-01 9.479612121537851600e-06 6.240951143494675784e-04 3.142666675788826931e-04 1.555276033936348300e-10
2.123432586267971155e-08 3.592830237371712572e-11 3.467445425295397120e-08 2.022114055900244644e-12 1.000000000000000000e+00 3.958396343028905428e-11 3.264246292771343262e-11 2.099378695737797510e-14 1.047330877549421783e-12 7.114568984482227471e-08 3.347946378749566404e-07 1.072468056815911139e-10 2.568649498626451768e-09 1.611022471451125512e-07 8.129919173625805347e-04 5.058261193466701040e-11 2.706887209490318605e-11 8.319702203993445441e-08 1.230222026377347292e-21 3.308578465127159295e-13 2.850337636129240492e-07 3.635611572037398748e-07 4.899937967541293922e-09 2.657286041545152468e-09 1.048022074284913471e-07 5.261046623076078318e-06 4.374412672394191872e-11 4.450000056638060933e-11 2.737658404374481575e-11 1.589437013220729733e-07 4.398771364233593878e-09 7.755464935866860095e-13 1.639701542575468143e-08 1.154963922752258166e-07 1.208445861842774918e-08 1.348919137841123917e-07 1.566241555737645740e-07 1.408463470139882239e-07 2.997915726296349205e-13 9.565015026690436420e-10 3.174508565134651873e-07 2.280232113135683798e-10 1.447662262645598752e-07 2.473948018227930800e-08 9.856407908697051299e-17 9.258392012912877459e-08 3.497280714774546709e-07 2.743498633620551638e-11 1.174803022191643992e-08 1.007711145787577694e-12 9.011680478887048622e-13 1.242864165581465957e-07 1.586082770409933362e-07 1.807899401867105045e-10 1.607453030861989581e-07 1.972618638038920264e-08 1.182637609898979800e-07 3.542788508330824906e-09 2.625514316721049203e-11 8.031633485340940790e-08 1.237735528772874925e-09 1.281141750961373578e-10 1.534168670189242088e-08 8.906520081648146731e-06 5.421526227949396297e-08 7.799553593330975969e-10 3.935090200292709199e-10 3.892205152874254925e-07 1.476672854532423032e-11 1.790218767399521009e-07 1.482206100093721042e-07 3.805334154939548742e-10 6.127170626340614969e-10 7.202117425023393028e-09 2.271703378634346221e-07 1.175297272274946462e-12 1.875005720999625686e-08 1.916507953552373041e-13 9.135229914959523895e-08 9.175981518891211719e-13 1.517663688503962988e-07 8.619666221952045679e-11 1.268580926497816902e-13 9.723089280792125939e-07 1.006800127603083170e-07 8.099558306805755103e-08 2.205809993391549349e-07 2.384578234923047704e-08 3.918182061424682827e-09 4.471399146921751579e-06 3.672370717314621860e-13 5.245623368223523100e-08 1.839519561560923872e-08 1.556036368739419115e-07 5.445468922888075344e-08 2.133230783696168842e-07 7.075310767304955361e-09 1.729362021002585682e-14 4.061812340951702044e-09 1.425007146428961357e-07 4.023097720030367197e-08 3.979615963759806708e-11 1.683181091218076099e-07 7.840701708629288459e-11 4.976090936700674798e-06 5.098381229357706416e-07 3.555514536593670902e-11 1.535000357386560868e-08 2.211684327911517031e-09 7.537735793603178617e-09 6.345870215188387855e-10 2.452017792396177993e-12 2.774360338475214049e-07 1.527919550911832618e-20 1.591127304986753780e-07 1.333198533839451141e-08 2.727638522350106798e-07 1.409386273416182767e-11 3.243327934734523941e-10 2.255452689221087514e-07 1.000353692762559793e-12 9.011059425793955999e-08 3.921542890033152092e-11 3.283573488649015028e-07 1.859109924061017942e-07 1.749462435278298523e-10 2.011079900905919936e-07 3.610358994558601847e-10 1.563714371607648828e-07 1.264951086531071000e-07 1.447393557464102512e-07 1.648487727136662863e-06 1.474924417776133767e-09 5.565555101774094429e-08 3.300412212907085356e-14 3.056914165169742826e-10 4.923160100626066098e-08 9.748120224387099232e-08 4.690723050184495698e-08
6.848311263098593607e-19 5.188415477767544338e-14 2.284105677125430990e-20 5.503265898577470730e-15 3.958396343028905428e-11 1.000000000000000000e+00 1.016616550204029735e-06 3.796835231209254591e-01 2.833246113428893179e-13 6.554087171619059755e-07 8.520550233430700646e-17 8.306730402983448130e-13 5.455951410206323349e-01 3.744573173398054620e-20 1.346835498549496560e-12 9.370300092027629315e-16 1.836615998515386109e-12 1.049467926001765479e-02 2.799168841677422436e-17 8.719728194929397464e-15 1.237204809417767632e-19 1.708221619969134261e-19 3.227586786973429517e-17 2.905439683987899092e-04 3.306970144571023606e-20 2.003775634774729855e-13 4.674659585083300317e-02 6.296373367837393431e-02 6.783358000405229860e-19 5.011488347676628042e-11 7.248033073643442838e-17 1.917854916204753818e-02 4.849945911161364361e-20 2.393045688052602033e-20 2.214148823947639309e-14 2.176141101206604897e-20 3.083894589931245562e-17 2.223028182712613643e-20 2.660237452310937334e-01 4.421220242765071396e-12 1.402293056537185076e-19 4.588462075807409273e-10 4.172239436143936948e-20 3.679588598739529873e-03 3.418411914682777373e-21 2.226928682204918554e-12 1.022836842140332463e-09 4.261181259881333672e-01 2.146117581451993904e-19 1.784287490502168771e-18 4.940728086825082466e-01 2.269668049936417658e-20 5.355520239875894546e-20 1.234037625283312652e-03 3.586372029406983764e-20 4.922187887117351741e-14 2.339515914448722714e-20 6.763229385014500435e-06 9.011326307802367753e-20 2.056209419724129863e-16 1.227064421417635723e-09 6.654240128958621714e-01 1.816816966092641094e-17 1.131020216080268374e-13 1.377316212762315108e-19 1.959095339443871014e-04 3.500312229080329819e-07 6.989753747433379262e-10 2.265174472187359542e-11 7.400464113397470875e-10 3.713940068041483500e-20 3.200753149974870926e-01 5.483091192400098724e-04 2.183732148657752443e-13 7.854713863609348983e-20 4.353583533908947922e-01 1.066055982605347202e-20 4.450487393447261075e-01 5.305938428200871956e-03 3.580298705580993933e-09 3.133676010838902591e-20 8.636693222943397918e-01 4.645264136509330011e-01 3.781419559400849716e-18 3.289712481061610857e-16 1.018032214351882545e-18 5.427819085389472138e-20 1.377025335146678100e-15 5.631021264781158050e-20 1.156958642865895531e-03 4.518988742362697875e-01 4.087016765262028876e-10 1.338992714405317405e-04 2.875164502536782747e-20 1.278249045888006524e-18 6.855582601347819791e-20 2.742293798147345276e-14 5.826387490823913711e-18 3.355426632196925755e-12 3.515029708588190085e-20 2.540548621932482622e-03 8.641429461014504598e-07 4.478791695374665433e-19 1.102219107580354091e-16 5.610095775745387958e-05 2.385081729401629166e-05 1.207608452523352589e-02 4.438798475514370190e-15 1.113014272138099503e-01 1.162496063529773515e-03 5.927162044408839186e-09 1.833644942695466016e-13 1.419708717688529944e-19 9.336437841898505195e-24 1.275532935160177619e-05 2.850651683665167933e-03 2.154486406857482690e-07 7.043452239163207063e-01 1.769845211698942850e-02 8.973808819954394277e-19 6.296890951343672160e-01 4.875826632829938013e-08 1.127219665495124177e-20 2.038087621619080590e-14 4.816873752792228946e-20 4.058276750659531480e-03 4.553322478838434720e-20 1.279751681290395096e-17 4.914293337361580588e-20 2.259336584890144788e-20 2.334217725684217971e-20 2.313835652026431337e-18 1.909683560324596000e-17 1.675159362800832802e-02 4.684810047955160008e-16 1.237269927645873787e-03 1.886154612557976892e-13 1.122851099622998108e-13 1.651106717287021283e-14
2.226516032249072318e-11 2.923599598503979726e-05 1.185516629384109035e-14 4.031559787577672298e-12 3.264246292771343262e-11 1.016616550204029735e-06 1.000000000000000000e+00 2.482596450876624542e-08 2.702622161294310624e-09 1.179787253072155484e-10 1.819198166465123992e-10 2.135924027924895233e-10 2.772224770345705329e-05 1.219543768034025224e-13 4.476089622631915788e-10 6.263672205226657441e-14 6.361144443046276598e-10 4.446564589266270671e-05 1.063639289217043751e-14 7.159543200581770660e-10 4.995890211165312731e-12 1.186730059288381777e-12 4.711630484944766858e-13 5.564210876920730830e-06 4.057996082616859553e-14 4.018393240186667135e-08 6.523416830617806714e-06 1.471845279978979215e-08 5.408858552970055005e-13 5.838456922324454914e-09 1.660300243962485698e-12 2.172352060252885750e-04 1.686922048606366243e-11 7.089200540243427332e-14 8.022656257867544646e-08 6.808268168008752752e-14 2.781721955040985133e-08 7.524873412202543070e-14 2.049976699914222704e-06 3.305411106833405365e-04 3.049422901314085257e-12 7.975276940922426433e-11 1.260544132156467632e-13 9.073540012907062505e-07 2.884589453792272295e-16 3.940622267596727514e-06 3.390033454180388992e-08 1.303432194670743352e-06 1.533567772422996270e-10 6.164732662066363992e-14 9.015198958846540529e-08 7.402977133181349939e-14 2.989187444483597877e-13 9.112968195640368859e-05 1.344985315315076951e-13 2.836205995160831948e-10 6.939745503461618554e-14 1.006746848968777985e-06 1.707139175476445594e-12 9.754661509251259638e-11 5.766792941797621822e-07 1.426682556095050088e-06 5.021588261978909110e-11 1.063476376674177386e-08 1.021614128792603403e-12 1.166744417373662932e-06 8.744204543785080247e-06 1.045079026012451066e-06 4.283875039114850831e-11 1.221429663390056420e-12 5.346335747757848253e-14 3.328777143046933664e-06 3.021463112981693892e-08 2.410430144649833249e-05 1.007804331014936195e-12 1.951242166076115244e-07 3.901452617359296642e-15 3.020240639267255875e-07 9.886960999846828849e-07 3.364715623779904078e-08 9.123789316070327758e-14 6.929222447612955056e-07 1.039435376558487128e-07 2.323430833948012138e-12 2.496953374990238246e-11 1.183079354440679569e-11 1.683084690836389040e-13 6.018643689536505793e-09 9.447597138991086786e-15 1.591736896425555145e-05 1.498816345517370000e-07 1.314626963242756845e-06 4.944891502050144437e-05 9.840604634675523282e-14 1.895932383756593073e-12 5.028292698123686706e-13 9.809309462167521160e-11 1.302948125747187694e-15 6.565349505269627303e-14 1.053738524331740092e-13 3.018678176377490427e-06 2.359071766829505746e-08 6.644626268452145507e-13 3.528884094341398197e-08 1.821990829223602048e-06 3.490999336932277959e-07 4.633686474802590032e-06 8.468576653844195646e-09 1.216415702861208879e-05 6.153087409604925117e-08 3.676901282677884741e-10 2.834369437786795036e-13 2.874859306466241929e-13 2.794219481962366687e-19 2.524665913431977974e-06 9.369510810224508062e-07 8.736450799860406038e-09 1.852157886788455263e-06 3.018701678130384176e-08 5.632997541968981111e-12 4.786390783990349389e-07 7.301477397809694701e-10 1.442388795663184984e-16 5.156282158273206583e-13 2.129649398190726208e-13 3.916047172897160233e-06 1.682885290815572002e-13 7.930445063939930783e-12 2.614183835020477210e-13 7.668333690403194691e-14 7.318963965117019181e-14 9.941368320303686030e-12 2.857811644152734956e-14 2.267386859099935029e-06 8.569812928933583374e-14 2.214264699856704027e-06 2.808734776993036976e-11 4.368534037973084087e-10 1.923707706315989984e-06
7.522206733727399817e-22 2.013408631065648026e-17 4.413360310165507481e-23 2.317080496834101293e-16 2.099378695737797510e-14 3.796835231209254591e-01 2.482596450876624542e-08 1.000000000000000000e+00 1.900184122129486244e-14 2.362065522739445982e-07 2.943399230797950703e-19 7.115129621297614836e-14 6.204314045984641451e-02 3.620274774585345724e-23 3.853484302402218292e-16 5.012147813357019902e-18 8.357974205912408158e-14 9.252649911129621238e-05 1.102067274424434541e-19 3.414514756449832640e-16 6.411534806153173941e-23 1.279547182956194043e-22 7.766946848020517154e-20 6.962444378151919208e-05 4.192983260850013128e-23 5.314518112006308727e-16 5.111131958420704613e-02 9.149198042345052517e-02 3.173687221070509070e-21 8.349021137000276435e-13 4.313708967989140012e-19 3.730976458322972367e-02 2.129788553082857906e-22 2.042333820875019804e-23 5.457176295586298187e-18 1.860580068045263183e-23 5.407859287490890084e-21 1.817355472059080323e-23 5.325474579288166366e-01 3.896011592255830436e-14 8.301641091700329275e-23 2.899545158848236433e-11 4.177989787718137309e-23 1.034192827250667024e-03 2.106244279470225338e-24 1.880951297053756856e-15 1.952244246279913401e-11 3.910179019013201307e-01 6.296405080741063084e-23 2.601152984670829879e-20 7.675166217628579535e-01 2.010506623893679283e-23 6.505842927327011153e-23 7.936297165692743089e-04 3.124869498910882397e-23 5.265670763601442395e-16 2.154954205310602505e-23 1.097529222381406222e-06 1.611858828123858312e-22 1.267103233558066564e-18 1.992834274826338085e-10 1.228854207926371178e-01 1.718695317667266528e-20 2.767608814364144621e-16 1.986250294001727102e-22 1.186934184951893322e-04 1.562896054521892288e-07 5.832308844566752961e-12 1.095770634558523577e-12 7.032089994519262677e-11 4.536914914727228473e-23 1.940385455106217183e-01 9.339658033984173254e-05 2.967025659754080706e-16 1.181197836480341504e-22 7.231411782574032054e-01 1.804384374926833341e-23 8.353655900697354308e-01 1.511012485586503082e-04 3.592846274448686301e-09 3.006968458489561249e-23 2.319773808169129925e-01 9.307523017449392810e-01 4.290544102554866692e-21 2.109764399090666882e-18 2.903077621750424610e-21 5.606936702188489922e-23 1.398551671689845035e-18 1.391941651196514469e-22 5.950188237223695270e-06 8.280344230931071525e-01 8.784962919129479031e-13 1.276634194692704534e-06 2.549511497782810757e-23 4.224931084480156867e-21 7.631020853429592589e-23 2.334622398284987225e-16 3.767612819070007095e-20 1.116805894413667283e-13 3.457717486327689902e-23 4.233929874025516233e-04 2.138928147525012201e-07 4.416016487816993024e-22 3.315388573415946212e-20 3.616065801840758784e-07 1.090119698073069760e-06 1.870618464924706653e-02 4.213955069140709983e-17 5.008867791652635987e-02 2.162752345859821892e-05 6.342799805152320829e-11 4.374486777497477224e-15 1.603908528067639640e-22 1.583686851637480563e-26 6.673556007247774414e-07 6.377608181311634214e-04 6.230869657050515624e-09 5.192208995318721154e-01 1.662891466077753106e-03 2.079276768722637127e-21 7.488175891668942263e-01 2.327916276494039160e-09 4.749440183506192781e-23 3.131547586607802275e-17 3.896039808120050175e-23 3.594011680161746190e-03 4.234021945466264142e-23 9.166901615743484711e-20 4.255966034107972495e-23 1.919020394660877920e-23 2.128124623704999685e-23 1.683387250609708515e-21 5.710097357865496617e-20 2.549927979139585935e-04 3.790484730473687728e-17 8.170881474537587241e-04 1.801190401775280501e-15 1.088119794050308161e-15 3.080104543851927619e-18
3.271005952135507589e-09 1.051662758352912918e-11 2.921409951771736842e-10 2.518655620085526898e-07 1.047330877549421783e-12 2.833246113428893179e-13 2.702622161294310624e-09 1.900184122129486244e-14 1.000000000000000000e+00 3.124025437515012197e-12 5.792685913348380407e-05 3.834167225939498318e-03 4.622953948613149373e-12 2.647518497744678320e-09 1.347221882580248561e-13 2.126614539270809835e-11 1.020033882721745613e-06 9.256123681196840164e-13 4.281814111331559142e-21 5.412457349226684755e-01 3.357919788072023575e-09 5.293663078193785545e-09 2.004190925861611783e-07 9.086467867836864066e-06 8.492574212502622025e-10 8.167118572015566500e-07 4.277103740122775274e-09 6.976534128130808057e-13 1.039156309825486494e-06 3.911533727112287558e-05 2.603122928284079524e-08 4.320100387616987452e-11 7.763218667851436894e-08 1.032598608749920345e-09 6.846602694771450591e-12 1.284223008809733736e-09 9.578310004265128303e-10 1.177922060927311112e-09 1.474955677294046019e-12 7.183470181822524754e-10 2.980898505352264556e-09 2.433193333732415955e-05 2.086035688035903059e-09 3.016134368272435269e-08 7.601370540000549603e-19 4.182976692559840793e-10 3.016598664413216503e-05 8.142699853001015728e-11 8.950438957924516657e-10 1.864073946994267122e-08 1.367219998138467497e-12 1.042248402359493924e-09 1.770685852482415727e-08 7.401666997852417178e-12 1.818317457523535232e-09 2.603914687128708783e-04 1.444799977128190760e-09 1.297888351620937921e-06 7.688961980853408280e-07 3.042899770189840675e-05 6.652070287537978615e-04 2.334195832029522616e-13 2.293195525501893372e-06 4.950108937315656743e-07 2.145154909124666820e-07 7.058739259671670520e-07 5.320809818069928985e-04 5.983933676694052209e-06 5.127810555747059043e-07 2.005960921482595235e-14 1.194046084775656272e-09 6.085495284551596673e-10 2.080932403822745582e-08 3.905448301782186963e-08 9.948032568469122383e-08 1.008747226387162633e-12 1.301176024965464768e-10 5.436620540994028092e-13 2.687861316831346303e-11 1.955471546790405482e-06 1.659826929416002029e-09 1.402063064930373453e-13 2.263903158470548160e-13 7.831068373560274593e-09 1.958374177314008657e-06 3.510383587171843245e-06 4.158057441529850051e-09 4.885472423705199695e-07 1.520504529747333586e-10 7.943282772019604884e-12 6.839295569260544937e-13 1.786342410769409896e-07 2.162899988410227416e-14 1.342796910455672337e-09 1.008789820726161193e-09 3.850196044177030835e-08 1.038614333448795111e-13 9.095635979639737061e-11 8.630205545230552387e-08 1.492701601201265102e-09 1.064477082866149200e-07 2.379628503183379409e-04 1.977713124600019660e-09 5.466556376036379771e-12 3.138928845771509765e-10 3.629387688860598551e-07 1.239744564374288047e-11 2.102646885929980967e-04 4.578893606329707813e-08 6.373242388676141959e-12 1.733382824784375403e-10 1.178730475379450359e-09 2.953312401184207429e-09 1.714821943896936986e-21 8.863210364619550519e-12 5.006014614172570475e-08 1.061766525666354684e-07 4.486309356304181064e-12 1.724847726501652613e-13 1.232785066725323748e-06 5.380784102249660013e-13 1.168896401624658055e-09 1.357013326918907713e-11 2.471499770343740285e-08 1.743009615587570381e-09 1.148210555961723284e-07 4.499454982364874695e-09 4.421748019316431189e-05 2.500422965194786775e-09 1.115517915763623164e-09 1.292699970080780973e-09 9.168022811700274974e-09 5.467425841407208019e-10 1.925712356810488301e-13 1.324873611432405040e-08 5.300891259908768827e-07 5.829458935006623431e-06 3.624226780878772239e-05 2.366897575984461166e-10
2.639285263433376598e-14 1.796257753144399258e-16 6.386511401870219858e-16 4.567452555535637404e-13 7.114568984482227471e-08 6.554087171619059755e-07 1.179787253072155484e-10 2.362065522739445982e-07 3.124025437515012197e-12 1.000000000000000000e+00 2.099380937899828253e-13 5.913734774802294560e-11 9.223724799974967694e-07 5.581397042380767101e-16 4.948030967021745550e-07 3.296438264611263851e-13 2.401829535663351355e-10 1.149442604267798205e-08 2.426747425509910804e-24 4.414353790716414978e-14 2.005828585035353151e-15 1.799689865093369466e-15 5.311213718282358224e-17 6.064857690521744123e-06 6.944675748144601762e-16 3.350172524927906661e-11 1.392659848363697248e-05 1.937658627965520601e-03 2.494719186112394049e-16 4.732038887347413699e-10 3.146060148337998574e-13 1.755257766021200022e-06 9.263246123547290855e-16 3.072445550829319681e-16 1.599842713698783857e-13 2.879944128843443395e-16 8.071065420260811275e-15 2.806603253148524814e-16 1.454294470968415148e-06 1.350673385056063170e-11 2.038223870164435994e-15 2.538332312502545389e-11 5.693166705080271701e-16 6.903390077297095779e-05 1.313648800084409066e-18 4.511683099240240430e-09 9.285423865802541514e-09 3.238764647970113181e-06 1.013111301517395577e-14 1.860784359951872779e-14 3.870430338858582319e-07 3.154200637669793870e-16 8.957335715512466630e-16 8.111943131261923266e-09 5.428260519552602942e-16 2.466823089241303592e-12 3.662707269448602408e-16 6.497278181558040952e-07 1.023277764584047128e-17 6.927163533180145138e-13 3.698238224018882744e-08 1.319146746150121031e-07 1.733059215221034696e-12 6.428480212893446570e-12 6.744542400428484296e-16 1.326633155350537198e-05 4.863260453041763484e-07 2.602042494073084868e-09 3.016111749398819792e-12 1.496993980063229812e-01 7.475492838745710169e-16 1.324033016950405380e-05 2.193991526381447726e-09 1.517293166151758065e-11 1.192329727856472477e-15 6.375148199199188472e-06 3.228113769912708124e-16 1.176762013792008900e-06 3.848564458590255456e-07 3.298813699330003356e-08 4.313933472335385966e-16 3.043988934099125493e-07 5.143609126279320806e-07 7.948026836877308773e-15 1.748295786269435072e-12 8.131644333166818744e-15 7.042125624662138671e-16 8.217298509660998769e-10 2.216784634955299547e-16 2.631514839811686250e-08 1.199659468038869137e-06 2.204194619255001766e-09 1.012310980616941120e-10 4.281001267464381268e-16 3.883973053582293382e-14 1.106038647368508887e-15 5.102463157286344271e-14 3.001443200755833547e-19 1.809626185178852989e-14 4.971678682488018978e-16 7.344849046720691844e-06 7.308921892044933428e-07 6.735760249140452006e-15 8.060855092236131838e-15 3.006737746063604222e-09 2.624008468398832667e-07 7.956489900905126403e-08 1.012827321023368290e-12 3.054241456388795184e-05 3.576721675136033726e-09 2.745335650376867532e-11 5.988388530299735329e-15 1.902687145641318161e-15 1.920554978216415245e-20 1.883507226278673813e-02 1.369464083975194984e-06 4.124105540606105142e-09 2.113712966356833386e-06 1.493942144021841900e-07 1.053131589810151794e-14 7.913100314083171190e-07 1.439954077607194491e-05 3.259014141881826972e-17 3.057195697981980568e-14 6.504071116111747190e-16 9.940097370771320390e-06 6.596758269591575201e-16 1.103523587956074231e-14 6.549612805922298928e-16 2.943826949541369788e-16 3.344112732012282330e-16 1.030963203635352269e-14 2.571470394121638763e-15 1.373883815583349845e-09 1.903974837884840913e-12 7.134829937212826697e-06 2.771525128765215095e-12 1.830472148018753076e-11 1.890205024205586018e-14
7.908996179584659378e-03 1.058419095202936637e-08 1.422379259158358710e-03 2.812727319786795647e-06 3.347946378749566404e-07 8.520550233430700646e-17 1.819198166465123992e-10 2.943399230797950703e-19 5.792685913348380407e-05 2.099380937899828253e-13 1.000000000000000000e+00 2.916849220359931695e-03 9.864846308356299465e-15 2.123283493580837428e-02 1.192487219067561438e-10 1.169748416514423729e-06 1.652036882665498309e-06 3.762511563991685594e-14 1.015658520378702308e-17 1.386444985871226746e-05 1.671331395237103667e-02 1.869413269278342657e-02 2.019177563185826571e-04 4.421936505083615900e-08 5.856911483826455697e-03 1.928761562739479338e-02 3.799982643503835252e-12 9.116938288339294316e-17 1.968402864755084986e-03 2.240305469033232119e-03 1.434419241574945089e-03 3.187387158590888480e-14 1.857557449779423386e-02 1.243932772775837442e-02 5.129370244019144735e-09 1.255462906814350590e-02 1.382483288079273561e-05 1.252367958424922476e-02 7.485399591378359340e-17 3.656327623088931953e-08 1.676086194086270215e-02 1.217515551635063259e-05 1.542907214758733846e-02 2.601845364291482372e-10 2.397816477489719092e-12 2.070905983220476131e-08 6.459615179670063264e-04 2.111725991361413343e-14 1.009800215793080821e-03 9.946705278375900382e-06 4.463301429493104664e-17 1.234035166317838314e-02 6.879199599716391555e-02 1.216334029734692999e-12 1.440502288056628132e-02 5.261383311970822818e-02 1.338425419018752713e-02 1.546698338556387467e-07 1.201108052397798550e-03 5.307613866682014958e-01 1.005212787056960740e-03 6.578658884097740829e-17 2.779484521925272675e-05 2.523181762505805753e-02 1.576609877017653427e-01 1.240185550761388262e-08 8.595892371639022518e-06 1.543523530076032805e-04 6.219448649958505328e-07 5.965075836557617148e-15 8.788300817276639351e-03 3.590433284397976635e-13 2.768147151255457055e-11 2.119534145418360539e-05 1.410081091773386919e-01 5.518943886873186697e-17 5.942976930287082382e-04 3.718740769956358973e-17 1.841644761310853731e-14 1.040853822401039211e-07 1.662277647289342464e-02 4.951828048495292861e-17 4.922973471717837935e-18 1.995418858546916391e-02 5.577969118267578352e-02 7.086281782096177650e-01 3.308397082629405822e-02 5.421977128443995580e-07 5.652116240463472645e-05 1.682143685190238744e-12 2.880199012809609044e-17 2.834741948459294917e-08 1.352152678818697532e-11 1.333069194965109082e-02 2.674211885502059821e-03 1.157740239343880984e-01 1.755197253766979528e-07 1.942494630182960571e-08 2.450171662624466963e-07 1.433971353300531396e-02 9.570402813690226279e-09 2.676252048965033124e-07 1.452438495858774693e-02 9.309558822952869984e-08 1.698489139712243125e-11 8.814667485820264873e-08 1.244733471528938483e-13 8.178036382672229654e-02 4.861362931219967198e-11 5.024073740567033800e-13 1.654507366054275662e-09 1.421329712373996913e-07 1.943148492749191547e-02 1.273057282978869018e-14 7.258128490260919088e-13 7.342390591740323341e-10 8.025772381027534780e-08 9.015987922156273955e-16 1.113414938426055393e-14 3.832029617813024203e-01 4.762920879343176399e-17 8.575356684730042645e-08 9.111398760848158095e-07 2.744533789077059210e-05 1.513583796091084142e-02 1.079088936043607668e-10 3.474615321530032108e-02 2.202313780062064089e-02 1.782705810776049823e-02 1.254974809705692793e-02 1.425341250728212605e-02 1.950506582543040310e-02 9.714774456357143205e-06 7.368924617557751911e-15 3.552320491963436995e-08 1.323397532806013730e-09 1.093986362753242726e-03 4.871018110064011947e-02 5.642095722793266145e-07
