1.000000000000000000e+00 1.375820711527838314e-04 5.229333898984049600e-02 4.775609443936727083e-05 7.322422692588342235e-04 1.482170388001867518e-11 7.778982903632888514e-06 8.765183200415369317e-13 1.399680773932722978e-05 4.785759924236006126e-06 3.569801033100135357e-02 9.405145329634652523e-06 8.784407957230588841e-10 3.117088410438035306e-01 2.061743233517412922e-04 2.231295681467869788e-02 1.810824115038072650e-04 1.755884005486169919e-08 2.378198406998281998e-06 3.689384282069418393e-05 3.136390672595659179e-01 3.620151249475914157e-01 7.816966123871821057e-07 6.389418865372031595e-06 1.740079012478898401e-01 6.144153472908371327e-01 2.007732874627687640e-08 6.699257742107070813e-11 2.440417914746131353e-06 9.468852523246452935e-04 6.316032534420441564e-04 5.154100726801731351e-09 1.083914923182665267e-02 3.100228510845700614e-01 9.136610786620265648e-05 3.041032909352778812e-01 9.018421323250263460e-05 3.064018348914406831e-01 2.980837721161997339e-11 2.307002322954791545e-04 3.582301512058900794e-01 2.110572472142638258e-04 3.147774834731993376e-01 3.502465292122584742e-07 4.777172405955311694e-08 7.458399469866107397e-06 3.474855433175440180e-03 1.841519106951736595e-10 1.112603397199388028e-01 3.790659478666470869e-04 1.011890685734019916e-11 3.038340111496155016e-01 2.709074466742467102e-01 1.216559929475833665e-07 3.165760244854357586e-01 1.681208607479539607e-04 3.039853786993006457e-01 9.382442617874308147e-05 1.236828810989161375e-05 9.737090158372159465e-03 1.497435167233630892e-03 2.288064106564657641e-11 2.547655968617212928e-04 4.894800029886147152e-01 5.764315781000345362e-02 4.615602267146167581e-06 5.921867256168809239e-05 2.049950053763882705e-03 2.355493311266668786e-08 9.599345972595308015e-05 2.196396285596226294e-01 1.575060349772369248e-09 4.627160639460481632e-08 5.370832146461222353e-03 2.167253094922069467e-01 1.369054757903883402e-11 3.967253161441496034e-02 1.051631862011008604e-11 6.491886051884685105e-08 2.610566548985741276e-05 3.034234249750003554e-01 1.993817631057646223e-11 2.129786238207163698e-12 3.317055353131307394e-01 1.462408412788022694e-01 8.730327663828114926e-02 2.991261143823578661e-01 1.820112762625512225e-05 1.789281362777295822e-03 4.004361732252879921e-07 8.559958956933304715e-12 1.136923491005725848e-03 2.195082297038218134e-06 3.102543420995559909e-01 5.633541295755353090e-03 2.274379845757034391e-01 2.377677250956313127e-05 1.977983373790217768e-11 3.244645711318017342e-08 3.109181276482758660e-01 3.094109384208602085e-06 4.595309197886198141e-06 8.258719386512970440e-01 1.210878308340604463e-04 4.943655165550592256e-06 7.553997950340262863e-06 1.210006516286003396e-08 5.336028791460480526e-04 3.177197387348878014e-08 1.773454561080467141e-06 7.950336494802006754e-06 3.630150974329138555e-09 3.348585651475848302e-01 5.976376135934300236e-11 6.902682564975837711e-06 1.053522440870465939e-06 2.489973627751529504e-05 4.963086954048099967e-11 2.312701335269860000e-08 1.001009926219230267e-01 1.774774242000494532e-11 5.952708282396002330e-04 2.158052278948884714e-05 3.332996164751585546e-05 3.264521161730741805e-01 1.081537133516826349e-07 3.102889198109105018e-01 2.925721987666185514e-05 3.279474884804818302e-01 3.050535535648862262e-01 3.039181424823019784e-01 3.509635498945497534e-01 8.906145563872474804e-06 5.735451174965935919e-09 2.308178851305843761e-05 5.286796153080878789e-07 1.715785369411454171e-03 1.678917818580094867e-01 7.495300728866268367e-06
1.375820711527838314e-04 1.000000000000000000e+00 3.884944214268314142e-06 2.488834032796791473e-09 2.405222090068619778e-07 7.037110764939465009e-13 1.338874705420037368e-03 3.336402021377374936e-14 2.332349953780598074e-08 1.966240030624252018e-07 3.249108451493485843e-06 9.756057946140132157e-10 2.328143280245511205e-10 1.875201364152680793e-05 8.600346111463250121e-02 1.961580340473118123e-06 1.066819399264123359e-06 3.032926926536525022e-07 2.196761816932956111e-10 1.691010905823254456e-07 6.607948992764988913e-04 8.640005638076767556e-05 1.537184607136109146e-10 1.487506651558797732e-07 1.094837734641407529e-05 6.233826812835743846e-04 3.616621655417345911e-10 3.607683739566173950e-12 3.327694277968448916e-10 5.336922425245368950e-07 3.179531850411569846e-08 1.909897601763257435e-10 1.795075550738235173e-06 1.797131784035588652e-05 7.276966231554993225e-01 1.606990858808787575e-05 2.357709645819100197e-01 1.651933645636603900e-05 9.288619307778919629e-13 1.561454686815962889e-01 2.835538383213704119e-04 1.596383098027009889e-07 2.024833813786335816e-05 7.396335617549300056e-09 9.096818638310647529e-13 6.373337024808064522e-01 9.635690677512510712e-06 1.099489025799459516e-11 3.237829071154995492e-02 5.857906776350145594e-09 4.209035854347769477e-13 1.648343044582208086e-05 1.883604511488151705e-05 4.647953715597637545e-09 1.898132808095801043e-05 3.203019959014407720e-08 1.613480543221233114e-05 2.243997295412219659e-07 1.709580169190210133e-08 9.911951795595905333e-07 3.287544634512238930e-07 2.273997301906112373e-12 2.301432612481851825e-02 3.177368644153980883e-04 5.805624520198873973e-06 1.600849768812657833e-08 5.985239533304934705e-08 2.409436781412807333e-04 1.136647540512898664e-10 3.836443447284136326e-06 1.412533671890520769e-05 6.692998137022006727e-11 9.613296197037932310e-10 4.055102235494049689e-01 1.567499375810365848e-05 6.944972937606139754e-13 2.801967975131429446e-06 2.869547156773395705e-13 6.269966229364683153e-07 2.685305552140311816e-08 1.648787697657050174e-05 1.032721760493934820e-12 1.081152323723534775e-13 3.564874424745272368e-05 5.397918693046902293e-06 6.063789667086997239e-06 1.822013795204800377e-05 1.839072617688198436e-02 2.076659932094422925e-07 3.636133576386637127e-06 3.354966763569260633e-13 5.687266138330041715e-02 1.823028633202732893e-07 1.695124589534327932e-05 1.086574064586360086e-06 1.637765510924074245e-05 4.780602473263379155e-09 1.737058843916595708e-14 4.910516190499933850e-12 2.046913438085616060e-05 2.274636604698527314e-08 9.561341902367336500e-09 3.976831184436768708e-05 2.255629703135722808e-01 4.500906634058610297e-05 7.559768234851384780e-08 4.056329168353280596e-10 3.472743135255054217e-07 1.137134669100539209e-09 1.936039120946047553e-07 5.268163039000392214e-08 2.328591015134921293e-11 2.831843528825609183e-05 1.192782165892410764e-15 1.081843487613101483e-04 1.000861760263792962e-08 1.225796174380349262e-07 3.954169493119955564e-12 2.536347152868157221e-10 1.009464357266394505e-05 6.745588014959070839e-13 1.256740588135675439e-06 2.253117416537370935e-09 1.328419200739508669e-07 2.256291601177095346e-05 1.289044290860079456e-09 1.801848037463748769e-05 5.664103543294018037e-09 2.325892300657340404e-05 1.627087361151175658e-05 1.609775662840592366e-05 2.601697672474818923e-04 4.057648876316338827e-09 2.890697249014235534e-09 3.334262111055983850e-09 4.228422546070642024e-09 4.835491994282368475e-07 1.752516039801079042e-05 5.555320947365844919e-01
5.229333898984049600e-02 3.884944214268314142e-06 1.000000000000000000e+00 3.786680073754274448e-04 1.820900416748587759e-03 2.793607959155795100e-12 7.228539046774394460e-07 1.739032306172629917e-13 3.549738427379186825e-06 9.239457952124522261e-07 1.269433136373656658e-02 2.351102709758743536e-06 1.291867484635366400e-10 1.673998566343582184e-01 1.833415024596869269e-05 2.045350396756109336e-04 2.329678224410260839e-04 2.329270250861968354e-09 4.668329397643185587e-10 9.128931730444672467e-06 1.009953741668835614e-01 1.570362983723225248e-01 5.054676511686271486e-07 1.492349363567074276e-06 7.107112639421703237e-01 5.937760833112060155e-02 6.709933043752214205e-09 1.461010464506413490e-11 1.030535261183974315e-06 1.411423323983078751e-02 4.142961078080222015e-02 7.921771053534767914e-10 4.002757476167609699e-03 1.647533997885071988e-01 8.876755492955116030e-07 1.636505386518143923e-01 4.182510761717971116e-06 1.632117618370031997e-01 6.471852259116522544e-12 1.783220230369614897e-05 1.309605186188823878e-01 1.811775913099807414e-03 2.017327624535833197e-01 1.131134996962011935e-07 3.506971705835942007e-13 6.364384264300691283e-07 4.426470061994457889e-02 1.053755824035057835e-10 9.384435277866639419e-03 1.434607843973424203e-03 2.582810860227024878e-12 1.637261977662302914e-01 1.583173350774959298e-01 4.801310031718322642e-08 1.663607937047047458e-01 6.609930644337690489e-05 1.649903019507926172e-01 4.991344872224549899e-05 7.237487181627776494e-06 3.542730054203462910e-03 1.312643914090066012e-04 3.412096329701816851e-12 3.775752791874983721e-05 8.760431694490537768e-02 3.778662759756624967e-02 1.282290149046606864e-06 1.318933447982115302e-05 2.773185835760593604e-02 1.192100201384189345e-08 5.768542129398556693e-06 5.753901366014151364e-01 4.208642137064055774e-10 2.168240297245778532e-08 3.742331728819769292e-04 1.205661222083719564e-01 2.653696674400379673e-12 9.880812383557175949e-01 2.283865265611002992e-12 6.454819191956716583e-09 1.997425508750625184e-05 1.633475596754221937e-01 3.377875848613955657e-12 4.441755735494037448e-13 1.682138896092140734e-01 2.335538037949366763e-01 3.737386970936941444e-02 1.673028701916687011e-01 2.222797507724160318e-06 3.997757336936851869e-01 5.332752299493522898e-08 1.917814431829605836e-12 1.988982312830460381e-05 8.717619667137928683e-08 1.638282849518556961e-01 4.263494675795478916e-01 1.331129964105007557e-01 7.717000906511843885e-06 1.547314003857071388e-11 2.277672456611576808e-08 2.283614499572392265e-01 1.449557229167025647e-05 1.140956118883166970e-06 9.908008338171273022e-02 3.446570152354065383e-07 7.660061369229901775e-07 2.714589394563126853e-04 5.071880736020331558e-09 8.353181139181966946e-05 9.899136397271953678e-09 5.030945453420230202e-08 8.754742946562244421e-04 2.475293400700902278e-09 2.446544926905303008e-01 1.241025513727475893e-16 9.257976501988502392e-07 1.281330066225096979e-05 1.717612260530205787e-03 1.008193822674969777e-11 1.001531678172864932e-09 5.177290211378395013e-02 3.109990215632610003e-12 5.116144430972749228e-03 4.140287381525922794e-02 6.270820135508251188e-03 1.662034839280523424e-01 1.143286695642798578e-07 1.748186001573712178e-01 1.084917332180386002e-05 1.657583060860401969e-01 1.625459268403289248e-01 1.650226987492993402e-01 1.321238795868329152e-01 1.269922185213919440e-02 8.803635688653330153e-10 5.026923616266815934e-05 5.658362963585887515e-07 5.233878136895291078e-02 8.048936142287164974e-02 4.053857430168268607e-07
4.775609443936727083e-05 2.488834032796791473e-09 3.786680073754274448e-04 1.000000000000000000e+00 9.983622972940237396e-07 2.471312629295162864e-09 1.324242699157672591e-06 1.405850159295023276e-09 3.013210861823578646e-04 2.645793894648156789e-05 3.064897589696397528e-04 2.761723760809243621e-04 9.392496819796640832e-09 1.873910906117407080e-05 8.890280475795069646e-09 9.054250297510076594e-05 3.758951734239159292e-01 2.456607912910639562e-09 5.892885625925768710e-09 4.490514227259583577e-05 1.461907555534995408e-05 2.068318209828184226e-05 3.582393101618627672e-09 3.845464713218546332e-04 1.333081363896367858e-04 9.552472589486525568e-05 5.214404097706314026e-06 2.377963348061754275e-08 3.192565441402147353e-07 1.468797184791096819e-02 5.712022461795161765e-02 4.447900691389488067e-07 8.265067125899305825e-06 1.712849303934741251e-05 2.213730892668591362e-09 1.690965803603305958e-05 3.122092644899613790e-09 1.724500532973877474e-05 2.301583705385199906e-08 4.327783016450703744e-08 1.815035981102786983e-05 9.675490771257237027e-03 2.356280806124866036e-05 2.623837609723612336e-05 3.120618038778699496e-11 5.065530212966083857e-10 1.803813760490203394e-02 2.724452849208736532e-07 3.004776808036139248e-06 7.763017743743378940e-01 8.816433831586408157e-09 1.677911414670276742e-05 2.457511226908786010e-05 3.327070875711277280e-07 1.853914991094739796e-05 8.510514452714144061e-06 1.709902994647196517e-05 1.094508592939099495e-02 7.090932858442218670e-07 5.905744052333495355e-05 5.265394435917647095e-03 1.032227102195861538e-09 3.723994931949619539e-09 7.978068466289136207e-05 2.490145488503413466e-05 7.541775323190252033e-04 3.572811698953051208e-03 6.399487836201557360e-03 1.200359390180620833e-09 3.793219692178451865e-06 9.911683873447181298e-05 4.718687342241692443e-07 5.798854701054793107e-08 2.005447606588147914e-06 2.362741270544431194e-05 1.029993059780304201e-08 3.872188761488542510e-04 1.792083700654029190e-08 2.413832477399691417e-08 1.501152742013029708e-02 1.761199661119216021e-05 1.219824403331871295e-09 2.529863655300621046e-09 2.141806500953117901e-05 1.021279286239701670e-02 7.188678062328179071e-05 2.020616125942206799e-05 3.246464509350037256e-10 7.195591849765790166e-04 5.884311300813348417e-09 1.128655373329664059e-08 8.422872529894071861e-08 5.042681126978170908e-08 1.701469613512535407e-05 3.104353903262090358e-03 2.612352790636763777e-05 6.972982971049989918e-07 1.515734240406070747e-12 2.615263706424805769e-10 2.856781497652521591e-05 3.380139692859819535e-04 1.544311410638741795e-03 3.092037882187657297e-05 2.260506828248931669e-09 2.630677379720599162e-07 4.278457797945371503e-04 6.795537861102391042e-07 1.026182271051621592e-05 7.102587401549814079e-06 2.785183222627785613e-07 1.976180528856417726e-05 1.673324612958299075e-12 3.351419767462319592e-05 1.941400405822133755e-14 6.695308448250530560e-07 7.190794500608742204e-05 4.774218551170027148e-04 1.421647476575607146e-08 4.300487075887470295e-08 2.751620470294330881e-05 9.253969285740974397e-09 5.207327658225599770e-04 3.762983639719187472e-04 8.682112928170430727e-05 1.835787171488246827e-05 1.149092750941070606e-04 2.206780547295547881e-05 9.244820877182778288e-07 1.881303755309602673e-05 1.727159544709817117e-05 1.686855710329129599e-05 1.770583177321405360e-05 9.708401713620570805e-04 8.271124310272041755e-10 6.990961882029418373e-01 4.734053929912066189e-04 5.702656152934860480e-03 5.674287668865527282e-03 2.701386524362603099e-10
7.322422692588342235e-04 2.405222090068619778e-07 1.820900416748587759e-03 9.983622972940237396e-07 1.000000000000000000e+00 4.156918984897788964e-07 6.356324597367899397e-05 2.151469889308876310e-08 8.331418042689734468e-07 2.132082102668663597e-04 2.202594471516541841e-04 4.075554307581729677e-07 9.002378847323161295e-06 1.873659535769659932e-03 1.153507478713301028e-04 1.452962914969909308e-06 1.029336770432138647e-06 7.299432772986157246e-05 3.227150548086625712e-10 1.563416753161222379e-06 1.346406218058887648e-03 2.284336680086049200e-03 4.687074710314015007e-08 1.339430143985696828e-05 3.110895789605696172e-03 2.870050146274570873e-03 1.644813429731480521e-06 3.612133188670080045e-07 2.060611437575083416e-09 3.631401397939465698e-04 1.112200751340444352e-04 1.896268241609135324e-06 9.500480660655148294e-06 1.910200799691804448e-03 2.709507682845334093e-07 1.816645629757043367e-03 6.734997967545648918e-07 1.778500552319744977e-03 1.839261031790520498e-07 4.721250318660456257e-10 1.847753206951810011e-03 4.952056693416448740e-06 2.349552812650718830e-03 8.603022962845758708e-06 7.547497511792110074e-16 2.360127727022226897e-07 8.206511969712266966e-04 4.406407242542002383e-07 1.192785216714739956e-04 5.391452636602234172e-06 1.252077451980837833e-07 1.776474147438964358e-03 1.712123459974523171e-03 2.388377784394999162e-05 1.857639478255105779e-03 2.599613525134476537e-06 1.767729907475851193e-03 9.853886304321255967e-06 2.787465478245180231e-08 7.095614585618794322e-05 4.537061913678758874e-05 8.439886114292512767e-07 5.889674414521929710e-04 7.057342546779606270e-03 3.519007900706846992e-04 3.624935241138187974e-06 3.977170236853750594e-05 7.028111442967687784e-04 6.391674695104487947e-11 2.353913703353469663e-03 3.255155585531477498e-03 1.422094175776196907e-06 1.048540935346660923e-05 1.485583975193050976e-05 1.264000312150339580e-03 1.097228310609309759e-07 1.580587297563604667e-03 9.991906005835693263e-08 1.260483058933324163e-04 2.545697935277506269e-07 1.811435761552264087e-03 7.756021044748119873e-07 3.436969857552671934e-08 2.592602802704482151e-03 1.148815838395055499e-03 3.505380258668030135e-04 1.870909783720638543e-03 1.503705835040921104e-03 1.354060403754565834e-04 3.967664419919581182e-04 7.330718819533871782e-08 1.514774400617367657e-04 4.163686597173286400e-04 1.837155393158164049e-03 4.139187249769641394e-04 1.389919707324012606e-03 1.316050058005748349e-04 9.603589242374689189e-14 2.953556216730406831e-08 2.331423491687613370e-03 2.769857192380247067e-04 5.836014179885572507e-06 1.104632063999587887e-03 1.496628189856575022e-08 9.893342627932473661e-04 9.365461131374489684e-04 5.888188580012934495e-06 6.403497051454788900e-07 5.279055297860384659e-06 1.606448458349076370e-04 5.389029299196202143e-04 8.358034151979703925e-14 2.520977384458570648e-03 7.375833953797735695e-20 8.360493761931188155e-04 3.041397568040661754e-04 1.467929134172414694e-03 4.463469135542147643e-07 1.308035278640211342e-05 5.490113148525060114e-04 1.824348933149570396e-07 6.336425841602895577e-03 1.346960669021426470e-06 6.137824598023168464e-06 1.915250401499441618e-03 1.200343152789802755e-06 1.879853398617486364e-03 3.847407163089049677e-07 1.895226281719938465e-03 1.741092514584816021e-03 1.789983178681742778e-03 2.438150057260815053e-03 2.500334782538996478e-06 6.771938018622754513e-05 8.818176486860267366e-08 2.792990824587087796e-06 2.743243066200875538e-04 1.065091702504191102e-03 1.089722370946183356e-07
1.482170388001867518e-11 7.037110764939465009e-13 2.793607959155795100e-12 2.471312629295162864e-09 4.156918984897788964e-07 1.000000000000000000e+00 2.489891821598829596e-04 3.570543574977248502e-01 2.661164332960712317e-12 7.000977512707516441e-03 3.617997215577653483e-11 9.865948607951047356e-11 6.647724159094139385e-01 1.837851316827877062e-11 1.306995533469870341e-09 2.127802327419603064e-12 9.954938479949051678e-09 1.128834845371882167e-01 8.624820298823694814e-13 2.677109266469452420e-12 1.160350792454507865e-11 1.875247308198668746e-11 1.289677122862519658e-15 8.365895823534798877e-04 1.020169751707614876e-11 7.098717182093846129e-10 3.021711273907421585e-02 2.899295589317954502e-01 5.570938128499577782e-17 1.240151913868841652e-08 3.105620127141852687e-11 8.127027069980566343e-02 1.673537853479012480e-13 1.867402697122402150e-11 1.237584785800646491e-13 1.712499920410960310e-11 4.893655802837150761e-15 1.670529363262647870e-11 3.099880561232463139e-01 1.427646036500386253e-09 1.623406082398036991e-11 1.560366437906633264e-08 2.071044872127349817e-11 2.603414081788604784e-02 1.050613082487964840e-22 1.932558692342417135e-12 4.510253704397244979e-08 3.111175227724781167e-01 1.088779027281899872e-12 3.158243657559485713e-09 4.849034624504237057e-01 1.734722870658042518e-11 1.518136335517458318e-11 1.040964328141516654e-01 1.828126098762304005e-11 1.391734919365712757e-12 1.695434802648263928e-11 6.727133364228421073e-05 3.641524229115428360e-16 9.576257121140647677e-12 2.270461010231295344e-07 8.475418912980737796e-01 8.051639048021627954e-16 2.995227221644013432e-09 2.928046363622259675e-12 1.125563167194222440e-03 4.100178114741862283e-05 2.383642400720298156e-08 3.168897980260465708e-13 1.155810033604247377e-03 1.500623156014438072e-11 2.567333675892742306e-01 7.684629974361853249e-04 2.080141707133381916e-11 1.180835869837545124e-11 3.335940110750181820e-01 1.962853196032225528e-12 3.661103884939398423e-01 6.499055878042174494e-02 2.335855065282938596e-07 1.743574987538185354e-11 9.172598025511016218e-01 3.542671411869040554e-01 3.863518386334870344e-11 4.618093241794727863e-10 9.154038844440385596e-12 1.710338817800916962e-11 2.523865533446437591e-15 6.806262330052962876e-14 5.581127552471003284e-02 3.131456891202616388e-01 5.058383958770350856e-09 6.856249796700973620e-02 1.740405886129880391e-11 7.986828542202050204e-13 1.211928607085086518e-11 7.271766076055314704e-08 2.567542476429867967e-21 2.476795598582109631e-13 2.022077039451172884e-11 5.444911069900807560e-03 9.744395155709065909e-05 1.385413519454570214e-11 1.012643898710813247e-15 9.457687902181977774e-03 2.268544132343333825e-04 1.409729204280824599e-01 8.333939593522383813e-14 9.596623753616281838e-02 3.664134478536651418e-02 9.088131310305112636e-07 4.376230987082264641e-14 2.306533579213682104e-11 1.141801090350948313e-26 1.216393903490739763e-03 4.933501292608203151e-03 1.543459317196276592e-05 7.475720228613370599e-01 1.668223480214718057e-01 5.216616072538055836e-12 5.510147744673057346e-01 7.535002698851681069e-05 5.328301746615169339e-16 2.239301823235247982e-13 1.804043774570965219e-11 9.583657844812080301e-03 1.695562796945385351e-11 1.187205229001387023e-13 1.851892024744473868e-11 1.718156057460535011e-11 1.695914124947481047e-11 2.704312616328253781e-11 2.687310144117862851e-15 4.003744752924468520e-01 2.537925477187280966e-09 2.580716225811726782e-03 2.653433241183300133e-10 2.351783793048410829e-09 1.965608892794840360e-14
7.778982903632888514e-06 1.338874705420037368e-03 7.228539046774394460e-07 1.324242699157672591e-06 6.356324597367899397e-05 2.489891821598829596e-04 1.000000000000000000e+00 5.411494409427734835e-05 2.556381813584158480e-07 1.034487434613288320e-02 2.518395463329231177e-06 1.675880586659295510e-07 2.201055806716935813e-03 4.759879225667601165e-06 8.274109194739765957e-03 7.109748341153050388e-08 4.764608117665774622e-05 4.271197905516443960e-02 3.482453577972931176e-10 5.680015011463655423e-07 3.824094924123295298e-05 1.126612948963555354e-05 7.957363405724359356e-11 5.838537204340588267e-03 2.592452113708563381e-06 2.078134402603226617e-04 2.821893556070351888e-03 6.006248241166041836e-04 8.721947549963588027e-11 1.780633169942526304e-05 2.501224001769857772e-07 2.817060752896715595e-03 2.006180971693540582e-07 4.966155904761470033e-06 3.281586257724280684e-04 4.371953649181584089e-06 3.077345085733821024e-05 4.451112314654443941e-06 3.198719511817396557e-04 2.565131906987832069e-02 2.332326556523560759e-05 2.726041852628892929e-05 5.385110781577280428e-06 9.335565174619676887e-03 8.729019871200009998e-17 2.166015968224800983e-03 2.936159067398957326e-04 1.131623230352311014e-03 1.223876947984334196e-04 2.832663059912280677e-06 2.365036823441290029e-04 4.436735907687678242e-06 4.428593664030659346e-06 1.149193148052093591e-02 4.871394520828577038e-06 5.163780122268422894e-08 4.385126489594729369e-06 1.038997198328264673e-03 2.248546557610699590e-09 5.579339812270889067e-07 7.558153737963455878e-05 2.571670750592702000e-04 1.451298792986909259e-05 2.797411495777875107e-04 1.080942735133217542e-06 2.526913630690542315e-03 6.921399434989444809e-04 1.061235761448256877e-03 2.890887350733586486e-09 1.017309204813807502e-02 3.347719128869718266e-06 2.704766912809557049e-03 2.973938380166480083e-04 2.718268659460061024e-03 3.601922525906353262e-06 2.687689020972592094e-04 5.099051248149569068e-07 1.742037259694317853e-04 6.008954898107902315e-02 5.818035273282536540e-05 4.496064021472828047e-06 2.055183475398119990e-04 1.057726747290604143e-04 9.998830897027244437e-06 7.783545515025023189e-06 2.053959507233445578e-06 4.716508818278109801e-06 2.951931207823420587e-05 2.682888386563946919e-08 9.590453522793956909e-02 1.897963263518349301e-04 1.139096968357532040e-02 1.722065054658684230e-02 4.555248092142420534e-06 1.739408348421780081e-07 3.641180825512193808e-06 6.139346512511608727e-06 1.945270111131203398e-15 5.855707857077097352e-10 5.308229175950890104e-06 5.035124721856043886e-03 4.115854917275049707e-04 3.477291694926178311e-06 1.025395848563730977e-05 2.447832431275547838e-01 1.230913452941381162e-03 5.135664608054812084e-03 5.122304391259593637e-08 7.518230481856874592e-03 8.507563164141074968e-03 5.001759318477710123e-05 2.416255741846133884e-10 6.884589139656379174e-06 5.604663176051674198e-21 2.206111813192480897e-01 2.959801972723495687e-03 3.780976755578532378e-04 7.639752167262330593e-04 8.836181549492989114e-04 1.900747439604566905e-06 2.862722510467960490e-04 3.917232361223241949e-03 2.636705824834385930e-10 5.548286752855729597e-08 5.483001492388610003e-06 2.960293687109031256e-03 4.634499272726138642e-06 7.172060602203015991e-09 5.920413859640385366e-06 4.349890011097278276e-06 4.384188369928771565e-06 2.446130702253021739e-05 4.433352191858166672e-10 4.845786165922652718e-03 1.614922179859357780e-06 2.381484851269982141e-03 2.534119747466199488e-06 3.310105858487061802e-05 1.429978268882923619e-04
8.765183200415369317e-13 3.336402021377374936e-14 1.739032306172629917e-13 1.405850159295023276e-09 2.151469889308876310e-08 3.570543574977248502e-01 5.411494409427734835e-05 1.000000000000000000e+00 1.605038275782007391e-12 4.690952972341519769e-03 3.524162781775322283e-12 2.737123444705563610e-11 1.051066458049090269e-01 1.157113288216312544e-12 4.539317998011482188e-11 1.644071012583541314e-13 4.746945765363351580e-09 9.929623936144941349e-03 4.363772128813786148e-14 7.162692132981685917e-13 6.133595252729226008e-13 1.155641244566531291e-12 6.518084353662576124e-17 4.768484137111266485e-04 6.476707321867370334e-13 5.894944276483399518e-11 1.095769762903170685e-01 7.052378827977999753e-01 3.181994173357141207e-18 2.268576158395530064e-09 4.756237278354223825e-12 2.488585143744216077e-01 1.367975234705530081e-14 1.200986359579151380e-12 4.092799753603165385e-15 1.068229566951887403e-12 1.531939925847258813e-16 1.057649975134360332e-12 8.335017046367576565e-01 1.112961312098744255e-10 8.934498376290079666e-13 8.281449151916590626e-09 1.338429673372111581e-12 2.829849537672059559e-02 3.340469037926346959e-24 9.669799103218668250e-14 1.487339932322989029e-08 4.358637458609285753e-01 4.541360418208091117e-14 1.366790013653578220e-09 8.467162881176413247e-01 1.054843452582784775e-12 9.133743330532808478e-13 6.079286596819218763e-02 1.156779977870213762e-12 1.656926768916740145e-13 1.068480940107184073e-12 4.353664783604132031e-05 1.829122993660379825e-17 8.575257264399890070e-13 2.525934434946655038e-07 1.710488605162367171e-01 4.323652811952692367e-17 2.381445992816737554e-10 1.679654146620295608e-13 1.889755489674834876e-03 3.590419939956611373e-05 3.819439992814401749e-09 5.603786715818193997e-14 1.839467872663218121e-04 9.698062310954676062e-13 2.932152508690307191e-01 1.680482132629406605e-04 1.262897956242412024e-12 7.407960301267564465e-13 8.705788545393261524e-01 1.193953283391072301e-13 9.246011898887763758e-01 6.294299849019508071e-03 1.696725711668281447e-06 1.091176336650988673e-12 2.164259216565457833e-01 9.673083051793307519e-01 2.533211364096037162e-12 8.172588589071318358e-11 6.764427177509498433e-13 1.068559376461941653e-12 1.350410286485786270e-16 4.067014811616733857e-15 4.175530471587612924e-03 8.912367451509786154e-01 2.360800320541959363e-10 5.734934894784445882e-03 1.105081959030624670e-12 5.840340516550413639e-14 7.251623369581042551e-13 8.525146010097344561e-09 1.686338610859668910e-22 2.170212083315146141e-14 1.345889522107099549e-12 3.948381495913162904e-03 6.400335765295299298e-05 8.158330036917135194e-13 2.828344118669320086e-17 6.440754834782625544e-04 3.436280501260114252e-05 1.730111990844577508e-01 7.301501673003979680e-15 1.064140897339570097e-01 3.229350558507193374e-03 6.389053665066462129e-08 4.285368050718978885e-15 1.522672609687576736e-12 4.043450482479112517e-28 1.984006231973799563e-04 3.212478887244157866e-03 1.703801151682997542e-06 5.602293131909295010e-01 2.300300877863075549e-02 3.311549367413543913e-13 8.645054726561959280e-01 1.715806234470153882e-05 2.929141075003805498e-17 1.273483892387691004e-14 1.132608504512909509e-12 2.119068513952742511e-02 1.075801460376094180e-12 1.082035406377685544e-14 1.150951473797331998e-12 1.070713020152590665e-12 1.053400227542777703e-12 1.610043606900708551e-12 2.086592025765722807e-16 4.581433549068129885e-02 1.967289963720654223e-09 4.505636067216290189e-03 4.236445043610285998e-11 3.961231220977320134e-10 5.795551424227296754e-16
1.399680773932722978e-05 2.332349953780598074e-08 3.549738427379186825e-06 3.013210861823578646e-04 8.331418042689734468e-07 2.661164332960712317e-12 2.556381813584158480e-07 1.605038275782007391e-12 1.000000000000000000e+00 5.654177677984523575e-06 1.939394984742120326e-02 1.169953726038990005e-01 3.074022611088915416e-11 1.963623763949604958e-05 4.204073774265846833e-08 5.608080457255639752e-05 1.227815480403706121e-03 1.180430849030065476e-09 4.123560514614406976e-13 6.220450462956261806e-01 1.549134537787151981e-05 2.376710189919329806e-05 9.383220295159618105e-06 1.259080873332573455e-03 1.013886607665195766e-05 8.424876667626365033e-05 3.528065968976407117e-07 2.659665518578744865e-10 1.337303307696954152e-04 6.294684187413910822e-03 6.823707968804860373e-05 1.746958027908441443e-08 2.516950110484848704e-03 1.769376137445406532e-05 1.085473701842743251e-09 1.620793763388264804e-05 3.515591357266904385e-09 1.598575935394739423e-05 6.384951826443145436e-11 5.918909236619470116e-08 1.696857165061050230e-05 1.386039727201120696e-02 1.986621740699184624e-05 3.570207487524444984e-06 7.249578127677172290e-17 4.195970811977638739e-09 6.271938737938794394e-04 1.030276051621206033e-09 2.282503404516807224e-06 4.697065544197073740e-04 2.353699811519726200e-11 1.563701989430723316e-05 5.406385830027938107e-05 8.284647703614749102e-09 1.694430411429505209e-05 8.555375984974132250e-03 1.602018315131739418e-05 7.129451850127670274e-04 2.563639532313957930e-04 1.187566112436286639e-02 5.392879756637121436e-02 2.117390653538986530e-12 9.426992886010836454e-06 7.998128499896704508e-05 3.208424881284577409e-04 7.701024474469302767e-05 1.101856541883666427e-02 4.383864957587678732e-05 1.833092753689718904e-04 1.177954284138648876e-06 1.389406997438959049e-05 1.212882112814463323e-08 8.012258580033130024e-07 1.363626007202020279e-06 1.063471128296608468e-04 4.345487928059869029e-11 2.398059078844903465e-06 1.182566737541216711e-11 1.530190091601575164e-09 1.760001361571486263e-03 1.726592417539536223e-05 1.791338610868674549e-12 6.796674741189817913e-12 2.576266408358950878e-05 9.223898549212669390e-04 3.273642736337799980e-03 2.906252354769308383e-05 8.969292262446501905e-07 2.009113528150393991e-07 9.211268914338881689e-09 3.476688407618126411e-11 2.339940117692567571e-06 7.224470177912076553e-09 1.656426333158281291e-05 7.259945982219168801e-06 9.867549035788999404e-05 4.622199518258176539e-05 3.338678644634214980e-08 6.909647689694143047e-08 1.843769470721745544e-05 1.955971983629166019e-06 1.166625892089134635e-02 1.127844568156510850e-05 5.320017554757396782e-10 2.969121421993579699e-08 1.486244871999756681e-06 9.311257907658495659e-09 7.559168318463600766e-03 2.285149304031421972e-07 6.018225281445915717e-09 2.653412222836436090e-06 5.157641930075632233e-06 2.295825557322422460e-05 9.743544045792149014e-20 9.012312080943908820e-08 4.498418963552453589e-07 2.849974938697575428e-06 3.638753950064497589e-11 8.888308977489397078e-11 5.561076589560882836e-04 1.136649174626552447e-11 8.807064136371149779e-06 3.988639819856375819e-09 3.380038289501171730e-06 1.788207299780911769e-05 2.923198323922510123e-06 2.689647840173387845e-05 6.550862660741370649e-03 2.025082129622135375e-05 1.568566927161153623e-05 1.625178660283282088e-05 2.279564258992941551e-05 1.604238327137386617e-07 1.762178181218956685e-10 4.209332259373001900e-04 2.580000627168222308e-05 9.659777008950278052e-04 4.034199780981088425e-03 1.868095206604888620e-09
4.785759924236006126e-06 1.966240030624252018e-07 9.239457952124522261e-07 2.645793894648156789e-05 2.132082102668663597e-04 7.000977512707516441e-03 1.034487434613288320e-02 4.690952972341519769e-03 5.654177677984523575e-06 1.000000000000000000e+00 3.813864565086582142e-06 8.562761042017824030e-07 1.750241397876646510e-02 4.105274243967051751e-06 7.586398899065381878e-05 4.119971687666740123e-07 1.161464734566073839e-04 8.032663898179970285e-03 4.216934476546328971e-09 2.263769974125442998e-06 4.406566690458916900e-06 5.362868081172325126e-06 3.623401974728648185e-11 4.858218255791191265e-02 2.783262883846442385e-06 1.284844010336871597e-04 8.911155672783165060e-02 2.794245579663906520e-02 3.145491457504264779e-11 8.363110653169920591e-05 1.101693521288036175e-06 4.535606029765087976e-02 1.835282357845924373e-07 4.395819911608772988e-06 4.795227147094301488e-08 3.830037718844443134e-06 4.213514721354803759e-09 3.858276167177005768e-06 1.562848412990522698e-02 1.744020751894748329e-05 5.117261961232942198e-06 2.261759295118704227e-04 4.652324617732088198e-06 1.596455509045253685e-01 1.060811761005141375e-15 3.552992586711701339e-07 5.951346991990502048e-04 2.723095610695982008e-02 1.079713075257929694e-06 4.418055581402847656e-05 1.057085993438947567e-02 3.801704395067232304e-06 3.528611366435560351e-06 3.063115327531909515e-02 4.085184330461617697e-06 5.450502275226851355e-08 3.803885722219999229e-06 2.945933594817102749e-02 2.105418752345299834e-10 6.841881255256592920e-07 1.558583565159331764e-03 6.126092361445211951e-03 2.420777965415401983e-07 1.959985101318358243e-04 7.047017152050226089e-07 9.429951759346306972e-02 2.017881325709182730e-02 3.364781323539504715e-04 2.971663452812375533e-09 1.629701914011820463e-01 3.524384681647776809e-06 4.837458580384228213e-02 7.410076959708475916e-04 4.732152912604884499e-06 2.837351536646120642e-06 1.424655967093826914e-02 6.601278723374256652e-07 1.194276576117166838e-02 1.844506919264487371e-02 3.361187156525205413e-03 3.948914153250365567e-06 6.519664503342655418e-03 6.447273429960004125e-03 7.544804024904993236e-06 2.578025895921422076e-05 2.389307582499574436e-06 4.017790792384468620e-06 1.046670168837371996e-07 4.164697244837071653e-08 1.725571577284801261e-02 1.090034969497512621e-02 8.704222879377111722e-05 1.966876401654955170e-02 3.903641197683305325e-06 2.073596194052703975e-07 2.824278287669306709e-06 1.024124251730460704e-04 6.366600891900115843e-16 8.363451588598491503e-10 4.747473479441483638e-06 7.172792940718758503e-02 1.359632657989219215e-02 4.213638732888636754e-06 2.962522021710132352e-09 2.610756923829384707e-02 5.837966813163193019e-03 3.368588084990197656e-02 3.647154416947325774e-08 1.033322833896382076e-01 2.291801182441851811e-02 7.336309056241501153e-05 1.598024612807011032e-10 5.701552844221054646e-06 1.872415042741253875e-19 3.324276491114804000e-02 3.189784284894636029e-02 1.322942445317751119e-03 1.357764139245950206e-02 1.335640053360893052e-02 1.469012356594966920e-06 1.268319045405588361e-02 2.439910942310409211e-02 6.048480894384087871e-10 3.006173774430163522e-08 4.347361623851539477e-06 8.384396496350705885e-02 4.069812536795316642e-06 4.681305501273783336e-09 4.370125775827318994e-06 3.784757912386517611e-06 3.808993949911399664e-06 7.597293268347870311e-06 7.330139796292367445e-10 9.576248407547380270e-03 2.422544425351263840e-05 7.947070771944016176e-02 7.296966580679634753e-06 1.045120125729774948e-04 8.815079604341773842e-09
3.569801033100135357e-02 3.249108451493485843e-06 1.269433136373656658e-02 3.064897589696397528e-04 2.202594471516541841e-04 3.617997215577653483e-11 2.518395463329231177e-06 3.524162781775322283e-12 1.939394984742120326e-02 3.813864565086582142e-06 1.000000000000000000e+00 3.193147520083287200e-02 1.075937169269283863e-09 7.401553665640771273e-02 1.172364383033035200e-05 2.128411232911624207e-03 6.518467538112859404e-04 1.769694893924089719e-08 2.524158483439140656e-10 3.921103711341421966e-02 5.291886600358665371e-02 7.120163258646297622e-02 1.033644865620316758e-03 1.713286333677291914e-04 4.013482456887502992e-02 4.918522857137657550e-02 5.542883758480897437e-08 2.002774401357239509e-10 7.866085691190585760e-03 3.728836592470709949e-02 3.696363860836567646e-03 9.309936177081142818e-09 3.438176638057361401e-01 6.734995050828343488e-02 7.223738694304081802e-07 6.519321251475777845e-02 6.258692646998983569e-06 6.588242622594196740e-02 1.061901035301168016e-10 2.791042028378144257e-05 6.258031447146723825e-02 1.910885913623403681e-02 7.149795846789111509e-02 1.037713677272756669e-06 4.306350204767648459e-13 4.070072258811743392e-07 1.577184802377986847e-02 6.320211830231310428e-10 5.471116181155836686e-03 1.321792505413215421e-03 5.696743492444164960e-11 6.486391292445571610e-02 1.510426612127687140e-01 1.354460480599789285e-07 6.817181908599127815e-02 1.108835255761550231e-01 6.515935211745182976e-02 2.404174703272107024e-04 2.415946398074440143e-02 6.485334473775532516e-01 4.167336906299342475e-02 4.436793380556259628e-11 2.748069772438267589e-05 6.408309950433324631e-02 3.536340549492656971e-01 1.661501250883928705e-05 2.395116063163164020e-03 2.063792767002207030e-03 8.366767108136136273e-05 9.117405765627365749e-06 5.087783578177319799e-02 3.769423977351770871e-09 2.672230972061448560e-06 2.841481466060980475e-04 2.225680594527328360e-01 4.815606563084732471e-11 9.227785781539344159e-03 4.703316748439766858e-11 2.723361463510917862e-08 3.383380018566662273e-04 6.917272135302962588e-02 3.677634879421599795e-11 8.413793847287310495e-12 8.028173221708795326e-02 1.611378334116273514e-01 7.724110376898746244e-01 9.749949603505105034e-02 2.012608044666514946e-06 5.534680936618569099e-04 1.062463536675496773e-07 4.102364933382177461e-11 2.253519489350572932e-05 5.389863958542710918e-07 6.604122014372258709e-02 6.802276212423253796e-03 2.113123630520623020e-01 5.294215256612068952e-03 2.659444268308799487e-07 2.894593469484760129e-05 7.111199288801625662e-02 9.450796111010645699e-06 5.491906918993277268e-04 4.256978908397181932e-02 4.868404379753324793e-07 1.118414158765369087e-06 1.539298536011703887e-05 2.268367385120596573e-08 1.175210281070920015e-01 1.078739576238161214e-07 2.172660497408770613e-07 4.044655783604462161e-05 8.638755963234379746e-06 7.695328922761845991e-02 1.056829076138709674e-16 8.346650897745246193e-07 3.183095735206180897e-06 6.132664466343014354e-05 1.080832738081052580e-10 3.892056492758191750e-09 4.327421776089265260e-01 4.938283085920204747e-11 3.956427884091279451e-04 9.566380843254938782e-06 4.511486819883852098e-04 6.855226006137442318e-02 4.879088525705933133e-07 9.201019858358384929e-02 5.004082267755348423e-02 7.283552565980588867e-02 6.531745174159918343e-02 6.597401855448900565e-02 6.771683656252286410e-02 4.847726012473321946e-05 3.439230407827907142e-09 8.418497393482172618e-05 3.467982298582454616e-06 3.053065063083453337e-02 3.201363292131412797e-01 5.485968792825380404e-07
