1.000000000000000000e+00 -7.879790032034669767e-02 -1.289512164283583284e-01 6.773510949526005687e-02 -1.603254244216462121e-01 -1.455968609000172220e-01 -2.358860846908842901e-01 -1.814161973729502830e-01 -1.426817596946689803e-01 1.879030315166021481e-01 -6.204421535339384869e-02 -7.621113999811392203e-02 -2.230289398847347115e-01 -1.149790750699864611e-01 -1.591180318791863280e-01 7.195398572277220683e-01 1.703301519990828850e-01 -2.990627706721015189e-01 7.235781346013744342e-01 -1.791636804137466954e-01 -6.384351941794683127e-02 -7.402312563119109456e-02 -2.037950173077283100e-01 1.920099436684537808e-01 -1.289792940515960551e-01 4.643272236634475858e-01 -2.993699888836495737e-02 -1.201375441055399229e-01 -8.416403085536239281e-02 -6.125295329855218185e-02 7.497913259125381369e-02 4.680252294197120746e-04 -6.147833550618683057e-02 -1.376722030434072708e-01 6.474405220112863617e-03 7.851605601798220535e-01 -9.842759572116377420e-02 -5.174468774896980039e-02 -2.074749869986082795e-01 -1.509038192654376942e-01 -6.994320017566679759e-02 -1.998938571827623689e-01 -1.374557528746457868e-01 5.213559991299467761e-02 9.526584353804447014e-01 -6.000611888948674533e-02 -2.257268133251645603e-01 -4.107025078598770529e-01 4.833097282529940503e-02 1.831041215342385786e-01 -3.420819982388804137e-01 4.571570812480262869e-01 -1.226595312649254171e-01 -3.671387928688066848e-01 -1.040606257314549352e-02 -1.350418593666431397e-02 -1.163906883439174145e-01 1.649614255525714279e-01 -1.439200988529760195e-01 1.985616565392565036e-01 3.216207940139451660e-01 -2.094838002243108455e-01 -5.767787177100458518e-02 2.420714969417013529e-01 -1.246608679462285763e-01 1.830357429023192206e-01 -7.046455030177296852e-02 -1.915782048615290445e-01 -7.216199427255218235e-02 3.981199956786997118e-01 -1.288560214613213295e-01 -1.709181257251126407e-01 -5.029349146513429902e-01 9.823578201866331461e-02 -1.185142774630351947e-01 -1.835803230609975301e-01 -1.288718022431898369e-01 -2.450427702217524151e-01 -2.408178114166837636e-01 1.062114695234196854e-01 -1.228433608229688445e-01 -2.417920548654139967e-01 -2.502248735930494572e-01 -2.934898897718081767e-01 2.118279242551602548e-01 -8.966528273297121043e-02 -1.290299187253096946e-01 -8.016986754262651893e-02 -1.346212328594930674e-01 -1.320339591377835131e-01 -2.344010487757986760e-01 3.116130554776810335e-01 9.053890019258625799e-02 -8.141446913098941696e-02 -7.352388450766879358e-02 -1.134003794021403999e-01 -6.795960520295354912e-02 -1.788914551996401703e-01 -2.854159035012149848e-01 -1.288510973081653244e-01 -2.147844868035421739e-01 -1.346726736323640428e-01 9.743702545841914642e-01 1.784039918306830064e-01 -1.977551003584752665e-01 -2.417875836776162135e-01 -2.425663334263093440e-01 1.687973295952309161e-01 -2.865714253843782422e-01 2.450503949535079717e-01 -1.839288765745853427e-01 -1.998594722834782234e-01 -1.618717571386401044e-01 9.768103897620730169e-01 2.015798395820315447e-01 -3.563759999465904160e-01 -2.625277253854737536e-01 -7.909442568076799351e-02 3.674707163363931661e-01 -1.154237305147263193e-01 -1.479945748921592252e-01 -3.813127965049611240e-02 -1.389393685920735921e-01 -2.136459363762991948e-01 -4.045337631739188977e-02 -5.829549145609086436e-02 -1.181814205777029503e-01 -1.269553592656062248e-02 -6.704994133258718181e-02 -3.225700986876980925e-02 -1.160262791995828879e-01 -1.307870507171636221e-01 -1.616756369636830060e-01 -2.833608076529563480e-01 1.564235782899187632e-01 -4.137157754179973668e-02 -1.655158560963195802e-01 -5.572173875040480062e-02 -1.364937713525248009e-01
-7.879790032034669767e-02 1.000000000000000000e+00 -1.450126534100428521e-01 -1.801976612841675318e-01 -1.248562938085550772e-01 -3.979077836971598066e-03 5.536707325165485249e-01 -2.277608965426184962e-01 -3.765483443154665766e-01 -2.056974780661346425e-01 -1.769925689484496412e-01 -3.817621233197835973e-01 2.131575366096864488e-01 -1.847974193917477082e-01 4.156297729699137689e-01 -2.199713253896139753e-01 -1.589675673443188830e-01 4.057758146068662919e-01 1.566756286046437074e-01 -3.547427845090090903e-01 6.796424658890842796e-01 3.181287944103305954e-01 -2.302504624205791717e-01 -3.923229201054039272e-01 -1.448572410647053776e-01 1.380886304361682582e-01 -2.409014439866397628e-01 -2.010755084833085460e-01 -2.088047507438924588e-01 -1.941480354237068995e-01 -2.047106113131672012e-01 -1.333152661076003331e-01 -2.109467145176006364e-01 -1.493120686776635564e-01 8.171746681343051710e-01 -3.104404703558380496e-02 6.011700700073779879e-01 6.585058384091412309e-01 -2.009309016747272969e-01 7.327960180808675839e-01 6.117633092397477546e-01 -2.460186603859111920e-01 -1.522182297366003745e-01 -3.462040151419407130e-01 -8.880712878854998132e-03 7.456075931069020557e-01 -1.116879556597195622e-01 -2.521222734194947801e-01 6.973139530535421571e-01 -1.917819007950857246e-01 -2.358220812838956459e-01 5.621929350815146886e-01 -1.934809013655281462e-01 -5.346197387802405221e-02 6.987037281347819873e-01 -2.257113418522062598e-01 -1.872384860779172100e-01 -1.255995292864546531e-01 -1.368578283731802792e-01 -2.805389866133141119e-01 -2.615810172603750261e-01 8.292279860224587018e-02 8.515260830354899613e-02 3.318454501149558089e-01 -1.951358725055362398e-01 -3.837027189760682244e-01 -3.495760790144485930e-01 4.622851920626480648e-02 -1.900183075030147106e-01 -2.311228674799747085e-01 -1.448214618846861423e-01 -2.892109502698309020e-01 -2.269722069090143179e-01 8.443634117067396749e-01 -1.912608539503820315e-01 -1.416827861344183148e-01 -1.448863813971069670e-01 -2.306703417851925231e-01 1.796859691793508407e-01 -2.572811808455656712e-01 -1.918504832824149131e-01 5.080111274419461809e-02 -1.942200322663669154e-01 3.675350525025478654e-01 -2.644535658563444969e-01 -2.263679577119070419e-01 -1.993884139001735889e-01 1.955786807883082984e-02 -1.478345725364221819e-01 3.132396672170250085e-01 -2.314584125387724733e-01 2.645148348202126520e-01 2.592586382610322926e-01 4.606618262342536130e-01 -1.226404648267573061e-01 -1.855870231711205520e-01 -2.241842839688186761e-01 -1.478761418093961499e-01 -2.130985062456395851e-01 -1.446793676483582869e-01 -2.674352736136060282e-01 -2.903868442078649248e-01 -8.876972673733604657e-02 8.446113637198486845e-01 2.678058987803687563e-01 -1.649091427823011768e-01 -2.215043161221203205e-01 -2.176294056841197588e-01 -2.707234078989306791e-01 1.846229236882614422e-01 -6.508366854332189866e-02 -1.661303501808864824e-01 -1.833657013268948643e-01 -9.094991822623907374e-02 1.057991869673210739e-01 -2.948796577570546029e-01 -1.521949024484973434e-01 -1.081858363779369114e-01 -4.868675217667813027e-02 -1.837908218834671814e-01 -6.470713277898978988e-02 -3.151406579672438868e-01 -1.498664933003946986e-01 -2.333748372923884207e-02 6.674790041295705079e-01 -3.812072743830269839e-01 -1.900990127860117118e-01 -2.398735682787675183e-01 6.848618216358914879e-01 6.609448000497697429e-01 -1.906121313775080151e-01 5.315309096564686531e-01 -1.126767547477561388e-01 2.507542805968004385e-01 -2.068000239087935677e-01 -4.061945027185241419e-01 -2.129899569546293558e-01 -4.308698723779249562e-01 7.446162025687572683e-01
-1.289512164283583284e-01 -1.450126534100428521e-01 1.000000000000000000e+00 7.494809877092648565e-01 -1.110370607264326258e-02 -2.535330962542890476e-01 -2.776197164650170413e-01 -2.312882331147127213e-01 -2.410572386579938886e-01 -2.478793541692491387e-01 -1.604879052344003187e-01 -1.493083925764275011e-01 -2.780415096706486677e-01 -9.152750829320840942e-02 -1.398761148160323486e-01 2.572489853619512323e-01 7.004686780913653710e-01 -2.139930196947642249e-01 -1.502990653357004491e-01 -2.315743613981879889e-01 -1.161680491852418867e-01 -1.340722335855035752e-01 -2.093842363805134207e-02 -1.933643137568851755e-01 9.999995848151300715e-01 -2.834395783164102012e-01 -2.778974786487217186e-01 -2.476298794144757842e-01 -1.182801998456681353e-01 7.770091621655594860e-01 8.886238974782859623e-01 -2.878910268822683638e-01 -1.198180687467206296e-01 9.884870139147681201e-01 -1.879388345915173342e-01 -2.545539496133420454e-01 -6.097124740021421518e-02 -1.189867176427423373e-01 -2.571373074147539350e-01 -1.903064699941711679e-01 -1.110539412507871165e-01 5.142630585225931306e-01 9.984324060695414227e-01 -9.999713022332987200e-02 -1.315399080398272358e-01 -1.278342042870927175e-01 7.552924249152251912e-01 1.028952342282979104e-01 -1.269553539274879406e-01 7.389436483846403281e-01 -2.326694132965260453e-01 -1.760338204565705111e-01 -1.306136426972160855e-02 -1.590269686784325232e-01 -1.309580410775542103e-01 -1.742522616977041916e-01 -5.112947110434211406e-02 4.673434133530059431e-01 -7.865371062739309749e-02 -1.871027354376458840e-01 -3.091530658073674553e-01 -2.810121142944145278e-01 -1.238428645910707449e-01 -2.818868325197462221e-01 6.772848612797248424e-03 -1.279822959652525058e-02 -3.158295874838652484e-01 7.860852495405248330e-01 -9.196567979841319129e-02 -2.009196253963577428e-01 9.999995536742449787e-01 -4.063602114225238759e-01 -1.642819562558113233e-01 -1.886550835679123850e-01 -7.523515979234511597e-02 -2.854309507379039212e-01 9.999996025461269644e-01 -1.420313877879719189e-01 -2.405757207073064008e-01 2.068034144685936826e-01 7.624563608120846214e-02 -2.683963619303896264e-01 -2.298953254214618214e-01 -1.356671640037696858e-01 8.198042750902618803e-01 -1.406126990064975879e-01 3.087624993816286481e-02 -1.335154005613277683e-01 9.995389567583380375e-01 -2.491729156141416213e-01 -2.686078293345462997e-01 -2.178617543811176560e-01 -2.136465401340121306e-01 -1.225582007720332767e-01 9.499848146320101216e-01 -9.148736707745522279e-02 -1.078001068331103651e-01 -1.075616031052884780e-01 -9.819724724354891854e-02 9.999994947299473136e-01 5.861640648283718003e-01 -1.895584101740483141e-01 -1.168747270307435998e-01 -1.907118271637150975e-01 -2.212299279733898894e-01 8.265773592054532770e-01 -1.832792944259597212e-01 -1.761800237624673859e-01 -3.488637307797748943e-01 -1.995653543181040157e-01 7.343775724740997379e-01 -4.661936338848515424e-03 9.832347697537541231e-01 -1.164536530531553871e-01 -3.005829422004661633e-01 6.399846885299018684e-01 8.178215224479113976e-01 -2.784585991285739581e-01 -2.139802102104262915e-01 -1.152353087021956712e-01 -2.868135129049530496e-01 6.019110596679601022e-01 9.988435034990837957e-01 7.505720499754719999e-01 -1.414694747592904756e-01 2.113261328005656969e-01 -5.494750313527300284e-02 -1.599402442256706858e-01 -1.156706909192607852e-01 -1.214489596225864221e-01 -9.619138440443639193e-02 -8.071351927673492410e-02 9.781141632792051954e-01 -2.147356975425968317e-01 6.615680766441454086e-01 3.618710257030501865e-01 8.036954187170518571e-01 4.465391345792933953e-01 -7.454896522527894309e-02
6.773510949526005687e-02 -1.801976612841675318e-01 7.494809877092648565e-01 1.000000000000000000e+00 -1.537560616615052111e-01 -3.513369427303564274e-01 -3.381164935445388764e-01 -2.403874191335524380e-01 -8.887233702255577933e-03 -1.213347933478241547e-01 8.460642699909939890e-02 1.374393876184616115e-01 -4.356168245590638644e-01 -1.666107406680071845e-01 -2.850935782988531786e-01 2.676685370865179991e-01 9.517790767365369442e-01 -4.915849831748417276e-01 -1.299009876522690468e-02 -3.687752514703205448e-02 -1.414712572254794298e-01 -1.566577300555181684e-01 -1.581832914047790473e-01 1.580830817106561592e-01 7.493702273492043320e-01 -1.088789082549162651e-01 -1.372518525500186493e-01 -2.411700720376751261e-01 -1.835470706447332456e-01 7.331754983605043297e-01 8.543591021119176787e-01 -2.218894381774462743e-01 -1.098495422827268503e-01 7.270965773691671075e-01 -2.423237243729377821e-01 1.283877443599487356e-01 -1.077673454348753168e-01 -1.374458850109208652e-01 -2.504720856617461133e-01 -2.564250796055441706e-01 -1.251361351703922098e-01 6.137805133883769138e-01 7.452317288458552014e-01 5.871145294290198990e-02 4.055784443763618512e-03 -2.304792272874496284e-01 5.882102883676127991e-01 5.972007375487024816e-02 -1.531103413575290451e-01 9.626769453436370139e-01 -2.574047437040861697e-01 -7.106661796736826742e-02 -1.146134773239336074e-01 -2.354383318900742650e-01 -1.575058558670837938e-01 -7.746577855134435808e-02 -1.395875387920331445e-01 6.959711713906819863e-01 -1.798660119594661100e-01 6.509790152095152119e-03 8.318112062273108620e-02 -4.613259281248683341e-01 -1.557710632260487782e-01 -1.257248454472968402e-01 -9.746682515080426490e-02 3.020839895391130292e-01 2.363320837766422905e-02 5.867358782878689949e-01 -9.220668904782463801e-03 -2.262324218187215519e-01 7.494457862536311188e-01 -3.075281449936791422e-01 -2.983518384868241169e-01 -1.655075369536851415e-01 -1.518376500610229829e-01 -2.646315504853761214e-01 7.494416358464872641e-01 -1.684394575901656810e-01 -4.227378205740420780e-01 5.553469633113035098e-01 -3.624668641290960253e-02 -4.093566124338875456e-01 -2.376575882394603989e-01 -3.531178152355533006e-01 8.783853307195244042e-01 -2.208112040602485185e-02 -8.078965700052463672e-02 -1.838854921261117992e-01 7.436231334921654668e-01 -4.440858904540377350e-01 -2.584494448120692178e-01 -2.588404745397460682e-01 -2.915510443272207319e-01 -1.512666303567579695e-01 7.602722644993826773e-01 -1.663009046161926796e-01 -1.703748439451792107e-01 -1.735142119606802036e-01 -2.575957375687406570e-01 7.494819696554915200e-01 4.004992118715817173e-01 1.805424009366239368e-01 3.641454292166207418e-02 -1.840731145873349961e-01 -3.532700138568733994e-01 5.250198539967275702e-01 -1.925459170688370025e-01 -8.154066712256211047e-02 -2.672335350116898933e-01 -2.377549778410115722e-01 4.206321576339216439e-01 -8.822780536577692900e-02 7.414491719169297168e-01 3.789548518823179779e-02 -3.915946026154576431e-01 4.064520380021775514e-01 5.313171952262506492e-01 -3.147552420395647865e-01 -2.842144782985033258e-01 -1.905220922717165977e-01 -2.878726886572347543e-01 4.218420307239345024e-01 7.399870435310601513e-01 4.864074830341027500e-01 -1.630855218543617868e-01 3.926119995737321622e-01 -1.453797164901509398e-01 -1.466833866382015981e-02 -1.584287990192090601e-01 -1.343660033815206600e-01 -1.606388684724111560e-01 -1.530863322118572178e-01 7.322841418507827216e-01 -4.413956829087427591e-01 9.799143302351724927e-01 5.349506042112734949e-01 6.456201218300249289e-01 4.967237643509228029e-01 -1.399212774243818458e-01
-1.603254244216462121e-01 -1.248562938085550772e-01 -1.110370607264326258e-02 -1.537560616615052111e-01 1.000000000000000000e+00 4.242520976227058815e-01 -1.665952555113755784e-01 3.199600074214891121e-01 -1.571840071750407186e-01 5.579605366661042343e-01 -2.248936707317513994e-01 -3.042555207889454105e-01 5.042586213640869452e-01 -1.392023460351033970e-01 3.395683621695770316e-01 -1.190631222675227197e-01 -1.549537632648675667e-01 3.116013624218018085e-01 -2.225243825876484505e-01 -1.855724879472459288e-01 -8.159346240514415982e-02 -5.215984265468672984e-03 -2.017339646978769385e-01 -1.344276893513656479e-01 -1.091530430744378118e-02 7.093934369818530317e-02 1.095095023524473438e-01 4.688698971799535320e-01 -1.768647707361440113e-01 -1.308363135869654026e-01 -1.002459527062233846e-01 7.200000808638279404e-02 -1.726349705334602747e-01 -2.850865850002799046e-02 -9.421852536594503558e-02 -2.746483852152682981e-01 -4.557060260297348536e-02 -8.163617788508330253e-02 2.673057292766399251e-01 -2.115797756366243898e-01 -6.182876235779204144e-02 -1.917643500510991805e-01 -2.376155707059404015e-02 2.125362256982066267e-01 -1.379371607859529170e-01 4.880213776195251041e-02 -1.769112960653321243e-01 3.016582282830609363e-01 -1.194259776664021028e-01 -1.424154384136060159e-01 2.751267215307435232e-01 -1.876735574878455881e-01 -1.445141834973257544e-01 3.290080591346083300e-02 -1.083008790040778518e-01 -3.105191695903486426e-01 -1.471239661562974699e-01 1.365656439522293375e-01 -1.724639211387923032e-01 -2.466326199698314903e-01 -4.056262401984944144e-01 4.255026891344158568e-01 8.809741462750686480e-02 1.335960038106533965e-01 -1.465832941803408285e-01 1.617591839792717756e-01 -1.533630758968464458e-01 -8.521198982611441486e-02 -3.064457103187476217e-01 5.496088799216213294e-01 -1.106671512954621531e-02 4.594264904648035497e-01 -4.370378983208227097e-02 -2.131434652658276419e-01 -1.435423613368950191e-01 3.935585924901133792e-01 -1.101471311293731464e-02 2.683658933456793960e-01 4.810452702204128239e-01 -9.230255332491225928e-02 -1.456346786603052446e-01 4.447787411450991324e-01 2.987622125136276119e-01 3.506186639487299944e-02 -1.785268222115157788e-01 -1.748693109780615484e-01 -1.519705052685329238e-01 1.284407777400393136e-01 -7.208660048021782278e-03 4.516781425619257329e-01 3.198661801417290174e-01 5.196998285857793581e-02 -7.336944377793712391e-02 -2.507568579442066500e-02 -6.572524759154321772e-02 -1.397947310505628649e-01 1.382642333246951183e-01 -2.154407996306519357e-01 -6.872296869058873436e-02 -1.129466530079440041e-02 -4.734970203916834264e-02 -2.691731060478941284e-01 -1.501553387064589185e-01 -2.061870205332836936e-01 2.743658646475387597e-01 2.584993170703048238e-02 1.087551765141527571e-01 -2.491671481384187814e-01 3.412069346998735653e-01 1.653439045172959143e-01 -6.614962782617371528e-02 -2.164609763604191939e-01 -5.307632455343098965e-02 -1.501188299889804623e-01 3.963918400026168465e-01 8.213829467043935739e-02 2.773433243029854722e-02 3.278562782247892993e-01 2.102449341502706515e-01 -1.339154989013474906e-01 3.059867319572900923e-01 2.925190266169068742e-01 -1.886737800868141732e-02 -1.197434693211760492e-01 -8.447871967665343540e-02 1.963542159990719696e-02 -1.416400927201827420e-01 -2.282160982217079359e-01 -1.155296799096528215e-01 -8.415110955489353561e-02 -1.418541132675486538e-01 6.928607004963385774e-02 -6.304568503125655698e-02 4.468661227134033131e-01 -1.819120015076363950e-01 8.703188243594972562e-02 -1.669654869656223561e-01 -2.762051567385087059e-01 -6.000188487795736492e-02
-1.455968609000172220e-01 -3.979077836971598066e-03 -2.535330962542890476e-01 -3.513369427303564274e-01 4.242520976227058815e-01 1.000000000000000000e+00 3.008794158352221526e-01 8.761054172465805312e-01 -2.892695636455890340e-01 4.736026613755444648e-01 -5.238994978129083435e-01 -4.725732910644295792e-01 9.232189096787342120e-01 -4.802680108142007853e-01 -1.973458662910599834e-02 -1.382539109817397804e-01 -3.698041610082711261e-01 5.754784273608560818e-01 2.057160121163607303e-01 -3.205200987728048512e-01 -3.072311984144582286e-01 -2.796942874464377615e-01 -4.487114710984683730e-01 -2.871435049019335772e-02 -2.531860540753749778e-01 3.245060862448667094e-01 6.744875341038245598e-01 8.143660829109663490e-01 -5.167465218902460578e-01 -3.555673097553700424e-01 -3.869406696978080484e-01 7.480592831544650156e-01 -4.320975745778965482e-01 -3.347284421037026170e-01 -1.356374226951993223e-01 -4.304541854661362299e-01 -3.342065937322907798e-01 -3.234890639032779180e-01 8.251897043938731802e-01 -3.751663752437667948e-02 -3.125907341374086768e-01 -2.734067183694440240e-01 -2.698563218825219545e-01 3.661426967520895470e-01 -6.356435028286208655e-02 -1.194895869874298411e-01 -2.878533876286440418e-01 7.183004132054169322e-01 -3.226489356025411537e-01 -3.483846689435231569e-01 8.402767773889922021e-01 -4.136444074024083761e-01 -4.899378760436706171e-01 7.521984318355330323e-01 -3.117494116582382180e-01 -5.431450542982668717e-01 -4.958294645525487820e-01 7.114362532176049525e-02 -5.396004001311591747e-01 -5.602274919389170771e-01 -1.989533621938962271e-01 9.208724263838385937e-01 -1.454778308183922453e-01 4.267055816285016401e-01 -4.937031761538318575e-01 3.548852181496978675e-01 1.373559400788097462e-01 -2.906573834927350108e-01 -4.383295930815382380e-01 4.584711074311199619e-01 -2.533701803534886832e-01 7.460875513457911890e-01 2.500097242209346482e-01 -8.946039964807292466e-02 -4.895116836156338525e-01 8.626836949831190315e-01 -2.532734621284644105e-01 8.050285175196689735e-01 5.440226045940896871e-01 2.879564885027302568e-04 -4.792976488193071982e-01 9.684088707745394098e-01 8.487262760269345119e-01 2.696147509300864109e-01 -4.096375979137244494e-01 -5.318747047275295126e-01 -5.002127603512334098e-01 -7.958741234669348963e-02 -2.505457283359417975e-01 5.867476570756966492e-01 8.268296214791295284e-01 -5.440748013386360882e-02 4.662613733718226072e-01 -3.117517938319474546e-01 -3.837173951253583515e-01 -4.811297186523880720e-01 5.177072222566607429e-02 -3.996924169836560958e-01 -1.488624121716459470e-01 -2.537235567515890300e-01 1.496054061668044555e-01 -1.204747412684804841e-01 -8.432554342484990806e-02 -1.964801842715393765e-01 4.538085174065956684e-01 -9.825564422110867613e-02 7.773988714982834614e-01 -5.554298297426294440e-01 6.191915817978993486e-01 5.273873996200487690e-01 -1.345515579179998589e-01 -3.596533990832923577e-01 -2.996904436839378238e-01 -8.565183326899462879e-02 3.585179190016474227e-01 2.023088332440168280e-01 -5.662422574666499397e-02 9.256528583967857937e-01 7.014384201447509959e-01 -4.695344480827734479e-01 9.304772345586365123e-01 1.489432739489821023e-01 -2.606229872444806306e-01 -2.719340370601800450e-01 -3.177755758436914268e-01 2.977084660097258917e-01 -4.855306760594580995e-01 -5.731649188146488161e-01 -3.472915416783163844e-01 -3.223999273591157122e-01 -4.881004220799656790e-01 -2.789943725103126160e-01 -3.579438852381087721e-01 7.804919598857095187e-01 -3.584583278594990485e-01 2.107744857303084918e-01 -2.926123199684954046e-01 -2.885103888061448796e-01 -2.447488350393873802e-01
-2.358860846908842901e-01 5.536707325165485249e-01 -2.776197164650170413e-01 -3.381164935445388764e-01 -1.665952555113755784e-01 3.008794158352221526e-01 1.000000000000000000e+00 1.763004750519253094e-01 -8.394660430734418588e-02 -5.381330886527121299e-02 -9.476131793428424488e-02 -3.368055060349672836e-01 4.032074223532030044e-01 -1.426958678948060943e-01 3.448973884183422212e-01 -3.694657072049903901e-01 -3.415195278740056906e-01 5.548670406074345252e-01 6.593563651410462578e-02 -2.871176997200951611e-02 4.613289135164537202e-01 3.137272333176266970e-01 -3.831012010362302433e-01 -2.809140532476955832e-01 -2.775314301929944216e-01 2.798621350488519205e-02 2.062699582499145645e-01 7.787431980325684733e-02 -2.346673006132464767e-01 -3.109936519371341856e-01 -3.290945612428237688e-01 3.718499629893265435e-01 -4.454306050868284822e-02 -2.790325330229360135e-01 3.722222392267021118e-01 -1.694633710423763817e-01 4.285003703585032464e-01 4.483072799244319784e-01 3.083800945636955282e-01 5.383989233010162412e-01 4.244356304714829164e-01 -5.619224366647602720e-01 -2.994332691012331904e-01 -2.732044336939535439e-02 -2.388084813577491250e-01 5.361463697557016239e-01 -3.467457310446482310e-01 1.075308191086022519e-01 4.427828591139409964e-01 -3.563210913097787924e-01 1.742546062590621669e-01 2.579129590164251917e-01 -1.586613489996251958e-01 4.108963181550404076e-01 4.669999031341776075e-01 -3.764084561074491075e-01 -1.528852738503189701e-01 -3.508635930052854679e-01 -1.701852317167503736e-01 -3.177194582885858876e-01 -6.595882583654322229e-02 3.293601420117360790e-01 2.321228078117358318e-01 1.289520066912114571e-01 -1.622951984980412488e-01 -2.658232409880857960e-01 2.688645220813984382e-02 3.643581818337136846e-02 -4.625728155572108591e-01 -1.182000781031719433e-01 -2.775406985332506959e-01 6.146953082451265399e-02 -1.357050651068985869e-01 6.356307978200546049e-01 -1.484699765193911447e-01 1.650565441680541812e-01 -2.775274216217576972e-01 2.154198850778426821e-01 1.187207048688775357e-01 -2.470473363256212862e-01 -1.651183671096108641e-01 3.114682480332297554e-01 2.350850113389600649e-01 3.951320130435190953e-02 -3.874959040396059873e-01 -1.372190808679946694e-01 -1.763614895710977071e-01 2.278579961363257633e-01 -2.809180172134616016e-01 2.641969076626676793e-01 1.616500662309510172e-01 1.384971130148615615e-01 5.849512172004859289e-01 3.554562362621722094e-01 -2.413646867175043287e-01 -1.474009538383550255e-01 3.452288421503262039e-02 -3.850974087097513987e-01 -3.470440085176610956e-01 -2.777627401729738099e-01 -1.734749439753227040e-01 -2.662171729495393935e-02 -2.666026119541851647e-01 4.505597538570744187e-01 3.894447495274951931e-01 -3.077093723497766886e-01 2.304085026100448630e-01 -1.780374091073366194e-01 2.306660057723728882e-02 -5.179830582103658182e-02 -3.698531902645745273e-01 -4.352135615673901059e-01 -3.458538037309291102e-01 -2.671091022526370651e-01 3.114766243083310071e-01 -2.511685859900076867e-01 -3.337320314669632859e-01 2.904167312517732524e-01 3.505783610174843107e-02 -1.334471846843364173e-01 2.628690927059561533e-01 -4.202699995722273263e-01 -2.940487327640436965e-01 -4.004081161580369530e-01 4.698121536296561152e-01 -2.178946135158059058e-02 -1.516030193190050224e-01 -3.162403256639786386e-01 4.473462716395251171e-01 4.435224593337962484e-01 -1.463718737702120465e-01 3.491587055468216017e-01 -3.063292582944541764e-01 3.332226231595398214e-01 -3.629711768348309331e-01 -3.375838782104728097e-01 -4.484819911458496344e-01 -4.126431669003909342e-01 4.987029409063578056e-01
-1.814161973729502830e-01 -2.277608965426184962e-01 -2.312882331147127213e-01 -2.403874191335524380e-01 3.199600074214891121e-01 8.761054172465805312e-01 1.763004750519253094e-01 1.000000000000000000e+00 -7.699315044991220103e-02 5.488067361807749123e-01 -4.448043445381512084e-01 -1.411883597595082196e-01 7.189412475800317504e-01 -4.246268758359112994e-01 -1.670482668354682509e-01 -1.981276662472286620e-01 -2.245621046295139256e-01 2.316670795129684435e-01 6.500678970841505810e-02 -9.147380573739849474e-02 -3.827261009230500388e-01 -3.097694008877946992e-01 -4.406072264663148386e-01 2.700135698215642699e-01 -2.309903006377484469e-01 2.303577538919649448e-01 9.134971261136876075e-01 9.239205054140182671e-01 -4.770149516238700871e-01 -3.565505694798608571e-01 -3.763279123319491215e-01 8.941786679602172772e-01 -3.984721144238901891e-01 -3.165190801088197947e-01 -3.365438054554450997e-01 -4.156069022483045994e-01 -3.974073238112635353e-01 -3.938113362363305781e-01 9.687999594169782736e-01 -1.100370508299507860e-01 -3.672838453649621693e-01 -1.633841075323950731e-01 -2.462198879398834472e-01 6.430007907065964368e-01 -1.312412455883268936e-01 -2.717380766335481534e-01 -6.811909944749319767e-02 8.652332121472546822e-01 -4.137049502103529730e-01 -2.973588126604753690e-01 9.723256230317394166e-01 -4.875841591111267914e-01 -4.396548153459766128e-01 7.971481005879927917e-01 -3.982463874590713715e-01 -4.606720975150545572e-01 -4.433878441589044206e-01 1.688513483339402488e-01 -4.951647873895246299e-01 -4.875349783871073539e-01 1.102164717237725383e-01 7.288888710424975548e-01 -1.709059791330977962e-01 2.882156913165915824e-01 -4.438017267667672128e-01 5.912606004434849405e-01 4.650684012509648246e-01 -1.901628239264398779e-01 -4.417465111628777197e-01 3.599290041189394662e-01 -2.311583651782426752e-01 8.768505939175088582e-01 2.996937152259679382e-01 -2.583900075421338149e-01 -4.343231236774395265e-01 9.722513104725554189e-01 -2.310737333745822575e-01 9.761277707909220558e-01 3.557087086184490543e-01 2.894894586286725913e-01 -4.419067335997614032e-01 8.213785859992931426e-01 9.906307491782546659e-01 7.478779054210973887e-02 -3.073289472150576573e-01 -4.640691812420841833e-01 -4.537289981316369181e-01 -1.065919116732891442e-01 -2.315864655382406101e-01 2.285721832569983791e-01 9.858854098750228223e-01 -2.035786531800774513e-01 2.347315424272209960e-01 -3.515556402402800762e-01 -3.645760220441765509e-01 -4.273360253804449616e-01 2.987362171226183236e-02 -4.196782581013559499e-01 -1.087260970669477328e-01 -2.315280197151601826e-01 3.470472355099342154e-01 1.913932435371747676e-01 -1.307214177801486188e-01 -3.867570976071065258e-01 1.805810223955533478e-01 -7.236280994952999646e-02 8.984902776846505068e-01 -5.068157560539534590e-01 8.128354887206672430e-01 2.935489525626422957e-01 -2.167030334724568963e-01 -3.900771495506633602e-01 -2.685643708944006058e-01 -1.318424297604131878e-01 2.512812221150781955e-01 3.556069894073500270e-01 -6.730917288083730632e-02 9.567604082771647978e-01 5.289856778544945737e-01 -4.133075601766655893e-01 9.711890199707170490e-01 1.551312876216424386e-01 -2.411858432112910511e-01 -3.361134662725532851e-01 -4.030225545888438954e-01 6.028714806614888788e-01 -4.320164415342401254e-01 -5.364839385497435220e-01 -4.246522613478597163e-01 -3.940866461251438801e-01 -4.299431058273935902e-01 -3.548905804563368682e-01 -3.457744419741817787e-01 4.598320070031013951e-01 -2.128582221972998845e-01 4.497711767526633153e-01 -2.893535768212794346e-01 3.336642744012866674e-02 -3.675351765307165453e-01
-1.426817596946689803e-01 -3.765483443154665766e-01 -2.410572386579938886e-01 -8.887233702255577933e-03 -1.571840071750407186e-01 -2.892695636455890340e-01 -8.394660430734418588e-02 -7.699315044991220103e-02 1.000000000000000000e+00 -8.350051523625168226e-02 4.834443168850581785e-01 5.540985666846192093e-01 -3.318328659201188469e-01 3.988209029588104526e-01 -1.686134082440230997e-01 -3.503998716469422514e-01 -1.448351737464969625e-02 -3.675520878952261983e-01 -3.408056045398224487e-01 9.527629076915825612e-01 -1.810226514188436053e-01 1.145151827089154473e-01 1.453162051848050085e-01 1.032817351711456527e-01 -2.412713917621443493e-01 5.295876551333357496e-02 7.347717297773630196e-02 -1.402614223995636844e-01 3.630630611597694402e-01 -1.787677742330567310e-01 -1.675178902971247163e-01 1.480132250833044935e-02 2.888123848431821683e-01 -2.011821292150644536e-01 -2.373435256820185246e-01 1.735374593326560466e-01 -1.232460903708175320e-01 -1.674518845660350752e-01 2.634915580927148573e-02 -5.661611311390947476e-02 -1.486283160841372908e-01 4.956687527784457703e-02 -2.318470282854637188e-01 -3.653749247786980577e-03 -2.408081710087506266e-01 -3.339323945515562109e-01 -1.811309754099900693e-01 -3.976687016266010344e-02 -2.139090430148270217e-01 -2.538106462086680074e-02 -9.571491072200857819e-03 -1.882096499345914387e-01 3.803441000829009822e-01 1.381930034918679197e-02 -1.889630318108269369e-01 3.844673873145170173e-01 3.909411402887369436e-01 -9.624050848005652470e-02 3.451634138753734704e-01 4.682461149752694674e-01 4.021156129950169134e-01 -2.385132540430592307e-01 2.559679657313410628e-01 -8.993706681908161804e-02 3.728615750278366225e-01 -2.246588374570660657e-02 5.922577173904038927e-01 -2.694437947392652744e-01 1.705853716058078895e-01 -1.237602390427969407e-01 -2.412559972330416969e-01 -1.339729415501367368e-04 1.521685395004382935e-01 -2.112264950194019664e-01 3.991870012373755494e-01 -1.323318177138453899e-01 -2.412154965733453449e-01 -6.474116406163912818e-02 -1.216453110513067426e-01 2.343445713547812337e-01 3.351412491083486933e-01 -2.391717602226824391e-01 -6.060498238690217171e-02 -3.173357171311326219e-01 2.362147210224437022e-02 4.509925598413823122e-01 3.595227338553543261e-01 3.050990156693932920e-01 -2.468532169444400404e-01 -2.470121683374553734e-01 -3.740201881252751270e-02 -3.814345593094754794e-02 -3.324256106912250042e-01 -4.669771110425722897e-03 -2.326767612307268640e-01 4.048373124681506896e-01 5.198384430224069382e-03 1.791604373415767448e-01 1.460916805201930568e-01 -2.413651236956116664e-01 -2.606189577810923419e-01 4.262969822007305898e-01 -1.855917431579095223e-01 -3.392821437715378141e-01 -5.220479584785638061e-02 -3.136602284923538653e-01 7.007939185191931764e-02 3.049937054641305156e-01 7.176798911995234398e-02 -5.339906450833884488e-01 -3.844454964541311748e-01 6.907441888476029135e-02 -1.875555984783835728e-01 -1.845571540879228922e-01 -1.399733759521777643e-01 -1.974539919872176363e-01 -2.953892230788178752e-01 -1.752693359080470248e-01 -4.718066226117663686e-01 4.156893529354479533e-01 -1.739585266350223980e-01 -4.574555409865680433e-01 -2.419636560861366248e-01 -3.220478763040169889e-01 -1.129739017991211736e-01 2.388476593296554873e-01 3.925581291358353209e-01 4.826965000836319630e-01 -1.718688799337280693e-01 -1.723340837557959249e-01 4.059906998828578528e-01 -1.332520220480329365e-01 -2.533369362583348661e-01 -2.944795797939770976e-01 -4.925547150213438648e-03 1.673897165249817742e-01 -1.177385715900704372e-01 2.265173097133590385e-01 -2.397835066531092407e-01
1.879030315166021481e-01 -2.056974780661346425e-01 -2.478793541692491387e-01 -1.213347933478241547e-01 5.579605366661042343e-01 4.736026613755444648e-01 -5.381330886527121299e-02 5.488067361807749123e-01 -8.350051523625168226e-02 1.000000000000000000e+00 -1.449258790578734635e-01 1.504390036238761538e-02 3.530487849289393743e-01 -2.298787977095509416e-01 1.255134613469070515e-01 -1.645399905553124320e-03 -5.783283810018859106e-02 3.346481040629074866e-02 2.424856898171837138e-02 -1.104492066271593326e-01 -1.517249778015445638e-01 -1.869318509591807731e-01 -4.506821983821878708e-01 3.615023790624966593e-01 -2.477802232008895766e-01 2.153213002267011511e-01 5.715582689985303499e-01 7.936804404729250750e-01 -2.927441464122167436e-01 -2.661694624762817596e-01 -2.485258350072729050e-01 4.641436445875372074e-01 -1.659720803079793583e-01 -2.935352557921875882e-01 -1.803414274856233457e-01 1.089758527391940790e-01 -2.090430531405960968e-01 -1.678990404831015304e-01 5.296396438731139078e-01 -2.197236260801263552e-01 -1.843856271328060403e-01 -3.710867950112686220e-01 -2.720250082615571219e-01 6.291157569520458015e-01 2.077675114113757826e-01 6.978570367016109777e-02 -2.161961492027481557e-01 3.896022607983024022e-01 -1.146203968754902630e-01 -1.372521992934892521e-01 4.129490027534640784e-01 -6.394403858606458046e-02 -2.531687855937689302e-01 1.303744819666141641e-01 -1.188532920789973357e-01 -3.112571644696218165e-01 -2.479740847195122666e-01 2.402133425116005638e-01 -3.100008074824516791e-01 -1.490841508801533377e-01 2.060907419718690237e-01 2.805827991990109127e-01 -7.727450208802517928e-02 2.082976259143588249e-01 -2.591728333478743318e-01 5.363999363776030815e-01 3.414129554406115652e-01 -2.323144676087440241e-01 -4.018658052184281848e-01 7.777620915443520522e-01 -2.478566758123646740e-01 6.416452992568693059e-01 -2.734484056185817469e-01 -6.001269234826482613e-02 -2.395408433455352148e-01 6.534612831498970431e-01 -2.477829582112448803e-01 5.233530342846594019e-01 1.469625656595357488e-01 2.597943521024421165e-01 -2.761629585609052251e-01 3.825907211311732614e-01 5.389024757547674627e-01 -3.518381984434165721e-01 -1.804906151893669874e-01 -1.939698361335814580e-01 -2.761447360440458243e-01 -2.735836197740129649e-02 -2.508829117230304551e-01 1.516305749404943115e-01 5.681974356609321708e-01 -4.656645244394595762e-02 2.773484133480952352e-02 -2.042286485022786202e-01 -2.739698513693205051e-01 -2.327196400339380522e-01 1.669198088794297818e-01 -4.488557039724394571e-01 -3.287368844461763251e-01 -2.480433852581894194e-01 -5.312743670486777189e-03 2.308024098354554687e-01 2.042188322320826754e-01 -1.787145020795443406e-01 -2.601560755678525294e-02 -3.000394294095563019e-01 2.691635399333764389e-01 -2.349395479341567228e-01 5.141985711125146574e-01 1.371066699613605055e-01 -4.281390603096821290e-01 -4.619828081819011278e-01 -3.218232974767870069e-01 2.026207257771911185e-01 5.332573378443048462e-01 -7.574993670579645288e-02 -2.988740720133279960e-01 5.374449982495284051e-01 3.738971775369602790e-01 -2.248102559074823259e-01 5.134194152681017531e-01 2.067664618448351310e-01 -2.698987850825704804e-01 -4.874361558369434411e-01 -1.458840875364330325e-01 3.536865603951671044e-01 -2.406183269432227712e-01 -2.827527467954021878e-01 -1.586439320286747168e-01 -1.627560634015096375e-01 -2.283365891177933926e-01 -1.675144793006830557e-01 -3.367808423082650493e-01 1.010200568427432194e-01 -4.451280161954106196e-02 2.243928942477533828e-01 -4.738894584556791467e-01 -1.427409992717589560e-01 -2.639977143189286002e-01
-6.204421535339384869e-02 -1.769925689484496412e-01 -1.604879052344003187e-01 8.460642699909939890e-02 -2.248936707317513994e-01 -5.238994978129083435e-01 -9.476131793428424488e-02 -4.448043445381512084e-01 4.834443168850581785e-01 -1.449258790578734635e-01 1.000000000000000000e+00 6.601493348333214994e-01 -5.452418641174296976e-01 6.532297808718683374e-01 -2.672885119456238634e-01 -3.315284492917771469e-02 -6.950535159792997283e-03 -4.346426700566910495e-01 -1.694508138490927185e-01 5.391442884149042492e-01 -9.699314074942275155e-02 -1.429356647705214145e-01 4.162228951143475686e-01 1.649723549924431154e-01 -1.609152320241213352e-01 -2.728459476830041308e-01 -2.646706573437583865e-01 -3.884007869907336041e-01 6.177570106030179087e-01 1.969752814923204642e-01 1.256007503232245970e-01 -3.333501120440635623e-01 8.141903048381827768e-01 -8.530055761907777423e-02 -2.025605059807772668e-01 4.282350273654362272e-01 -1.224968578296928429e-01 -8.857412546239283591e-02 -3.818834435240404113e-01 -2.473638769447365493e-01 -9.906404963641329831e-02 7.769633261816791085e-03 -1.567100641261817695e-01 -1.296129786231835779e-01 -1.334396728770290141e-01 -1.397561185206023793e-01 -1.792499457011728359e-01 -3.987730311054046295e-01 -8.766299198851627839e-02 1.196491340200154935e-01 -3.922581035441770614e-01 -5.629458766069324327e-02 6.153160892012626837e-01 -3.665555241058416347e-01 -9.091565820524023789e-02 6.259541717393891647e-01 6.416355063508343282e-01 -1.538016033658590742e-01 6.039892885315100157e-01 7.561783457233424155e-01 4.982157363889185286e-01 -6.092847564289508577e-01 -1.479751550663637449e-01 -2.795011564117390046e-01 6.062942022856905311e-01 -1.396199277186626619e-01 2.670231374832415794e-01 -1.150309417685848185e-01 4.381634086296353203e-01 -3.447257461363766318e-01 -1.608618230808354643e-01 -2.418975509433234361e-01 -3.041717937203877731e-02 -1.544559536536613542e-01 6.606538562930761582e-01 -4.019603799542211808e-01 -1.608402551056537511e-01 -4.129311866740317249e-01 -5.808356071637122975e-01 -1.909414520322277181e-02 5.323497253194885426e-01 -5.582689561890558094e-01 -3.992234479274081593e-01 -3.142970043138430536e-01 9.853931100262586229e-02 9.314858006254091993e-01 5.866421324516313263e-01 -1.605856285219395829e-01 -1.621687989935796659e-01 -4.451368947009717303e-01 -3.881660768725934130e-01 -3.666193802520575917e-01 -9.359355369857000340e-02 -1.357298976563527659e-01 2.762696039819794239e-02 6.522305000259760455e-01 4.723332199836850487e-01 3.359092172794853615e-01 2.677869352112972057e-01 -1.606385829142845667e-01 -2.791553202813402690e-01 3.898779749745713841e-01 -9.913102187237687879e-02 -1.427540636410524477e-01 -3.610201367341620560e-01 -2.981693176407487766e-01 -3.726582662795810408e-01 8.110546515647424348e-01 -2.369406583779972431e-01 -4.628562891475752616e-01 -2.570546782367810756e-01 2.780472672316668392e-01 -1.372618383317124047e-01 -9.825125993713755557e-02 -4.071004866683448631e-01 -3.367304798505345032e-01 -2.857978408621964506e-01 -5.313733767723631818e-01 -4.593569913949462347e-01 6.461408626058033899e-01 -4.633013651195329596e-01 -2.738764609276257422e-01 -1.629184845906166412e-01 -2.061167507836076107e-01 -1.107260422358633811e-01 -1.751661818311905372e-01 6.372052088213527865e-01 7.659465909342154655e-01 -4.904376023526946238e-02 -9.389755990303096100e-02 6.737297585775176012e-01 -1.819845970907176258e-01 -7.207140795150676627e-02 -4.918358491706046332e-01 1.178483889734549955e-01 -2.391950811000079502e-01 -6.779411814943386849e-02 3.715132630023561255e-02 -1.487283502570330707e-01
