1.000000000000000000e+00 3.114935342007458252e-01 -1.527050980334790642e-01 3.617450669815409914e-02 -1.821160404866444538e-01 -1.634689547146776500e-01 -1.131945341155036477e-01 -3.088490111058631582e-01 -1.934213713481767738e-01 1.306660259769215349e-01 -1.199246909414807549e-01 -1.670285933168555448e-01 -1.636932781392904102e-01 8.177691845515510857e-03 -3.337347352129262784e-02 7.830457931852603526e-01 1.974042792786599443e-01 -2.575455550483732869e-01 7.525019687712559691e-01 -2.105415874339601479e-01 1.434665727811870739e-01 2.092147562038332020e-01 -2.274767141481354726e-01 5.311853804257823247e-02 -1.596441408473746604e-01 7.770433136970810173e-01 -1.325959513018302727e-01 -1.696232814634455188e-01 -9.408408045013830212e-02 -2.324624732564502527e-01 1.689768611914547677e-02 -5.767149171276723246e-02 -1.036969038954671796e-01 -4.209680055525306663e-01 4.124810204698288740e-01 1.091447266384044656e-01 9.169247352188118760e-02 1.149167718827871221e-01 -3.185766526397483811e-01 5.782621533593216429e-02 1.814679676267973163e-01 -3.265506898256855806e-01 -2.216451311080848696e-01 -1.198648740664309403e-01 9.783318538835608091e-01 1.159294500942040784e-01 -2.441422821117504027e-01 -5.701764168279008782e-01 4.841261949539384934e-01 1.860025480339522752e-01 -4.667226241887213467e-01 2.537819326808890552e-01 -1.338732359613399037e-01 -3.658246708543764769e-01 1.646727259150198297e-01 -1.120840763787551708e-01 -2.073459514917933098e-03 3.157121676179056591e-01 -1.465280196671394086e-01 -6.640092049912149630e-02 2.612380261728130537e-01 -1.976668356894608902e-01 7.292790641804534901e-02 6.618287391998933789e-01 -1.395606788224179051e-01 1.691904360450184885e-01 -8.981850767835927729e-02 -1.743946597629331963e-01 -1.441189574653676808e-01 3.020362821760179672e-01 -1.590198075638628583e-01 -2.695975087260523706e-01 -4.959738721887804180e-01 4.327477798797652042e-01 -1.436642898485847586e-01 -2.395556961096932669e-01 -1.522107639025013781e-01 -3.210063377450259048e-01 -8.244624936227812340e-02 4.234548915247560857e-02 -2.350431988174940534e-01 -2.169582497231305473e-01 -3.580187161691034126e-01 -3.423290206672111036e-01 2.557719036855969907e-01 -1.115673014154316689e-01 -1.635209266248233984e-01 2.578833371772043526e-02 -1.609117063380197943e-01 -3.240778129793782381e-02 -3.758029500459434957e-01 4.845556270940886145e-01 8.442468359840706038e-02 2.018897975823609747e-01 -1.434858286559494711e-01 -1.230327657665228058e-01 -1.863347973721117823e-01 -2.185867817875156160e-01 -3.226329986085535451e-01 -2.266911270120514632e-01 -2.886122542272529512e-01 -2.233098614079628563e-01 9.798718753640318635e-01 6.131149920107803464e-01 -1.431740785176447428e-01 -3.361267321696501109e-01 -3.501936737634955832e-01 4.493772557707517018e-02 -5.091574012233173185e-01 3.740498992357550456e-01 -1.842900285429460439e-01 -2.369850593325312782e-01 -1.808965701587215147e-01 9.710983740279462983e-01 2.278779706956098605e-01 -5.356092714580562575e-01 -3.876123956558913397e-01 -1.216270687593015154e-01 3.124034753784922236e-01 -1.211664688476628282e-01 -1.728086250282682423e-01 -2.325680165587193093e-01 -1.657886930530800551e-01 -2.664619915079007861e-01 5.048898417909220004e-01 -2.175701783931469624e-01 -1.124456679055779729e-01 -8.904509839648211411e-02 2.384686105364683395e-01 -2.329375222577281801e-02 -1.101720083709257503e-01 7.004140504915876142e-02 -1.994778290822897815e-01 -2.042853166690103417e-01 1.008358094214266698e-01 -1.050318233861320116e-01 -2.611643721718519551e-01 1.876275994132719505e-01 7.391149071786903835e-02
3.114935342007458252e-01 1.000000000000000000e+00 -1.775416239015559228e-01 -2.551611909407299761e-01 -7.878233546316951164e-02 2.978354149219776190e-02 7.303654722300951807e-01 -2.992066256914987510e-01 -2.714869963744156456e-01 -1.520922100811969435e-01 -1.708232235456048076e-01 -2.972307779049616072e-01 2.410242944246195618e-01 -1.206431477064662944e-01 5.802079765030885294e-01 -8.785070683932712232e-02 -6.131933773337742977e-02 5.329976134634876184e-01 2.848452008367349242e-01 -1.799136309438517933e-01 8.727083299937904437e-01 8.267718322021611055e-01 -1.793256421394070488e-01 -1.721343734147616766e-01 -1.718420845149569443e-01 4.468882659072600516e-01 -3.565753130296083206e-01 -2.953691631394833594e-01 -1.195851062508751228e-01 -2.642091444343547813e-01 -2.186639166234234377e-01 -1.791340210530731336e-02 -1.155463558517957762e-01 -1.490092472665890677e-01 8.703750929089988375e-01 1.009825810779168068e-02 8.759395025687245484e-01 -1.036292542158726293e-01 -2.032438218887539505e-01 7.080310653262776865e-01 8.875710531117129154e-01 -4.456904098933251457e-01 -9.513979689939167095e-02 -1.830921645344445181e-01 1.777112585737096739e-01 8.267446884224434189e-01 -2.295215567528093581e-01 -3.165096651889808821e-01 8.989273504533358272e-01 -2.465548925939554381e-01 -3.595415596958208559e-01 1.493700101696639471e-01 -1.135431699390525295e-01 -1.079439903499541248e-01 3.978480639609877634e-01 -2.094794024477484862e-01 -3.035525623466187040e-02 -2.602082882049123747e-01 -4.845138235568995089e-02 -1.561330871398984577e-01 -2.369022044213890121e-01 1.604747225495117835e-01 7.239731823899395735e-01 4.708223285092735244e-01 -1.165493306304935250e-01 -4.771057365772598535e-01 -2.809039395680726914e-01 2.414141427427102526e-01 -1.999497614841723725e-01 -4.216648184172362701e-02 -1.796567548385876179e-01 -3.080018540883306954e-01 -2.057534043277359503e-01 9.243181311574799608e-01 -1.192083314517076165e-01 -2.493434023530238242e-01 -1.698959679082809593e-01 -2.771126150101176910e-01 3.199892662074982352e-01 -3.242592213390832478e-01 -2.363127260551512732e-01 6.230521437985113431e-02 -2.785650137504168677e-01 1.355842466367730426e-01 -2.699495347085000274e-01 -1.407878701941120414e-01 -1.448210685706692868e-01 6.778895373703877070e-01 -1.703553253310402249e-01 3.679650051052529292e-01 -3.391023855320243197e-01 7.029784346251388705e-01 3.917894957666169242e-01 1.788068769996062901e-01 -1.425762002801230222e-01 -1.089161378005448488e-01 -1.496588590552238307e-01 -1.800760542073707171e-01 -2.666641435739382504e-01 -2.410495048403107909e-01 -4.622897506413349289e-01 -2.272482343061617005e-01 1.620597553968313731e-01 9.090979787868078699e-01 4.803601364276299246e-01 -2.814408142326794149e-01 -2.963280756864195564e-01 -5.873306963853912321e-02 -2.756891914635549723e-01 3.459604647717730019e-01 -2.686474087691833601e-01 -2.046818965832204462e-01 -9.145033457659726417e-02 1.281311552648179142e-01 3.560574246904687490e-01 -5.333143581376151854e-01 -3.667792545744014698e-01 -3.283372696976308985e-02 1.026535451388828901e-01 -1.189573643598992592e-01 -1.219150330121550746e-01 -4.139976414117756964e-01 -1.808892952131690712e-01 -1.311359417904938984e-01 6.437953024147967662e-01 -3.836243635774028160e-01 -1.070828582194950362e-01 -1.238853930837502670e-01 5.935944439679138318e-01 1.209365775593854511e-02 -1.931561813419196416e-01 8.588626385102269278e-01 -1.890353426349921651e-01 2.953549244298102616e-01 -1.945714161161847255e-01 -4.319311559319064520e-01 -3.688269581940125663e-01 -4.364388435997197391e-01 9.181081048778757525e-01
-1.527050980334790642e-01 -1.775416239015559228e-01 1.000000000000000000e+00 5.965444518113748318e-01 -1.347815262130327707e-01 -3.468998334747784296e-01 -2.967324212537437722e-01 -2.506274252472174280e-01 -2.064369593582863760e-01 -2.619744817186223096e-01 -1.460871037989469046e-01 -1.321708677223139561e-01 -3.352504056337858307e-01 -4.853458112653581680e-02 -1.749729888210940221e-01 -4.247014990139625149e-04 4.860416232323537256e-01 -2.284322595898273800e-01 -7.545393921741218313e-02 -2.071882427612357636e-01 -1.100686998664746896e-01 -1.214513339484104282e-01 -1.486379917465496248e-01 9.695335660910642250e-02 9.994789988204001441e-01 -3.097647889818113676e-01 -1.579390517264837868e-01 -3.751196943638214210e-01 -1.270359430600723760e-01 7.618450892269517105e-01 9.220581366065931928e-01 -3.386501242138289514e-01 -1.161379340453268655e-01 5.055533647556300497e-02 -2.030686452529820996e-01 -1.173783936589536114e-01 -8.007754594478944110e-02 -1.996155980738351099e-02 -2.700289534942409420e-01 -2.308664830341709828e-01 -9.469798572137591575e-02 4.478593699846443732e-01 8.965571333737925031e-01 7.778198364864616354e-02 -1.154816671538098499e-01 -1.096020504597965406e-01 7.826320365533420143e-01 -1.614347365897648989e-02 -1.510843560169216615e-01 6.024267849935798225e-01 -2.422190546547579593e-01 -1.393459654363125022e-01 -6.815134236092965092e-02 -9.823025462119963636e-02 -4.386647015630706220e-02 -1.476294177447133593e-01 -2.377307061638784733e-02 3.381368617060130921e-01 -1.121487536024567272e-01 -1.263820754806353197e-01 -2.406333345242740174e-01 -4.167529243397974925e-01 -1.545155498294186747e-01 -3.805289298958741684e-01 -7.272352557756497915e-02 2.148023457219870244e-02 -3.243015495816102267e-01 7.757060295793261062e-01 -1.060578769624086065e-01 -2.835451508047667768e-01 9.990333941624378600e-01 -3.979972716584268544e-01 -3.480516502616303187e-01 -1.696339913893676610e-01 -1.021150350706643978e-01 -3.853485487421809408e-01 9.997532451164538037e-01 -2.012864592830622412e-01 -3.699027607964374686e-01 1.727895678064250151e-01 -6.721584760791701751e-02 -3.616775852865402041e-01 -2.744774913428841834e-01 -2.061151852502371429e-01 7.378446786849617300e-01 -1.156486025978648441e-01 -2.682813773400148302e-02 -1.874237219490899331e-01 9.991314235965139678e-01 -3.603774676382102693e-01 -2.838356833569281590e-01 -2.648270065950159013e-01 -1.958317286846050498e-01 2.345089341111538661e-01 9.693251108197786792e-01 -7.394280906465530712e-02 -1.794100676947363859e-01 -1.330134249052769280e-01 -2.216148020759337312e-01 9.721115723384766705e-01 4.787275276149312586e-01 -1.684554345957232635e-01 -1.094525334468275657e-01 -1.932571107515801967e-01 -2.907814734591921968e-01 7.803237417507186136e-01 -5.387276259525684841e-02 -1.308769771102916424e-01 -4.003760085376336098e-01 -1.589590325272853821e-01 5.741364517395070033e-01 -1.003938721637696874e-01 9.477455388132446368e-01 -1.143057186111789275e-01 -1.596237296168871445e-01 5.259610277941616507e-01 7.123971509651858547e-01 -3.664230456759220433e-01 -1.635364167684466297e-01 -1.001032457769013978e-01 -3.086835241100255312e-01 3.492008299058468879e-01 9.991672287354770310e-01 7.327282037977077556e-01 -1.408087316192227212e-01 1.562206493008420627e-01 3.554515127340029251e-02 -1.200733937932758899e-01 -1.576845645542519492e-01 1.889499369819889751e-01 2.092917359257129850e-01 -6.463384987033660156e-02 9.716866376257931037e-01 -3.511083957977228498e-01 4.868965865478591115e-01 1.863673434653768946e-01 7.772938885966487188e-01 3.761530616342231848e-01 -3.561836463109421813e-02
3.617450669815409914e-02 -2.551611909407299761e-01 5.965444518113748318e-01 1.000000000000000000e+00 -2.961442976489819801e-01 -4.965583033237412347e-01 -3.659248288144082428e-01 -2.514785517927101699e-01 1.477413139413651932e-01 -8.825845389322582724e-02 1.659092652526323319e-01 4.509454527095634324e-01 -6.668018638544052079e-01 -3.126471190868576611e-02 -3.240660646773078635e-01 8.461555575728399448e-02 9.564367788585016461e-01 -5.617789210066618244e-01 -5.447354040456230118e-02 1.182305517952700474e-01 -1.792327571649384998e-01 -1.379139229428922309e-01 -2.235397918134160444e-01 7.168003001789906570e-01 5.914504166447445144e-01 -1.998768363902662382e-01 1.213278068045682695e-01 -2.454457963662561304e-01 -1.492435521977195922e-01 6.513508622213217691e-01 7.141572826618729497e-01 -2.485056301126849776e-01 -1.346567237491301250e-01 -2.180963093652804330e-01 -2.469595110404565474e-01 -7.406010731553744342e-02 -1.625687768025641522e-01 2.565544985489696256e-02 -2.547364907574699022e-01 -3.500874121634777736e-01 -1.618700328879012218e-01 6.534897311189252767e-01 4.495972259024975104e-01 4.795498389750866286e-01 3.729105667343998558e-03 -2.409737106416185992e-01 5.794021590931435206e-01 4.570456853756069832e-02 -1.576746741272907482e-01 9.799076325176274693e-01 -2.725532787267551660e-01 -1.178450116846410517e-01 -1.016419525810733776e-01 -2.936227827229766496e-01 -7.270312539647992567e-02 1.574767149542853628e-02 -5.368390179404054774e-02 8.128308212280414002e-01 -1.521822591557145943e-01 3.413414889079815356e-02 3.900211395766127742e-01 -6.409322543833317898e-01 -2.048227017492797175e-01 -3.046841402962519596e-01 -1.121723618161654112e-01 5.181131652774546570e-01 3.137133801663127830e-01 5.618426045002540281e-01 -3.347148189389637096e-03 -3.380108831813669057e-01 5.965685565436931181e-01 -8.783914537788153898e-02 -3.318763160147140678e-01 -1.690503713416605103e-01 -1.231432014880118608e-01 -2.975906389229073246e-01 5.942312104318510091e-01 -2.088770175200746204e-01 -5.685477175313906617e-01 7.075012320357724205e-01 -1.882470388843843490e-01 -5.916638591318175155e-01 -2.230181200366949668e-01 -4.658619397166936515e-01 7.438220560774180257e-01 -1.063796909386036799e-02 -1.170034179071400560e-01 -2.618361537985735010e-01 5.848223834529731047e-01 -5.725031405657889927e-01 -2.167938280416657759e-01 -3.158663509659505597e-01 -3.599908612452104029e-01 2.676205174549070587e-01 5.726728891997248105e-01 -1.028754905514343287e-01 -2.440766184535912708e-01 -2.070599026855293179e-01 -3.370238293388840845e-01 5.246199567378896367e-01 2.007643594961621147e-01 5.623184130173490836e-01 3.009337245633296118e-02 -1.908162330011740071e-01 -4.102621399793228707e-01 3.373993663674789145e-01 -1.382995661286830213e-01 -8.616261101217317919e-02 -4.784754685125273965e-02 -2.535033075661682900e-01 1.459143835115795929e-01 -1.681591140717148825e-01 5.362585483304863621e-01 2.653943831777489520e-02 -3.640702838901259120e-01 1.190504650037930851e-01 3.076146378365243184e-01 -3.621861526042277069e-01 -2.821371804690856466e-01 -9.769194188390370459e-02 -3.610707232723608384e-01 1.645947495612351541e-01 5.887429844220347652e-01 3.132533552387295472e-01 -1.414357980689041339e-01 4.582926049084745657e-01 -4.321810665139699803e-02 -4.454557740572464078e-03 -1.720894114176441114e-01 1.751690901447578441e-01 1.482506368842963496e-01 -2.075718455102606996e-01 5.588532474528891125e-01 -6.225234469542628712e-01 9.860096317179397607e-01 6.164045889209048834e-01 5.214889210792623686e-01 6.169053542579863159e-01 -1.585082379187116863e-01
-1.821160404866444538e-01 -7.878233546316951164e-02 -1.347815262130327707e-01 -2.961442976489819801e-01 1.000000000000000000e+00 4.604449816079293489e-01 -1.646219149103992918e-01 2.533540646621822989e-01 -1.787990128330619322e-01 6.578524219085819524e-01 -2.062528828939950432e-01 -2.694364983848800410e-01 5.310581764544728411e-01 -2.111031076141668961e-01 6.420624972479850312e-01 1.319014513915644539e-02 -2.880330266198944944e-01 4.286519323183730634e-01 -2.581307701162011137e-01 -2.044067671980625556e-01 1.691557793147199090e-02 6.666836143399634818e-03 -1.899612602659559446e-01 -3.330368845683960854e-01 -1.280949195326209211e-01 -2.163880595652590555e-01 -6.645910148974458476e-02 5.182668897461890634e-01 -1.744808339121758090e-01 -2.488346016145626949e-01 -2.472869319092833584e-01 -1.431555112257389129e-01 -1.320983814734977835e-01 3.145845891441980124e-01 1.445069149803867616e-02 1.124625877627148107e-01 4.523859846157450570e-02 -1.957512452069991027e-01 1.302610831425055626e-01 -1.394618416644055059e-01 2.453485965272717700e-02 -3.938934971513720074e-01 -1.608230100435688592e-01 3.213054477650090779e-01 -1.580674060382474821e-01 2.300288943864063074e-01 -3.623753517637541277e-01 2.916294806341007129e-01 -2.655424130869966232e-02 -3.058567106087636267e-01 2.159826637996410670e-01 -2.204150884020407083e-02 -1.487490430699359711e-01 -2.087179650127484187e-01 -3.652267433149689740e-02 -2.405099304672537741e-01 -1.833479057391819156e-01 -1.852144931783462622e-01 -1.475280396099368507e-01 -1.976291412740888154e-01 -4.193992899850140788e-01 4.543571331151199932e-01 1.260173894164162145e-01 -2.122983795306211952e-01 -1.423337759946579628e-01 -3.808631005584002527e-02 -3.538696350437022242e-01 -3.808429808225977098e-02 -2.983664435726640640e-01 7.227603012323630116e-01 -1.290136457056784147e-01 5.221861690399338674e-01 -4.719025613850220957e-02 -1.103903249521843294e-01 -1.381817856436040048e-01 3.296612677329460728e-01 -1.303089273129130754e-01 1.653208687988383940e-01 5.416278241101331048e-01 -3.695296956121002507e-01 -3.006801802304279875e-02 5.054750846772806394e-01 2.379727549461197744e-01 -5.105833266160729467e-02 -3.389179341694293912e-01 -1.681637504370130931e-01 -1.042301656937154597e-01 3.378189922061135553e-01 -1.214941292946757623e-01 6.836619176760285743e-01 2.363567932254334869e-01 9.821837405138197918e-02 1.422470677531529060e-01 -2.029371324530171439e-01 -1.642734864766085268e-01 -1.395647602843951840e-01 1.662225212985904421e-01 -2.164055358785634819e-01 -2.721447238471141894e-02 -8.597112676611820548e-02 -5.970763933709301308e-02 -1.458336551986084140e-01 -1.723849644654777968e-01 -7.890672788801841864e-02 4.495997140146042459e-01 1.768310728556686529e-01 -2.049709820702824703e-01 -1.954939002955837779e-01 3.876226740610301813e-01 2.235742415104548242e-01 -5.432983501134749232e-02 -2.187602630548359239e-01 -1.115583328455192341e-01 -1.653270833568633580e-01 4.602533295145154746e-01 6.465320485995981747e-02 1.948012892079897251e-01 3.046271857929334081e-01 3.545463876936489345e-01 -1.449325439043937513e-01 2.144290015739075683e-01 5.742287427302741332e-01 -1.354732210760064004e-01 -2.064573821852255797e-01 2.656686276510833336e-04 1.113707464186761489e-02 -1.319838116686185558e-01 -1.851778140954341567e-01 -1.601890375478219608e-01 -7.090396154912434121e-03 -1.503271695832288923e-01 8.743258957090704886e-02 -1.779803125279964260e-01 5.235678108375372286e-01 -2.764749155446569739e-01 -3.004070533292657053e-01 -2.501709891861917390e-01 -4.957184044196614181e-01 1.731243293530147775e-02
-1.634689547146776500e-01 2.978354149219776190e-02 -3.468998334747784296e-01 -4.965583033237412347e-01 4.604449816079293489e-01 1.000000000000000000e+00 3.455664806756015284e-01 8.392347499352700302e-01 -4.485471084571697742e-01 3.342267013130976183e-01 -6.227237882859334439e-01 -6.061965579049024555e-01 9.178454923039828239e-01 -5.884350996963448877e-01 1.996076347213533164e-01 -2.622831607295551537e-01 -5.314526853114698302e-01 6.241732785257225746e-01 2.047990838641605138e-01 -4.724056588653187672e-01 -2.500263956586739611e-01 -2.306368999661385644e-01 -4.675413645541140473e-01 -5.153218843020118678e-01 -3.423857052432757175e-01 5.054670187012177962e-02 5.156113798104045021e-01 6.293942563865888573e-01 -5.651743349704368979e-01 -6.038648280309506511e-01 -5.891487722568807817e-01 5.987131542594490430e-01 -5.299062554758435795e-01 4.824548199859585718e-01 -1.189637948931157735e-01 7.057047887405781816e-02 -1.668789994710062063e-01 -2.313076737833267837e-01 7.477706944821317370e-01 -3.530480886524731132e-02 -2.338708540222721732e-01 -5.190802560706344604e-01 -3.322626657245150161e-01 1.344438879092208494e-01 -1.268912269467717679e-01 -6.777983745249105407e-02 -5.294088722495707833e-01 6.977933629129731141e-01 -2.184712558215567424e-01 -5.293278850241439626e-01 8.205273728959155966e-01 -5.766368017265508655e-02 -5.692497487858199090e-01 5.492849505373136321e-01 -4.184101458689409303e-01 -6.294599487717086328e-01 -1.919420126696606277e-01 -2.398378278563298438e-01 -5.640282315829737714e-01 -6.164546729074548148e-01 -4.691440606023992155e-01 9.257234313270243931e-01 -8.641887302354689382e-02 2.012170071271896510e-01 -5.573002659599006758e-01 -4.318107306129555581e-03 -2.404835564110874291e-01 -3.360479091497541870e-01 -5.297771133231216067e-01 4.102082267818959460e-01 -3.419390630422523003e-01 6.357477329018049739e-01 2.185560454631808314e-01 -1.607157582536392071e-01 -5.382907897358804039e-01 7.578665918858030759e-01 -3.408822672801031239e-01 7.796624050150259277e-01 4.818636983978036303e-01 -3.257002546757740147e-01 -3.211041104419165571e-01 9.740744319578608090e-01 8.123977398481816437e-01 3.054488668509583449e-01 -6.534787997008281168e-01 -5.904732749162074912e-01 -5.562640433284997687e-01 2.054985219254081702e-02 -3.460307335927287342e-01 6.134918937052502574e-01 7.616490613207512750e-01 -6.016475226790572034e-02 6.187985363499969305e-01 -3.844705304049996775e-01 -4.952517400829951066e-01 -5.630190482712926769e-01 -2.113418748324077251e-02 -4.507540963515449528e-01 -1.883362381864048252e-01 -2.918040719544537920e-01 7.314161168764438115e-02 -2.642509708932865853e-01 -1.336806895049768296e-01 -1.629608219136848002e-01 5.096560629420995303e-01 -7.331295002276977391e-02 5.513656565109023022e-01 -5.989006772008651502e-01 4.474874580329578078e-01 5.081042194388256661e-01 -1.787279388373583244e-01 -3.780134463948492951e-01 -4.248891414736195027e-01 -1.084221937835203181e-01 2.416904153027155944e-01 2.084890602017023531e-01 -6.251230117909324646e-02 9.362741231453958202e-01 7.103741088881468935e-01 -5.596308435589273378e-01 8.953366684455110747e-01 2.255053007342139593e-01 -3.542055201062995207e-01 -4.594792812283302053e-01 -2.953132382371752018e-01 1.373605479850290856e-01 -6.027493272061527074e-01 -6.180345333105636829e-01 -5.016782161224934145e-01 -2.841224012333286586e-01 -4.325500739522080140e-01 -1.407101286026063991e-01 -4.708581517398240379e-01 7.949867205215204180e-01 -4.694015102492087310e-01 -1.160237732511578274e-01 -5.659636875637515940e-01 -7.334359083851736960e-01 -1.160298578237513867e-01
-1.131945341155036477e-01 7.303654722300951807e-01 -2.967324212537437722e-01 -3.659248288144082428e-01 -1.646219149103992918e-01 3.455664806756015284e-01 1.000000000000000000e+00 2.195414896125816584e-01 -1.566319949714164161e-01 -1.102563858791517359e-01 -1.405818643532340817e-01 -2.308583362402113759e-01 4.638875459556584535e-01 -1.489166784240234798e-01 3.110682980955983834e-01 -4.747650729846951134e-01 -2.666543066163139519e-01 5.344147433838533079e-01 1.321191925332544648e-01 -8.503378228123263660e-02 5.465646487495364747e-01 4.865666710377877235e-01 -2.430512892867379704e-01 -2.582167229671260555e-01 -2.926621021700106517e-01 2.579930167253695061e-01 1.695946202014712301e-01 1.338909884441443800e-02 -1.523780665098163623e-01 -3.455737852237807384e-01 -4.099206527776206310e-01 5.486885618998604830e-01 -8.414239745804587278e-02 1.537329345619364764e-03 4.223773731145909482e-01 -7.007579183772444376e-02 5.862240470327486630e-01 -1.220884267415147245e-01 3.947815022299424603e-01 6.462431013570133498e-01 5.452383884395441971e-01 -5.180055689326775736e-01 -2.392221946584977554e-01 -1.671281650675497388e-01 -2.249058068824022205e-01 5.329228916795417659e-01 -3.002980567731513006e-01 1.597798378524798724e-01 4.711554061365398338e-01 -4.211228406605496133e-01 1.857357704951423938e-01 6.612237498728824880e-02 -9.893479331051693859e-02 4.424616465431087664e-01 1.791761734164257214e-01 -2.580593505228707674e-01 3.132933894937943442e-02 -3.685492248991714681e-01 -6.378211772154221415e-02 -1.514441691702114456e-01 -1.122464849376628021e-01 3.758015729461502974e-01 4.886681665561222188e-01 3.727711287531733086e-01 -1.030749288842684602e-01 -3.667814692854626801e-01 8.019665846030218925e-02 7.085137634105972970e-02 -3.556469444271118663e-01 -1.456351890660918247e-01 -2.999457829884894511e-01 -2.384792904038838049e-02 -2.903430606545616063e-02 6.005132480073707146e-01 -8.314260311382164204e-02 2.082855418316581220e-01 -2.924779352736149307e-01 2.880354990827609929e-01 1.664288203002704802e-01 -1.750302017389929188e-01 -9.449266897493620310e-02 3.271425767768726955e-01 2.536155763443562750e-01 1.515779752020903759e-01 -4.837577417673591951e-01 -1.200857630805624437e-01 -1.478922438955835861e-01 4.367432444693400972e-01 -2.942079336258814348e-01 2.096626473313040473e-01 1.869706828505807716e-01 2.459600749690769861e-01 5.188883415938476684e-01 -8.775596148615844028e-02 -2.876788950077778795e-01 -1.035715134323069719e-01 1.331145683380983470e-02 -2.728295176382603549e-01 -2.758297779074569966e-01 -3.392032682980676839e-01 -2.162443125513877074e-01 -1.363503112908671377e-01 -2.249791187270181181e-01 4.681736374964202696e-01 3.949543512479247176e-01 -4.241926495955629095e-01 2.632042201603150278e-01 -1.087954666771537432e-01 7.413568109549246998e-02 6.210702207331143809e-02 -4.965628065874089225e-01 -3.266777852125591353e-01 -2.991534117778024138e-01 -2.529862875435983094e-01 2.459219964804092717e-01 -2.283380153162068438e-01 -4.755040793928092535e-01 3.547322161962607745e-01 1.615353923850960244e-02 -1.002903962565855345e-01 3.411765833655983071e-01 -4.472454488069882994e-01 -3.031815137783183678e-01 -3.725915997945508651e-01 2.603917131329069878e-01 -6.767581296802260837e-02 -1.415930023551159322e-01 -1.372820247157653384e-01 3.231121744135384555e-01 -1.440103427310928663e-01 -1.906232141591490126e-01 5.470496610238452240e-01 -3.433718041213975614e-01 3.439650165759460254e-01 -3.204271295298646849e-01 -2.158511625609747520e-01 -5.005700221963315100e-01 -5.023498940645859667e-01 6.482777231582828037e-01
-3.088490111058631582e-01 -2.992066256914987510e-01 -2.506274252472174280e-01 -2.514785517927101699e-01 2.533540646621822989e-01 8.392347499352700302e-01 2.195414896125816584e-01 1.000000000000000000e+00 -3.227346923417470648e-01 4.283209748749942092e-01 -5.338949546709137461e-01 -3.864387625446656926e-01 6.722897238772331807e-01 -5.506360786938350182e-01 -9.193674623144185154e-02 -4.008664955204223057e-01 -3.297913720885605193e-01 2.162213536735350383e-01 -2.629203819055158514e-02 -3.846746319530686131e-01 -4.731368116933765688e-01 -4.491293378245160284e-01 -4.851591176225247826e-01 -2.581228141438459689e-01 -2.514014760614889377e-01 -7.936155035319328310e-02 8.258816439900267259e-01 8.070612501761740276e-01 -5.752266766550357957e-01 -4.897356075866047265e-01 -4.790420600954066188e-01 7.946749083146731341e-01 -5.274125387461264802e-01 3.587956622887474856e-01 -4.115280428465600826e-01 -1.586750318255176692e-02 -3.819775013924012752e-01 -1.296891705376476411e-01 9.544485831689927258e-01 -7.456399831413139390e-02 -4.681175267517636018e-01 -3.021405869550356504e-01 -2.931365895687639833e-01 2.445509231092414526e-01 -2.817260467348158270e-01 -2.996896495380588221e-01 -2.459485482994319960e-01 8.384956476711691309e-01 -4.766611672867943628e-01 -3.166612710139022902e-01 9.647017533478667861e-01 -1.097903148476240265e-01 -5.544639906730199908e-01 6.890451891917102056e-01 -4.770673804154764719e-01 -5.806004263845288005e-01 -1.114971085557084629e-01 -2.179815345290168557e-02 -5.806107765093357909e-01 -5.620871969551327618e-01 -1.815364496235029879e-01 6.922392319060481913e-01 -2.894177414460842312e-01 2.642586085297517901e-02 -5.511713519248507831e-01 3.257992850488961589e-01 1.326979551442023508e-01 -3.246549927330186214e-01 -5.034466375443520381e-01 3.341857364231660132e-01 -2.458755681738505339e-01 7.041637275961756259e-01 1.490744647125840650e-01 -3.851708523029893083e-01 -5.262068230573168082e-01 9.431347529446109101e-01 -2.503613004402054920e-01 9.831635126573672334e-01 2.257004680563232113e-01 1.055431432192024399e-01 -2.158880517726412818e-01 7.802388407095700584e-01 9.895595334423701317e-01 1.246482685385621458e-01 -4.990822046430819503e-01 -5.525219398872635024e-01 -5.503748513865820424e-01 -2.158532659549674548e-01 -2.598218499249090319e-01 1.917517066959834593e-01 9.799644677719909769e-01 -3.519652791056806507e-01 2.634305874525050273e-01 -3.593345952173218061e-01 -4.151352222819931770e-01 -5.614635479052280109e-01 -6.413582924358203485e-02 -4.663302527222099592e-01 -2.213641290072880241e-01 -2.163351215512469561e-01 3.606256251564212145e-01 -5.240045190960866683e-02 -2.661978412832343155e-01 -4.634272481506692687e-01 1.531327535383897320e-01 -9.524777738377544767e-02 7.633679207160189994e-01 -6.098570535376734991e-01 6.445989786288490730e-01 1.104135162827677152e-01 -2.218668339534481115e-01 -3.867068477950946770e-01 -3.889168038168048791e-01 -2.423781765339803607e-01 1.803941558877837081e-01 4.216099239700892842e-01 -6.508437370454808746e-02 9.311407278080917616e-01 3.879076816038152797e-01 -5.473192004280308387e-01 9.680108292815843285e-01 2.458418239987988640e-01 -2.622316400854259322e-01 -4.464785367540149430e-01 -4.811843624426537791e-01 4.574341525840617817e-01 -6.126592803681982780e-01 -5.886067924771525295e-01 -6.211054975758358854e-01 -3.232601370532691143e-01 -3.451984890698506780e-01 -3.859481007494991456e-01 -3.885734993503580093e-01 4.060728021602520998e-01 -2.301680117935743508e-01 2.938813547937025872e-01 -4.553934227897545317e-01 -4.253762181248125218e-01 -3.638051371143949386e-01
-1.934213713481767738e-01 -2.714869963744156456e-01 -2.064369593582863760e-01 1.477413139413651932e-01 -1.787990128330619322e-01 -4.485471084571697742e-01 -1.566319949714164161e-01 -3.227346923417470648e-01 1.000000000000000000e+00 -2.454487306400858770e-01 7.653134013031632765e-01 7.191793069238074931e-01 -4.225681134824799123e-01 4.932970513176545557e-01 -2.377423546233111418e-01 2.833422059170560489e-02 1.486954269488230951e-01 -3.416292885484853992e-01 -2.805021408491206736e-01 9.856552202397355078e-01 -8.313099328050206627e-02 -1.824256538140963529e-02 3.745785379860736564e-01 1.695430042419573957e-01 -2.089012873334518683e-01 3.131895366603520752e-04 -9.681889770051184396e-02 -3.390265800085559000e-01 5.387367622929077893e-01 1.765953987069923126e-01 9.999456037821718296e-03 -1.255877247717342993e-01 5.542400531207001269e-01 -2.638353885867626980e-01 -2.648570934412924904e-01 3.248702487063047373e-02 -1.364685941816727310e-01 2.448475066967447378e-01 -1.965454764691146883e-01 -1.999825346830216843e-01 -1.183310838205484661e-01 3.431230300706179515e-01 -2.623485617440391993e-01 -1.190553947263534307e-01 -1.918163251633341893e-01 -2.392792496392994184e-01 -1.750051202465923716e-01 -1.303951169863785675e-01 -1.852878220489053429e-01 1.354001665676540511e-01 -2.334030404925511726e-01 -5.790520681852522056e-02 5.754446102734778190e-01 -9.894570165844469856e-02 8.496814087937239190e-02 6.076159922370441002e-01 1.276241768325130921e-01 1.267983646310710255e-01 5.529365340459906353e-01 6.677519923359405141e-01 5.426587795255931601e-01 -3.624644818938596025e-01 4.572895700771421879e-02 3.077240399864428211e-03 5.695470029083556929e-01 2.704842606427499893e-02 6.456567318438175551e-01 -1.731905180527098520e-01 3.170033677041446674e-01 -3.230495755392823187e-01 -2.187826829396991302e-01 -7.447440963266800662e-02 1.543009770205179820e-01 -1.743076021772799744e-01 5.871594766385171971e-01 -3.528503696798919176e-01 -2.108176420844069254e-01 -3.130353036698572122e-01 -2.303833031326034675e-01 3.465685401800475129e-01 3.944076812996486492e-01 -4.100922848679859345e-01 -2.954097928318436539e-01 -2.740331611707617077e-01 1.839700865448655187e-01 6.691368912560797799e-01 5.384443196309247615e-01 6.034035606193611893e-03 -2.061346124163655202e-01 -2.334975801455048683e-01 -2.697135090635426891e-01 -1.247489564109139637e-01 -2.519377303684253167e-01 -1.391927117949073346e-02 -8.222672262655955633e-02 5.786216509930977026e-01 1.819452534940978472e-01 3.064102271052652759e-01 1.968111061216917534e-01 -2.010985474120789984e-01 -2.708890465059812236e-01 4.531811128002639633e-01 -1.834909498067024969e-01 -2.237659131626890119e-01 -4.846878343093415087e-02 -1.281520301389242611e-01 -4.681919024211374236e-02 5.858927829235207607e-01 3.922406334051940779e-02 -6.354712634544890104e-01 -3.147033568764359135e-01 1.797012573899042231e-01 -1.476396386657352067e-01 -1.871549288807212164e-01 -4.026177749442939602e-01 -1.553969319702096508e-01 -9.791585680361029886e-02 -4.155611123450110300e-01 -6.065818328428186357e-01 6.027485461979333881e-01 -4.300498665036244228e-01 -3.038823809932458819e-01 -2.011964921786859040e-01 -1.718731212074678660e-01 -6.031751563805578392e-02 2.881368762461775646e-01 5.507979549502286520e-01 6.667539148190376741e-01 2.174586369709941847e-01 1.714332546088350173e-01 2.156750824496596053e-01 -1.580004655802949853e-01 -1.293541117751989544e-01 -2.886596615651660924e-01 1.458079926490926659e-01 2.473575798228321021e-01 3.108792800265225420e-01 5.325200337754949498e-01 -1.827185273430584345e-01
1.306660259769215349e-01 -1.520922100811969435e-01 -2.619744817186223096e-01 -8.825845389322582724e-02 6.578524219085819524e-01 3.342267013130976183e-01 -1.102563858791517359e-01 4.283209748749942092e-01 -2.454487306400858770e-01 1.000000000000000000e+00 -2.176037565577603750e-01 -1.273964464441541267e-01 3.027142148677360867e-01 -2.078767381126116476e-01 4.088966688167622321e-01 1.330649795294334692e-01 -2.644702843270098011e-02 -5.490629037305348042e-02 -1.566568749733683041e-01 -3.198612048811587116e-01 -5.456474832989131885e-02 -7.060335777794446432e-02 -4.143173433545480622e-01 4.369025566748614697e-02 -2.641711205188643219e-01 3.894928810597401980e-02 3.517309158731499186e-01 8.257611234495971786e-01 -3.066861479439877969e-01 -4.030730884983249607e-01 -2.979448158193326313e-01 2.657186711877461138e-01 -2.223651004843404666e-01 -9.638342308885276821e-02 -2.104132179467115005e-02 3.864545401695677895e-02 -3.433110561399009553e-02 -7.266979285289587587e-02 3.925360671605698792e-01 3.762748124218153606e-02 -4.010072385809054785e-02 -4.950332741317161611e-01 -3.808224752638377786e-01 4.026544738283052705e-01 9.464711800331801483e-02 1.882868525851421615e-01 -2.528653596941317083e-01 2.771483026525069504e-01 2.365309692560646146e-02 -8.456909883354667146e-02 2.508033977676043524e-01 4.651897303647647974e-02 -2.632901353103535014e-01 -1.009573621994438036e-01 2.956258411800625346e-02 -3.244847611148923283e-01 -6.450307006431507673e-02 1.227125453553725293e-01 -2.951603458395497537e-01 -2.307735249273024924e-01 9.569526346136852935e-02 1.984376827732642345e-01 -1.245933910443989927e-02 -5.474962088350040362e-02 -2.725133226430232480e-01 4.154444752619248504e-01 1.187187357694539508e-01 -1.276596806001249473e-01 -4.326130005771010589e-01 8.858762747089292677e-01 -2.588227618168619792e-01 5.498587486395074553e-01 -4.461356024538461473e-01 -9.986402292804787487e-03 -2.539492537496005342e-01 6.237440491588256419e-01 -2.645918539185213025e-01 4.115828043882641119e-01 2.344798605876853015e-01 1.433963538815325733e-01 -9.291818638546657516e-02 2.833294188416610737e-01 4.217799719694765304e-01 -4.293775031082784355e-01 -2.225733784170642604e-01 -2.455806954971466727e-01 -2.607672567191631208e-01 1.398483977833470393e-01 -2.628995592886126942e-01 2.255787346045767805e-01 4.653242172986600811e-01 1.482715572236571397e-02 -1.255075900845704084e-01 -1.343164024071788476e-01 -3.087847392501107402e-01 -2.669703734199270762e-01 1.903974806987375826e-02 -4.328434962007984832e-01 -3.446595382965385035e-01 -2.808071913538693343e-01 1.492745846565298184e-01 1.793061976690948564e-02 1.119260800341212725e-01 -1.791725611978416122e-02 -2.337694542317906438e-02 -2.349306760033698094e-01 -5.187360075048720598e-02 -2.508294124061568597e-01 4.935942187410836679e-01 -3.606121527745566324e-02 -3.529255602921830826e-01 -4.422021090131068588e-01 -3.343060006103092396e-01 1.033583683269104769e-01 6.774526249804919686e-01 -1.370043572282704861e-02 -1.782646578378001556e-01 3.897618474000281719e-01 1.689552065069837572e-01 -2.562603593311609251e-01 3.855926263487270411e-01 4.969082055326798364e-01 -2.768785555512675023e-01 -4.969880718463236535e-01 8.154777201805216147e-02 2.750020576302609210e-01 -2.847860968515827373e-01 -2.658018943919794874e-01 -1.295189909288938790e-01 -1.369247928791464675e-01 -1.177518388126547466e-01 -5.664371083052029826e-02 -3.628403511957423722e-01 1.532420312390361458e-02 -1.046481931877896523e-02 8.776127976133278608e-02 -5.083161146714187950e-01 -2.268243213682323289e-01 -1.022083205278367657e-01
-1.199246909414807549e-01 -1.708232235456048076e-01 -1.460871037989469046e-01 1.659092652526323319e-01 -2.062528828939950432e-01 -6.227237882859334439e-01 -1.405818643532340817e-01 -5.338949546709137461e-01 7.653134013031632765e-01 -2.176037565577603750e-01 1.000000000000000000e+00 8.885582189117607887e-01 -6.071971710840122771e-01 8.403930970137458711e-01 -2.488891382443353117e-01 2.013735274322598079e-01 1.296834761265460156e-01 -3.944977667369867769e-01 -2.007189254025313063e-01 8.019305913073111469e-01 3.716178626485225345e-03 -7.166061518386088180e-02 6.668274460855296848e-01 3.614092217109184935e-01 -1.493891538300048949e-01 -2.292106389883215578e-01 -2.578912154310935012e-01 -3.985829942887145760e-01 8.692932176516471321e-01 4.008760509844364606e-01 1.668510665303004070e-01 -2.952423480734903682e-01 8.854211704360273050e-01 -2.778424643869584765e-01 -2.388997023131163577e-01 -3.902380912514122422e-03 -1.007114302077503909e-01 1.436899818251108352e-01 -4.149946253243855243e-01 -2.236301737576021353e-01 -2.700991097720139428e-02 2.561270008405568954e-01 -1.452623789487171302e-01 -9.780299054877268639e-02 -1.048544688192932506e-01 -1.522283709959582620e-01 -2.327630838454015569e-02 -4.014410532961373290e-01 -9.799977684663352395e-02 1.746608989089606934e-01 -4.517186292702904948e-01 8.880955119290016853e-02 8.947075795962895484e-01 -3.236401906112468807e-01 2.673733062944582684e-01 9.152745400295781986e-01 2.007937768535896228e-01 -7.576190200165269784e-02 8.783508556150140256e-01 9.672260159559501469e-01 6.902435519523895113e-01 -6.077608856540450688e-01 -1.374510626360582466e-01 -2.515368591508858054e-01 8.912620016307680748e-01 -9.449714032627175297e-02 5.360216542766673697e-01 -8.571724331605587444e-02 5.613262793264202077e-01 -3.606267647984983116e-01 -1.518605167319972971e-01 -2.462104662341159378e-01 1.473720881245096925e-01 -1.176054952673010190e-01 8.998187634025806014e-01 -4.557608072591435300e-01 -1.525929959105533640e-01 -4.776752811090776984e-01 -5.223129784915292451e-01 9.079115496182924017e-02 6.233501049460431487e-01 -6.460110971774681854e-01 -4.941889004677414432e-01 -2.418680571750664865e-01 2.937158576836005897e-01 9.605790503218566423e-01 8.623108688120570964e-01 -1.699654239424429336e-01 -1.394127917815834450e-01 -4.162856024286532564e-01 -4.654860182908459043e-01 -2.922489523462322714e-01 -1.799417335084901315e-01 -1.072729036172989994e-02 6.119196479930364557e-02 8.965662314262854427e-01 4.857373425700957092e-01 5.745142697554365130e-01 4.351595486467034202e-01 -1.589665143169291528e-01 -2.170641989254758486e-01 4.370559285977587693e-01 -1.041528132548388552e-01 -1.161539485285896650e-01 -3.766806345758943464e-01 -2.934017267394576356e-01 -3.573438935635063207e-01 9.046529403723246876e-01 -1.294918420412033422e-01 -5.101189157045875611e-01 -1.860695753299915212e-01 4.030866801722116644e-01 -7.959437540070325723e-02 -1.185078559087072020e-01 -4.097196855407013727e-01 -2.596231358942888146e-01 -2.118387393922590012e-01 -6.446503064004863726e-01 -5.310324733695880317e-01 9.112851344002887988e-01 -5.986632720495789206e-01 -2.517055851720383375e-01 -1.336753299600993983e-01 -1.419467553092126563e-02 2.894503627152870615e-02 -1.110225759203693902e-01 8.755883207090189302e-01 9.586995338769863650e-01 3.839280079919680233e-01 2.210789371086955002e-01 5.325888769454185656e-01 -1.428372519697549137e-01 6.179531342338557068e-03 -4.749316593547087129e-01 1.569609491642129373e-01 -1.167236038701893464e-01 2.444183986878652737e-01 5.267350781797384141e-01 -1.213550998529042274e-01
