1.000000000000000000e+00 2.422021478015512486e-01 -1.486164113467522141e-01 -1.614697700071086178e-02 -1.650187622404578058e-01 1.411883787736435344e-02 -7.344623597735941423e-02 -1.016487818158434003e-01 -2.008689703566898521e-01 2.491854329402466983e-01 -1.353197270107903694e-01 -1.386868157697487558e-01 -2.784581735282448678e-02 -1.502118691400569916e-01 -7.834221214776589115e-02 5.382096746595805836e-01 5.167818347092900666e-02 -1.110914798862125963e-01 7.958064518964194090e-01 -2.151330823525586244e-01 2.489220293833917935e-02 1.351738409454894194e-02 -2.423965129934262941e-01 1.011836346191901381e-01 -1.487714605291724501e-01 5.644365224420135885e-01 2.886539662849180177e-02 -3.086001649610544545e-02 -9.128480663087201741e-02 -1.379525996125378351e-01 -5.888781771805229326e-02 4.525674534370517643e-02 -8.071516232857893491e-02 -1.785913456107223740e-01 2.469285274232672356e-01 7.336035428014645587e-01 -1.539679962062790418e-02 7.829611714810702505e-02 -1.247748152669276162e-01 -3.877191258584471167e-02 1.707684243248094175e-02 -2.493612602415324897e-01 -1.609577282785257801e-01 7.591275713715842088e-02 9.522408932512353985e-01 1.589488969895954118e-01 -1.736806023014153821e-01 -3.591229649326026507e-01 3.543750890411422327e-01 1.214689034447836644e-02 -2.263676597361848619e-01 5.881396133860706810e-01 -1.458559538641597819e-01 -2.998181210608197866e-01 1.534635359752519190e-01 -6.724457397564029271e-02 -1.431116199438944858e-01 1.425158754023580499e-01 -1.646505513674395293e-01 8.213019313342347083e-02 2.761132424864852219e-01 -4.864442562139353887e-02 -4.185323598932420841e-02 4.424992924526639504e-01 -1.474571817354237147e-01 8.902985774112340267e-02 -7.592978273274639256e-02 -1.724909948472138355e-01 -1.508856173183686089e-01 3.723935735216507004e-01 -1.486282139566258709e-01 -1.477637072457471390e-01 -4.072998115666576768e-01 4.343742846997297735e-01 -1.500310516028115770e-01 -6.475530474938631653e-02 -1.486352173374675956e-01 -1.771543673496653315e-01 -6.632177192763415163e-02 -3.697712995524093851e-03 -1.457100777576211814e-01 -7.451024434048732215e-02 -1.608082233204298217e-01 -3.206725535334195576e-01 7.954454056963614073e-02 -1.351763627662706524e-01 -1.471033600456958801e-01 -6.422258345135259394e-02 -1.646514001821285100e-01 6.163090124594299002e-02 -1.521196208387529392e-01 4.343553292325053050e-01 2.965073333690679824e-01 3.134858954582567941e-02 -1.645019641876681593e-01 -1.456679159981883187e-01 -1.682417905421491611e-01 -2.245007033143914810e-01 -2.567805640746205209e-01 -1.488030530976967858e-01 -2.250459382159368249e-01 -1.864903400024315594e-01 9.545676870419702587e-01 5.573961805901889166e-01 -8.628255235267801374e-03 -3.122454079393217619e-01 -2.055718972902347841e-01 6.793796509769792213e-02 -2.481942110584924310e-01 4.243534396115095642e-01 -2.244187188103359265e-01 -2.265974365110304256e-01 -1.972884549298771772e-01 9.271987835019166457e-01 2.271524723737407270e-01 -3.779302594683243699e-01 -3.273009697068374191e-01 3.790873085557001920e-02 4.470506635988193977e-01 -1.390644578987433044e-01 -9.856023037690236563e-03 -1.782675942223575782e-01 -1.640526736488191750e-01 -2.540900261297881491e-01 1.365362140412385572e-01 -9.221266896662863588e-02 -1.504940535906124643e-01 -1.123176360134413854e-01 4.564697605856863488e-02 1.753124533112271899e-01 -1.524764876932131752e-01 -5.778718711384793483e-02 -1.947997497643994269e-01 -8.856528173826481998e-02 2.956948319760586280e-02 -1.434269163831800309e-01 -2.692752245609113526e-01 1.514821952461004907e-02 1.926944194481529024e-02
2.422021478015512486e-01 1.000000000000000000e+00 -6.728039214884787289e-02 -2.208318404946960078e-01 -1.727707613434759648e-01 3.456343828634722559e-02 5.487856616424009459e-01 -1.864130089025045345e-01 -3.669223571711607290e-01 -1.613485722380237353e-01 -2.235243571711992838e-01 -4.075029457238995012e-01 1.987338045628552763e-01 -1.957420750613534377e-01 3.118983345484803715e-01 1.886698892113455829e-03 -2.019418001804577645e-01 3.748335513355453008e-01 3.947900762546532327e-01 -3.591045690961798820e-01 5.180175754529626753e-01 3.013401977457718095e-01 -2.587661207425975274e-01 -2.464638128910647263e-01 -6.718449707789705960e-02 3.698526827227385794e-01 -2.241419353066590736e-01 -1.862386619925449904e-01 -1.420190648503806830e-01 -1.492474729710955850e-01 -1.323645502815890551e-01 -4.659271619197666303e-02 -1.605242568167550843e-01 -1.228356161347859965e-01 8.513992209871096284e-01 1.584695947913218328e-01 4.543805984575833845e-01 5.399834801711737020e-01 -1.532670149686994610e-01 6.869667566589569008e-01 4.993262965924148422e-01 -3.434334261470778915e-01 -7.832390399687805260e-02 -3.577936295293881463e-01 2.881479220025652266e-01 6.902184872993469833e-01 -2.391326320126878069e-01 -3.025874664949731452e-01 6.663240881601867338e-01 -2.129956678864271535e-01 -2.565095190390930258e-01 5.115453868045924946e-01 -1.775689927375559141e-01 -4.645947316831022800e-02 5.160668231980015674e-01 -2.452238205922137038e-01 -1.794853914694313768e-01 -9.715524519544420368e-02 -1.072922210897847978e-01 -2.372134505654646119e-01 -1.743926613124419656e-01 9.619300715214089414e-02 1.545056814272620371e-01 4.540780685601302769e-01 -1.711736717283574849e-01 -3.492067116598903675e-01 -3.000631289192249307e-01 -2.783638729312737370e-02 -1.488842445223424460e-01 -3.248136688136481209e-02 -6.713533858128421794e-02 -3.009471687865796219e-01 -2.765872509280872249e-01 8.109731593923891202e-01 -2.117391172146925737e-01 -1.471877841668214892e-01 -6.715292052162150083e-02 -2.395083676962010966e-01 1.147194881182791448e-01 -2.539725410750264256e-01 -1.788227725836555870e-01 3.193516130632276934e-02 -2.119165456733616837e-01 2.164313080508264986e-01 -2.783959175574037825e-01 -2.073048307612136987e-01 -1.786974634197816825e-01 1.009424213867611692e-01 -8.550555022529493510e-02 3.142699966075461759e-01 -2.134455289660154576e-01 3.100524720982735793e-01 2.787670512308593751e-01 3.712382963073639908e-01 -1.058817695623679028e-01 -1.944817158413922054e-01 -1.980359379953376964e-01 -1.492736606363618546e-01 -2.637690700030232427e-01 -6.724809038725040877e-02 -3.173937539904398974e-01 -3.795534630688989219e-01 2.154682981175442547e-01 7.821945029222250323e-01 1.621557708434700762e-01 -2.440557337747899513e-01 -1.721600068177198406e-01 -1.579326182192259953e-01 -3.261142681241921415e-01 2.971999826460234306e-01 -4.819031586767225789e-02 -1.583176041303989701e-01 -1.479352335730856616e-01 1.910269608377167250e-01 2.403785241884329182e-01 -4.011749798581191184e-01 -1.651051764928513077e-01 -3.689517655129406076e-02 1.547875880116440783e-01 -2.171301869885144120e-01 -5.546302901692357068e-02 -1.669388224106768681e-01 -7.542966817875634833e-02 -7.564060329295979601e-02 5.023016555374011372e-01 -4.013453473442087360e-01 -1.946669572252971436e-01 -2.617173006504667221e-01 5.205558021304196314e-01 5.914753240044249294e-01 -2.164223051327954228e-01 4.059860770322417656e-01 -8.034981676856128852e-02 2.323919033856936822e-01 -2.396499474246059636e-01 -3.297389630652439729e-01 -3.047534696929387610e-01 -4.015185957490454705e-01 6.553353432163844250e-01
-1.486164113467522141e-01 -6.728039214884787289e-02 1.000000000000000000e+00 5.600258386970188296e-01 -1.328561287366771537e-01 -3.103709316022956743e-01 -2.114745556417993166e-01 -2.967228047924573842e-01 -2.388664358815345279e-01 -2.637991267675801055e-01 -1.790811631695305717e-01 -1.975680423519092510e-01 -2.963887846050721753e-01 -1.187411006084911486e-01 -2.052322611919765172e-01 8.904496113325148510e-02 5.027652185955405750e-01 -2.244614559858099656e-01 -9.824225299525971011e-02 -2.100182354954535369e-01 -7.395159509380094809e-02 -1.103361602990067941e-01 -1.106897897527442387e-01 -2.963148634599713227e-01 9.999995418577600770e-01 -2.914261755322319902e-01 -3.189283995314958764e-01 -3.178878076586215684e-01 -1.336969398567268708e-01 6.109461887449837425e-01 7.878854645311814675e-01 -2.849797268999854083e-01 -1.344638683354014153e-01 9.507922508101840364e-01 -1.409967486596696573e-01 -2.856679949793885509e-01 -6.624110110540717966e-02 -7.832639315024733651e-02 -2.884019154586323630e-01 -1.129980581728518702e-01 -5.666494202060977370e-02 2.782821021690739527e-01 9.980948617725913241e-01 -2.637100770376080705e-01 -1.153934324825061780e-01 -4.804567296694476491e-02 6.296527867008355761e-01 -9.458695412413434256e-02 -1.349997712865415866e-01 5.445067212913264898e-01 -3.052098268782492130e-01 -1.850228467171099456e-01 -1.106508864956537580e-01 -1.825662807236319296e-01 -1.290069765754754960e-01 -2.209576550666648154e-01 -1.156170642116665509e-01 3.405785878815091872e-01 -1.139445997929049853e-01 -2.166678716661850357e-01 -3.065291147384270887e-01 -3.114801396226322128e-01 -1.273964267739358946e-01 -2.769949641121581818e-01 -1.114269209958767687e-01 -1.529961798767633108e-01 -3.005383065656649366e-01 6.834197805454904628e-01 -1.412922584414686988e-01 -2.471535703920385296e-01 9.999996085195235196e-01 -4.380534587122629775e-01 -2.575879465704430382e-01 -6.016247126317379734e-02 -1.240881641487175530e-01 -3.223673639290013382e-01 9.999996750349320340e-01 -2.376984790594371399e-01 -2.995490740419816111e-01 7.513700468572699631e-02 -1.110919040694080262e-01 -2.950890700860749338e-01 -2.896618160567618339e-01 -1.570155321996512809e-01 6.153095567098950669e-01 -1.397366439384495618e-01 -1.094754139699146422e-01 -1.437271398374359022e-01 9.745263119728712065e-01 -2.425738421023763414e-01 -3.305339848145852910e-01 -2.126880120500777294e-01 -2.284415309734228183e-01 -8.478457278407403042e-02 8.755481168117528190e-01 -1.157755311029917272e-01 -1.490137901612190174e-01 -1.099146289179277203e-01 -1.500219843825691124e-01 9.999989863093666775e-01 3.352459934110121331e-01 -2.467725884323048735e-01 -1.079588706268277826e-01 -1.410615765824693724e-01 -2.330627202819626764e-01 6.717628601569052282e-01 -2.089465949551214119e-01 -1.665887530971668085e-01 -4.355091405775161628e-01 -2.311703410650107759e-01 6.236601569533480882e-01 -5.488610939262345001e-02 9.642193589843157664e-01 -9.207399668211843635e-02 -3.323670343272266958e-01 4.474520292657103160e-01 6.823180931983821029e-01 -3.314728311801683480e-01 -2.578168308156717492e-01 -1.226260104460112910e-01 -3.048522482218239960e-01 3.915423996973593779e-01 9.977379916694640860e-01 6.811867245070668542e-01 -1.279302002211953615e-01 2.037235141810691402e-02 -1.194673400837653887e-01 -1.846796743541520014e-01 -8.935950688865348934e-02 -1.152713914563487513e-01 -1.297026117968120562e-01 -6.538569224193975515e-02 9.590962689444129108e-01 -2.367297775530848303e-01 4.371579137198992049e-01 1.765695417935435607e-01 5.742661954201657704e-01 2.304387477105139526e-01 -8.473141095593131333e-02
-1.614697700071086178e-02 -2.208318404946960078e-01 5.600258386970188296e-01 1.000000000000000000e+00 -2.458161562030127811e-01 -3.838965122747853842e-01 -3.437946072026119015e-01 -2.269336069057345251e-01 1.277891015274634223e-01 -1.133208798473637618e-01 4.975856659763667339e-02 2.477465262148617064e-01 -4.978129743657884743e-01 -1.885296215090594973e-01 -2.825619692208388711e-01 5.430696406562555284e-02 9.470853713463391887e-01 -4.793345176562547327e-01 -1.119532741440914803e-01 1.267979800657364209e-01 -1.138301174839929236e-01 -7.719590960292718740e-02 -2.611381967155734785e-01 1.181822426174337776e-01 5.598857191063515426e-01 -2.395080275300911499e-01 -9.455392319125612011e-02 -2.439833335632352607e-01 -2.084713019863685957e-01 5.620314576329874523e-01 7.191224316537971895e-01 -2.144039640297671911e-01 -7.303481027249839053e-02 5.179943849552010038e-01 -2.293660428573354171e-01 8.259809308940273265e-02 -7.598030229173580175e-02 -1.147108417256092749e-01 -2.412607901678890665e-01 -2.651446606365279735e-01 -8.503496209270962336e-02 5.670881546118420324e-01 5.574763694435703743e-01 6.776394219567527522e-02 -1.037068252506714999e-01 -2.375699203939893311e-01 5.811325324791303260e-01 6.222053967404496400e-02 -1.650469438568475944e-01 9.648531581604080642e-01 -2.351802760808984483e-01 -9.609919415276725607e-02 -1.948683196090296721e-01 -2.743843058325824980e-01 -1.456605579832786490e-01 -4.480690927302938276e-02 -1.953578142416158014e-01 6.949937715057254994e-01 -2.118144131351843706e-01 2.080895279792048178e-02 1.113035483783003377e-01 -4.347361456314658423e-01 -6.212519272511603935e-02 -2.708870254073262318e-01 -1.959142805731870773e-01 3.352942040231396970e-01 1.242261279569496918e-01 3.860438809434670882e-01 -5.062038492511741067e-02 -2.601217959990851925e-01 5.599280038021399175e-01 -1.387517519276129652e-01 -2.381722020484224878e-01 -1.637735011588017930e-01 -1.737395040525527290e-01 -2.474745565709269290e-01 5.598988611061244125e-01 -1.587336473745232235e-01 -3.812500840227289745e-01 5.925806550919541227e-01 -1.950530499152817732e-01 -4.139836968664173389e-01 -2.110191179438615783e-01 -3.797865707170348104e-01 6.062822957367746124e-01 -4.903563901437828915e-02 -1.949852842646544182e-01 -8.992819310994773496e-02 5.255451350122929410e-01 -4.039289811137870001e-01 -2.365133571276424596e-01 -1.713014516798448128e-01 -2.743279807876218834e-01 -1.093621273638253344e-01 5.402826518034505865e-01 -1.841436985800264103e-01 -9.347752876738078809e-02 -2.018285578293438631e-01 -2.690203553409338810e-01 5.602058509837430922e-01 2.858023915973552098e-01 3.090308720879771931e-01 -8.813853557351621071e-02 -1.626029748340050429e-01 -3.161230951859431149e-01 3.296303881088077370e-01 -1.948284605999967001e-01 -1.402789192938343754e-01 -1.438039622376919568e-01 -2.464971512669354436e-01 1.514877412374245613e-01 -1.434650414978616007e-01 5.733879320079360298e-01 -8.106000435727614417e-02 -3.309887463321273815e-01 1.948997461536592923e-01 3.005377247390768614e-01 -2.795265465061131938e-01 -3.017875381001222101e-01 -1.463068832405288455e-01 -2.681366627811613279e-01 1.036386212264387152e-01 5.459666280414248174e-01 2.605027740928875235e-01 -1.420697306216421596e-01 4.062667615543690269e-01 -1.947349715343713039e-01 7.001588995710223036e-03 -1.577892586475678482e-01 -1.425340444492098346e-01 -1.639885830285207902e-01 -1.183890023800822366e-01 5.215121386370888956e-01 -4.432141663309822621e-01 9.788158794738344159e-01 5.224536447016185914e-01 4.123666781693366978e-01 4.698757999907955951e-01 -1.535712176600516898e-01
-1.650187622404578058e-01 -1.727707613434759648e-01 -1.328561287366771537e-01 -2.458161562030127811e-01 1.000000000000000000e+00 4.055561855241717195e-01 -6.483145113851143670e-02 2.698959762764936432e-01 -5.224622173073217857e-02 4.856563231983608842e-01 -2.003143300363556811e-01 -2.769004504065305516e-01 5.256054813770937306e-01 -1.248414995955706430e-01 4.696321803651345439e-01 -1.624724220759955762e-01 -2.698536133652766345e-01 4.468644823274353639e-01 -1.869779461929557962e-01 -8.832709018037276927e-02 -5.575816179909665049e-02 -2.170728909153304964e-02 -1.673375224862624078e-01 -3.138912272966389722e-02 -1.327039027209689359e-01 -1.654542111081097958e-02 7.476934263346864118e-02 3.829665657336655538e-01 -1.403892833264387408e-01 -2.888485196682070155e-01 -2.268649353846007022e-01 6.112173527643094406e-02 -1.530178738870928978e-01 -1.596349739709515825e-01 -8.560136759426774378e-02 -2.770495190359249515e-01 -1.442829853209745029e-02 -6.037339918510746528e-02 2.297629961358234607e-01 -1.821620737386212552e-01 -5.051959726955414232e-02 -2.707706975301222285e-01 -1.473362416777920236e-01 2.588026665549994498e-01 -1.385258003961372941e-01 -4.563484840844808307e-03 -3.021459088558960948e-01 3.025499681139936503e-01 -7.010494648614080948e-02 -2.178809157039541533e-01 2.718874464456270679e-01 -1.103453873908129268e-01 -1.133728714484925487e-01 1.274776290977199245e-01 -4.789246276038870015e-02 -2.684534867567510696e-01 -1.204124216753624105e-01 -1.340506005442829440e-01 -1.326099089851785484e-01 -2.347022351979169419e-01 -3.127704000305505661e-01 4.483594223498227338e-01 3.966417859605345098e-02 4.975195574197445632e-03 -1.146295564330076233e-01 -1.093546077006408435e-01 -1.904526242487180887e-01 -4.330861932519815272e-02 -2.660177355957856205e-01 4.646987175589554764e-01 -1.327846555219696079e-01 3.873973567859339551e-01 1.385231047442900820e-01 -2.237744022360140250e-01 -1.309426169953948615e-01 3.130426678041941524e-01 -1.327559733433552880e-01 2.179539449489645564e-01 5.361790266304959918e-01 -2.801160355207637509e-01 -1.137353329850649547e-01 4.347263783699656381e-01 2.554524556233003230e-01 4.141606396445786376e-02 -2.788047448438650822e-01 -1.592393681333189870e-01 -1.149345230981216881e-01 1.463728680396198523e-01 -1.404553298689130425e-01 5.681790249258518166e-01 2.785238375990467530e-01 1.040992945593937347e-01 2.320382936066333335e-01 -2.630595705218704422e-02 -1.885662789222127822e-01 -1.212443778544093353e-01 -6.524994571542044874e-02 -1.917508891338024768e-01 -1.047463771513107711e-01 -1.331073655922840604e-01 -4.462853090120029453e-02 -1.569748833500981267e-01 -1.522786989167924099e-01 -1.414900001715263811e-01 5.033925024516771041e-01 8.246267007838337104e-02 1.439631125501242281e-01 -2.371546167691101770e-01 3.441872977443575787e-01 2.218193171417516818e-01 -2.143011095079375983e-01 -1.974679558078600849e-01 -1.863696587859539344e-01 -1.570946698258925966e-01 2.945651945491509771e-01 1.168686064867610064e-01 5.127590821336817928e-02 2.915466191343715208e-01 2.665662170747450932e-01 -1.235867617771878590e-01 2.561567590643371028e-01 1.205692918675676795e-01 -1.397992452254190332e-01 -1.441832021148318488e-01 -4.619265566709573195e-02 1.071774471367229753e-01 -1.241651597796902262e-01 -2.091264994532420762e-01 -6.658803305072411027e-02 -6.251960903335347652e-02 -1.368164889815537133e-01 1.093538917526405696e-01 -1.782594027628919553e-01 5.504562065806037907e-01 -2.469592340934398944e-01 -1.232075348403782744e-01 -2.086152584362907236e-01 -2.156807895858063318e-01 5.049891377244541957e-02
1.411883787736435344e-02 3.456343828634722559e-02 -3.103709316022956743e-01 -3.838965122747853842e-01 4.055561855241717195e-01 1.000000000000000000e+00 3.765375793102363478e-01 8.880121085486660792e-01 -2.218737278578501171e-01 5.642749122403556417e-01 -4.051416707848569665e-01 -3.965525847507695434e-01 9.256938283466518147e-01 -3.923512149614840072e-01 1.097596651871310253e-01 -9.250738010209902384e-02 -3.721000626772772435e-01 6.635950565962461800e-01 1.984313719547868560e-01 -2.234868556979123788e-01 -3.126439758373301125e-01 -2.490963839498726295e-01 -2.243751960372372678e-01 1.856970298188160839e-01 -3.099859213477590414e-01 3.952183341574618258e-01 7.084671813968317355e-01 8.705094692218479091e-01 -3.864632253825395214e-01 -3.644547131549130126e-01 -4.247535496107001651e-01 7.624984654480642110e-01 -3.337466414840344897e-01 -4.252253387355830472e-01 -2.168840028121498884e-02 -2.820957298178067285e-01 -3.198787494025576716e-01 -3.244780960348040422e-01 8.357417925859499386e-01 7.458752894730516503e-02 -3.258881650390691442e-01 -2.609604414850313914e-01 -3.276509404966307382e-01 4.954503029675010883e-01 5.790152185275625196e-02 -8.302263269471535367e-02 -2.065516241894388705e-01 7.078841033564604590e-01 -2.807513778478666344e-01 -3.762273456921126913e-01 8.478936148048477062e-01 -2.689994241542528197e-01 -3.696052608667472761e-01 7.712746289983545278e-01 -2.832880361967399230e-01 -3.592730981907873988e-01 -3.812569274234989258e-01 3.056430704109289187e-02 -4.038645778835314171e-01 -4.482763194769144866e-01 -1.466735672834157921e-02 9.371086842996015909e-01 -1.742781681224244705e-01 4.690526790610177743e-01 -3.727172228704883072e-01 2.972375825958419315e-01 1.777196902325532124e-01 -3.164089827823164947e-01 -2.825331726814260813e-01 5.862672645452626785e-01 -3.101252109307341964e-01 7.466478629474716522e-01 3.687722482533202784e-01 -4.108951911058469908e-02 -3.892913313421839105e-01 8.819255984603460163e-01 -3.100747377017648576e-01 8.148000967400331751e-01 6.368305299975245415e-01 -4.047219676976170771e-02 -3.704835788624345483e-01 9.737393816208124164e-01 8.546655682912884799e-01 3.408147880011791475e-01 -4.194297486338848246e-01 -4.047236910210081362e-01 -3.717830181211349561e-01 -1.095302903909775444e-01 -3.283942302848788519e-01 6.170091701884642399e-01 8.488686912605463153e-01 5.400969824739108166e-02 5.980727996008794456e-01 -2.718605597194160839e-01 -4.271871623009686481e-01 -3.865609625794036996e-01 3.796304126018925501e-02 -2.677731992964683672e-01 5.159501330609619213e-02 -3.104875397812624227e-01 2.529594216870255652e-01 -2.601561624070513126e-02 7.604293084240595912e-02 -1.168913895191157765e-01 4.856423440435068128e-01 -7.371537832297028747e-02 7.827472075491037629e-01 -4.255599369762699813e-01 6.257510173589075908e-01 6.259451630205126182e-01 -1.114144923180983293e-01 -1.898527631181672060e-01 -3.728255009981272794e-01 7.733016400800733769e-02 4.860445770027168599e-01 2.838032750988628283e-01 -5.281739953178397895e-02 9.327866134318009150e-01 7.561899348657082909e-01 -3.883064910575154682e-01 9.314147737187067344e-01 1.985950807210324354e-01 -3.211453865482462589e-01 -2.427980087414617905e-01 -2.642568319257632692e-01 2.750594162971645718e-01 -3.890765658023974671e-01 -4.788398559745293825e-01 -3.551661081430224631e-01 -3.144779886481464670e-01 -4.044736914827688490e-01 -2.501831158621842799e-01 -3.997556545315995025e-01 7.905086616816158207e-01 -3.608568815226051441e-01 1.726646446442489380e-01 -3.224230193575357006e-01 -2.075237650612565543e-01 -2.179739288398153396e-01
-7.344623597735941423e-02 5.487856616424009459e-01 -2.114745556417993166e-01 -3.437946072026119015e-01 -6.483145113851143670e-02 3.765375793102363478e-01 1.000000000000000000e+00 3.232434933909315022e-01 -7.199222748680951522e-02 1.671316737486343018e-01 -6.191389983135390379e-02 -2.610955468227648124e-01 4.501573362011588308e-01 -2.354613879157136935e-01 3.096580199373927256e-01 -2.439878113220956823e-01 -2.784470321006214943e-01 4.651264440698427149e-01 5.209396235182310597e-02 -1.237850791277412231e-02 2.949954083419653039e-01 2.676497539752145660e-01 -3.711619568218819110e-01 -4.577903174957699550e-02 -2.113184172638368774e-01 3.207497231573426810e-01 3.107348619969356185e-01 2.926331561389642344e-01 -2.791461280678840806e-01 -2.899165364983627979e-01 -2.398712441360223158e-01 5.034822800733066428e-01 7.561299084100539525e-03 -2.615871842156977656e-01 4.390522371472152519e-01 -2.015953662252675110e-02 3.001143040302036158e-01 2.964486801133330851e-01 4.434049343717703096e-01 6.376504549964439050e-01 2.972964341279252798e-01 -5.315152085544120331e-01 -2.340998651385072515e-01 7.811920053748697135e-02 -7.038020817503672089e-02 5.007459375812036706e-01 -3.139677510246727810e-01 2.178088282635584905e-01 2.984723205071040941e-01 -3.552566027101210500e-01 2.699015147874597731e-01 1.752890010702252976e-01 -2.534899261129203718e-01 4.752042006797337903e-01 3.570962891022128050e-01 -4.476174569080885179e-01 -2.501261413407160905e-01 -1.431761727142673857e-01 -2.385794027686460039e-01 -2.897757796825717880e-01 6.290150977896659390e-02 3.471286115898454261e-01 2.168828097479228167e-01 3.727652224117597446e-01 -2.533959668022456313e-01 -8.209538542420177776e-02 1.877531343079338610e-01 3.946254667128756832e-02 -4.121220537386663385e-01 1.824029876206384182e-01 -2.113216713433311023e-01 1.800487184079770930e-01 -9.531787357744554712e-02 5.738167501589385155e-01 -1.626812687587161632e-01 3.341004289045982345e-01 -2.112777355057099127e-01 3.207661054059210426e-01 2.017990120201633708e-01 -7.223544378546302436e-02 -2.531895951596440097e-01 3.698455371809823977e-01 3.470120864392959859e-01 1.302146040562358054e-01 -3.765489003424064562e-01 -5.943214841338587823e-02 -2.559528638691976332e-01 2.078408084325150951e-01 -2.363588003369935520e-01 2.480373247167229900e-01 3.003300190612666065e-01 1.346575039945879515e-01 3.344395585176670460e-01 3.051754348182194043e-01 -1.399601670910989859e-01 -2.422481870270172255e-01 1.945818660196199645e-01 -4.196350859154476254e-01 -2.525802904623299927e-01 -2.116623412423908612e-01 -9.759559676259807470e-02 -1.377473573916662697e-02 -9.815507890883914954e-02 2.662871093863666827e-01 2.241410493143037308e-01 -3.009160279672942195e-01 3.701212141730474969e-01 -1.031230191443353039e-01 1.430582196930800798e-01 7.083632212606680301e-02 -2.694777674836870140e-01 -4.073480300088484496e-01 -3.082960971258965621e-01 -1.170942171033997337e-01 4.668975521813887863e-01 -1.564022683902293598e-01 -2.817614308424808978e-01 3.828886154336326730e-01 1.364357046186113476e-01 -2.047637668973294467e-01 3.640123471414072331e-01 -1.127814657492101913e-01 -2.325633916245796740e-01 -3.415640116488700695e-01 3.534577988746995802e-01 6.393039646887600444e-03 -2.295989368373069772e-01 -3.489155755882791254e-01 3.298940384209954058e-01 3.035682282710612245e-01 -1.548740512091565102e-01 2.880535198677198205e-01 -2.717859196252582210e-01 3.068901835327602079e-01 -3.261756457616970528e-01 -8.095067163872816940e-02 -4.756254823701566714e-01 -4.004052842109636634e-01 3.599077933448436850e-01
-1.016487818158434003e-01 -1.864130089025045345e-01 -2.967228047924573842e-01 -2.269336069057345251e-01 2.698959762764936432e-01 8.880121085486660792e-01 3.232434933909315022e-01 1.000000000000000000e+00 9.945014447396465646e-03 5.938775571844236989e-01 -2.860121307922458000e-01 -8.751304068724917451e-02 7.393705426881893583e-01 -3.797566352474085472e-01 -5.799480179841935701e-02 -1.934834937750104233e-01 -1.968735561568505932e-01 3.534401579111869918e-01 3.513681249809594981e-02 5.023165912364406689e-03 -3.604565891628377372e-01 -2.831073947678229841e-01 -2.505359401412556863e-01 4.103103088250330543e-01 -2.964139781011180808e-01 2.935868653691361962e-01 9.260814725675677872e-01 9.456556980910756360e-01 -3.932294705055118245e-01 -3.559443135490640286e-01 -4.028252133937841317e-01 9.041243859508497627e-01 -3.156196213036208120e-01 -4.039617502372939706e-01 -2.528325796260645908e-01 -2.708305687794521632e-01 -3.713119837173439741e-01 -3.813786045681913928e-01 9.715116389598732471e-01 2.600287958220508927e-02 -3.681726042651476405e-01 -1.194760965168391309e-01 -3.116062371946460297e-01 7.056307858050602233e-01 -1.070782009461072881e-01 -2.349698971379242107e-01 -3.277805948778469286e-02 8.677906186455448534e-01 -4.197201847024593091e-01 -2.391192955371831130e-01 9.770409705128496602e-01 -3.864492317514882647e-01 -3.610118354004172025e-01 8.515487409174549160e-01 -3.565661899329106710e-01 -2.995266274809630369e-01 -3.717567934230241455e-01 1.650946454117580287e-01 -4.033556294835863865e-01 -3.625715477907441864e-01 2.547700356581449332e-01 7.704837427945901984e-01 -1.945273853124555030e-01 3.447128172897541143e-01 -3.641634275665125431e-01 5.506482926505442688e-01 5.139852352919471734e-01 -2.078625220552144381e-01 -2.681894932630166650e-01 4.562861827079690014e-01 -2.965702624849690383e-01 8.638993422289965585e-01 3.860263155600583418e-01 -2.089333361898505770e-01 -3.674735194462080967e-01 9.777427262717124368e-01 -2.964940937492508977e-01 9.768781242134861875e-01 4.558050230465647279e-01 2.754498350235637383e-01 -3.617858757677437920e-01 8.578121196354929756e-01 9.934599797272835042e-01 1.948845777390934009e-01 -2.386775151864228006e-01 -3.372610734924163522e-01 -3.635848395238576169e-01 -1.308935652879274492e-01 -3.104656245172191520e-01 2.665290996661370260e-01 9.871238702528730702e-01 -1.209298346164347782e-01 3.159721180013351782e-01 -3.100615594935766106e-01 -4.090112777615640960e-01 -3.752097792491128070e-01 7.014404829235558470e-02 -2.980901891768535927e-01 2.986970451407061633e-02 -2.969068805529628818e-01 4.242204522072555162e-01 2.648864950120365935e-01 -6.548079938225495611e-02 -3.661062424923737790e-01 2.430858241509060158e-01 -5.331147880558846641e-02 9.197064461144949243e-01 -3.838054643902789054e-01 8.080269248263247661e-01 3.653294536539283266e-01 -1.839581876838289332e-01 -2.299456541074309524e-01 -3.149665303600170940e-01 -5.436466242969587720e-02 3.849633592727284559e-01 4.341555625589193501e-01 -5.771162780509123819e-02 9.524663198858540625e-01 5.386106902882155101e-01 -3.602569650147889879e-01 9.800909953130405583e-01 1.796725697953747147e-01 -3.106764173094843651e-01 -3.040689786531850514e-01 -3.451245994657614613e-01 5.672442989983890183e-01 -3.762101588081301351e-01 -3.999659552392655915e-01 -4.190212463686812105e-01 -3.994885620574640805e-01 -3.781849094561965385e-01 -3.259629754077937314e-01 -4.013963037319519533e-01 4.909669562839653056e-01 -1.830524506071705138e-01 4.312590890910256158e-01 -2.397275350531515303e-01 6.031291775456204540e-02 -3.572853854800729367e-01
-2.008689703566898521e-01 -3.669223571711607290e-01 -2.388664358815345279e-01 1.277891015274634223e-01 -5.224622173073217857e-02 -2.218737278578501171e-01 -7.199222748680951522e-02 9.945014447396465646e-03 1.000000000000000000e+00 1.729599192390418247e-02 5.250380279625501689e-01 6.615280709073274590e-01 -2.651724466083779097e-01 2.231949962239531682e-01 -2.144237166158845243e-01 -2.260138320572186443e-01 1.464066364779899876e-01 -4.166657925977877430e-01 -3.447390938033522700e-01 9.539504517230987801e-01 -1.255094637271361446e-01 6.079269922315538865e-02 -2.456735630706448695e-02 2.206363806768828206e-01 -2.390131039651026135e-01 1.005950503915022248e-01 1.774070166342095745e-01 -3.439549117288649704e-02 1.532963804130691998e-01 -2.020504646256631176e-01 -1.307977307037639647e-01 1.122063704818080654e-01 2.550455464292002983e-01 -1.898104361143799212e-01 -2.390600260710825098e-01 2.115660283127525909e-01 -1.267328502158392434e-01 -1.294515483609161577e-01 9.357110041402695588e-02 -3.730305112268843953e-02 -1.271682264737130919e-01 1.070039447698552249e-01 -2.276975371369057977e-01 1.182196020942958281e-01 -2.842160759457271757e-01 -3.623999410437375723e-01 -1.436326238432310554e-01 1.043128422443343889e-01 -1.986982870871936424e-01 1.232437315696047059e-01 7.814274469640966614e-02 -1.467753163911206804e-01 1.850210217250930211e-01 7.726458395484207820e-02 -1.095090802649689998e-01 2.429928825284468075e-01 1.984575291286347354e-01 8.400665860508016447e-02 1.597737981717116396e-01 4.010242650731010161e-01 4.732079792898652437e-01 -2.358919846484107963e-01 2.218964100216714586e-01 -1.425049385361136164e-02 1.834786987676894909e-01 1.013143924635423881e-01 6.432465874653997551e-01 -9.028753849571720391e-02 1.449149405492997922e-01 -5.532371384801167830e-02 -2.390292100011045806e-01 4.335771793439320565e-02 9.792719672662157648e-02 -2.029964025916942416e-01 3.007129516601591002e-01 -3.359585684343370602e-03 -2.389436269903566501e-01 3.151597226509862681e-02 -9.204162409507155029e-02 3.698169023484282336e-01 1.866256734865147648e-01 -1.703822942654452111e-01 3.907725894396577027e-02 -3.293445417067766834e-01 1.728570405943285204e-01 4.065442835980100367e-01 1.840085650194722700e-01 2.702209347612811730e-01 -2.574888055657647556e-01 -2.784926159893611475e-01 5.413015147906334590e-02 -2.911246175811055270e-02 -3.684484580620603356e-01 -2.006971493736394579e-02 -1.663314617016194430e-01 2.161217816808380099e-01 4.041623591274007277e-02 2.906320860394231986e-02 -8.210429335462210432e-02 -2.389459374939822411e-01 -1.367052226752626110e-01 5.337107673172613032e-01 -2.527524791525888603e-01 -3.232560135709015570e-01 -6.852445450469338284e-02 -2.557663911058503659e-01 1.677393986083636490e-01 3.205138297037454786e-01 1.765656897462255237e-01 -4.904552925764435467e-01 -4.229268203607183807e-01 -4.506552375929725324e-02 -1.472960378128847503e-01 -2.606687624306335826e-01 -1.487864667228352700e-01 -8.977775960082326479e-02 -2.364491147022571016e-01 -1.048323695840703562e-01 -4.440927842955803007e-01 2.851510890529901365e-01 -5.811726706522184205e-02 -3.425412373203820526e-01 -2.427885501610391739e-01 -3.429935324769722849e-01 -6.419717510496311674e-02 3.922329402795540765e-01 2.264143154405703073e-01 4.079815570899730237e-01 -9.670087303201040096e-02 -1.375757848400023242e-01 3.166660145258365922e-01 -1.642885523040179818e-01 -2.591775024879415246e-01 -3.138294299124653186e-01 1.869394026964904254e-01 3.015222976509181474e-01 2.049724216851841335e-02 4.130651817811809567e-01 -3.004901936921248184e-01
2.491854329402466983e-01 -1.613485722380237353e-01 -2.637991267675801055e-01 -1.133208798473637618e-01 4.856563231983608842e-01 5.642749122403556417e-01 1.671316737486343018e-01 5.938775571844236989e-01 1.729599192390418247e-02 1.000000000000000000e+00 -1.222368461936374356e-01 -2.776349941107468869e-02 4.872633250812821726e-01 -2.660502919087068818e-01 2.624194388240608244e-01 8.070138302924172863e-03 -5.649651641597024099e-02 2.119215003320659430e-01 7.042152156396774831e-02 -4.229699750445096995e-02 -1.848060317333125313e-01 -1.243639853988957877e-01 -4.289596390083222355e-01 4.175784900693390034e-01 -2.636639746946496388e-01 2.823096528192188814e-01 5.944628944203766974e-01 7.861792821995650105e-01 -2.993076952173659433e-01 -3.703350904621610651e-01 -2.791848911195933813e-01 5.338266418519117540e-01 -8.869387656180191537e-02 -2.929664052543105579e-01 -1.132687102122581224e-01 1.751611404848996134e-01 -1.921878574136367257e-01 -1.771452364740860042e-01 5.942540175831213523e-01 -1.140164205656896829e-01 -1.922319193512924962e-01 -3.875729107409065510e-01 -2.867638121216927738e-01 6.240489671371461933e-01 1.761675091679269500e-01 1.170706224886655378e-01 -2.817191624278331252e-01 4.828214953053617253e-01 -1.014361824559637526e-01 -7.273668044731622373e-02 4.904791347477289176e-01 -1.755771912983367100e-02 -2.807429244697018933e-01 3.253499771774367444e-01 -1.034106084331668923e-01 -3.392506568722630789e-01 -2.811152703705301348e-01 1.558487778988461581e-01 -3.235177465926102891e-01 -1.096215173160320216e-01 2.663456085459726674e-01 4.095180484857390835e-01 -6.227956104876679333e-02 2.638170759147568378e-01 -2.835268431979924841e-01 3.943969404070170048e-01 3.626259374329519058e-01 -8.852058782875704690e-02 -3.598425130687948337e-01 8.131160177843261838e-01 -2.637262534420327098e-01 6.237253269034577219e-01 -1.398660345389828030e-01 -1.412917267096647830e-03 -2.082788199489452041e-01 6.949890841450788725e-01 -2.636383392986662022e-01 5.554782945042939790e-01 3.509028054045006395e-01 1.735267564947597929e-01 -2.804967925912141835e-01 4.905396785307362673e-01 5.809608377826981362e-01 -3.244089912591487379e-01 -9.096310733227644385e-02 -1.161742769832541100e-01 -2.836095088170539902e-01 6.516094051392947242e-03 -2.566634597689859687e-01 2.847595254745231563e-01 6.047087567994029467e-01 1.261065562997659983e-01 2.246874325775917725e-01 -1.459687852276334019e-01 -2.781938861488729153e-01 -2.622566068448812238e-01 1.042160484775132012e-01 -4.428865830523887048e-01 -3.664217856065612455e-01 -2.641652358829719160e-01 1.623272548293479001e-01 1.590044363426451057e-01 2.084179395810730751e-01 -9.610661543123708017e-02 1.675689278537678684e-01 -2.235827408423782248e-01 4.156021141234219618e-01 -1.699629895357618603e-01 5.330116519816676668e-01 2.653373032438507417e-01 -4.361413440915121176e-01 -4.267997263548324871e-01 -3.127025195743265984e-01 1.877769409535689493e-01 6.119497985005760698e-01 5.287393015572343369e-02 -2.222495113556196000e-01 5.982830322853294192e-01 4.208387568255630429e-01 -1.974310454402936899e-01 5.850712677103842019e-01 2.002944359805258756e-01 -2.908840583039911110e-01 -4.738968203163335668e-01 -1.208384513979515046e-01 4.564089822996095225e-01 -2.657030604247258010e-01 -2.384261535231045614e-01 -2.031652652699263428e-01 -1.539815285767717479e-01 -2.046229825807427127e-01 -1.380768882667988140e-01 -3.747520852727861951e-01 2.457866671525831548e-01 -3.679289592046396107e-02 1.531520027492982439e-01 -3.809197770350986612e-01 1.242877934058517729e-02 -1.594907816245970111e-01
-1.353197270107903694e-01 -2.235243571711992838e-01 -1.790811631695305717e-01 4.975856659763667339e-02 -2.003143300363556811e-01 -4.051416707848569665e-01 -6.191389983135390379e-02 -2.860121307922458000e-01 5.250380279625501689e-01 -1.222368461936374356e-01 1.000000000000000000e+00 6.633877042603509855e-01 -4.687645922291258094e-01 4.541823503052116462e-01 -2.991910894227844397e-01 -5.441476592449610156e-02 6.786620617235905768e-03 -5.047582644011744391e-01 -1.594935845886805426e-01 5.789107114408545973e-01 -1.297908203571696562e-01 -1.602036409099853453e-01 2.043309005947981372e-01 2.278704977401691534e-01 -1.793680280268449279e-01 -2.635548377038315904e-01 -1.186093327198405600e-01 -2.595330175706446196e-01 3.680295480124031182e-01 1.723625738463860912e-01 1.632646667636085402e-01 -1.347231106365155973e-01 8.415897144259230078e-01 -6.542950895619467633e-02 -2.506442928562028771e-01 4.147149260496141854e-01 -1.713947986674059787e-01 -1.269882693447156041e-01 -2.203575969944819302e-01 -2.694247712513897497e-01 -1.365080406871530261e-01 -4.048305077105571886e-02 -1.741364756139795189e-01 -2.792633226611800426e-02 -1.674127484207645344e-01 -2.563252023114671596e-01 -1.929312044260240167e-01 -2.383426259670530789e-01 -1.383392192959058131e-01 9.289984461174423391e-02 -2.488614593313339396e-01 -1.073798454360860716e-01 3.755068346211843378e-01 -2.615410707029652282e-01 -1.341874893393369961e-01 4.224346710614909073e-01 4.011063128939504341e-01 -1.370445300535208799e-01 3.674306838247414775e-01 6.898793456141181224e-01 5.325464370684701576e-01 -5.362966793405551380e-01 -1.713179693303894524e-01 -2.845869283651266679e-01 3.755225201343935781e-01 -5.590094532693568041e-02 3.557028911800224069e-01 -3.382647896443537194e-02 3.492928665118346654e-01 -3.033120088071142306e-01 -1.792333965263507023e-01 -1.638541606853846921e-01 -3.246428065930408863e-02 -2.615472948134961451e-01 6.072882995071245960e-01 -2.546451663260184684e-01 -1.792519074024126469e-01 -2.718571738680771732e-01 -5.263105186364349652e-01 5.438682691176673772e-02 3.785873692955496472e-01 -4.370967375025872625e-01 -2.498263510840048607e-01 -2.679124761914449815e-01 7.800312876043329069e-02 9.309747371076987354e-01 3.769017465757915630e-01 -1.825356722182412406e-01 -1.941129500579564238e-01 -4.274742524803061272e-01 -2.552388442786913680e-01 -3.705607318897993219e-01 -1.939227950023462710e-01 -1.517693469896941039e-01 1.170867707660276091e-01 4.300859173673935443e-01 5.401314857474308617e-01 1.746233880197797517e-01 8.026722398923188950e-02 -1.791851584983638890e-01 -2.788733034772019614e-01 4.578562673300461405e-01 -1.541172497074657088e-01 -1.916965295024150306e-01 -3.252825703949525638e-01 -3.234039925373776714e-01 -2.400338692617472458e-01 8.402073770857988455e-01 -9.333806127697649724e-02 -4.879802087142049993e-01 -3.027060164880939208e-01 1.020124164215736318e-01 -1.692684564744643960e-01 -1.648705291637072023e-01 -4.001415776544171021e-01 -3.023812447040791218e-01 -2.954162271470046064e-01 -4.061495557715066873e-01 -4.156894818338519038e-01 5.176123160617768226e-01 -3.181627257804902076e-01 -2.527807988426707952e-01 -1.812518883545262416e-01 -2.084170066873850258e-01 -1.611764327928108531e-01 -5.764040706689893545e-02 4.590856131245892868e-01 6.402427281774298873e-01 -1.078130832904887065e-01 -1.276414946760236480e-01 6.535202607707693012e-01 -2.224049896451182062e-01 -9.651661865791560935e-02 -4.683007097699348753e-01 9.991272877943420394e-02 -1.365473569463407644e-01 -7.228201032127673509e-02 8.165073778864323506e-02 -2.295440772244812244e-01
