1.000000000000000000e+00 2.675262590035706323e-01 1.913365276521622124e-02 2.280302425935453736e-01 -3.146289584263732841e-01 -3.095163342195276779e-01 1.338450706276575475e-01 -2.438263113248923253e-01 1.719875144057803062e-01 3.693503242979658818e-01 8.264542658725498869e-02 6.833576402135625727e-02 -2.025207546946676263e-01 1.697637502394893638e-01 9.586961628028928262e-02 2.581882644831018925e-01 4.497819837465023562e-01 -2.897830292996212420e-01 4.058252755592711702e-01 -1.595748953602392495e-03 3.199497285769841159e-01 2.840847723906862465e-01 -5.077637240144819986e-01 4.199182625952272430e-01 -7.516565395890997814e-02 6.065861030817830679e-01 1.851775752380083739e-01 7.353081298534633325e-02 1.623618736004146523e-01 -1.272370776524583968e-01 1.501810492578057321e-01 3.116289588773770713e-01 9.826866570291722947e-02 9.074852926035278933e-02 3.892040614720753133e-01 2.956581527980888247e-01 8.566554254249204858e-02 3.088745974024235119e-01 1.801203825340489534e-02 3.515542030530990902e-01 3.369559651134327316e-01 -2.508499440906685751e-01 5.038284064028068776e-02 -1.215363654792499803e-01 7.052844372813232843e-01 3.558847335021614877e-01 6.262116834822641087e-02 -5.109298172273720740e-01 7.677553445743681149e-01 5.547660074148024201e-01 -6.076331533356323922e-01 2.231293481955553548e-01 1.856385630123237318e-01 -8.683646641686658396e-02 6.639736894938043088e-01 1.130843766729454358e-01 7.924793111589355232e-02 3.902608916396723138e-01 2.829911890230960708e-02 3.414576515606649321e-01 5.670882396069478748e-01 -3.172543861771494611e-01 2.441551023729188752e-01 3.659572009904941137e-01 8.429208092883302972e-02 3.155859492075320238e-01 4.588275535677635020e-01 -1.850963629544925913e-03 -1.311231316405509773e-01 3.904661398025477403e-01 -5.924253794638568993e-02 -3.099728199719503641e-01 -7.262376706853813646e-01 6.452962066558377563e-01 1.136339119097797556e-01 -1.251401341097671451e-03 -4.837693340283043264e-02 -1.639667516974899764e-01 -4.881498357126447946e-02 4.962798620695073604e-01 -6.612561215406927151e-02 -3.873663422968584014e-01 -3.460878262112311310e-01 -4.833625820556434749e-01 5.341970548609381586e-01 1.764490266174514876e-01 -3.194843228683224429e-02 2.858249456730603266e-01 -5.060958056723028481e-02 -1.783907318373615936e-01 -2.235361950550298626e-01 4.465866426006714351e-01 -1.081693154778181308e-02 1.580214458612985706e-01 5.188801983817224045e-02 2.123625658886072465e-01 -1.481894504043599625e-01 -2.184591853514724069e-01 -5.894749688298209778e-01 -8.518307029675493969e-02 -2.614417512395856777e-02 -1.177379265690253474e-01 8.332293696377396364e-01 5.961684053083684542e-01 -2.866167291157294406e-01 -3.538945772475945994e-01 -1.051346238833521241e-01 1.724998461893911261e-01 -3.032145157139450875e-01 3.628505071970932611e-02 -8.397160094372355110e-02 -3.425428696060799916e-01 1.406774054400114216e-01 7.318650142723228669e-01 5.410182613941535434e-01 -3.752815431464255336e-01 -3.785062782702730000e-01 -1.445477256753507633e-01 7.742920595990776533e-02 2.285302934368968197e-01 -4.716287828856180475e-02 -8.489316508203378908e-02 -1.929497950829171249e-01 -4.042524657240911812e-01 6.112165889077856296e-01 1.259307127128846959e-01 9.120093449738239655e-02 2.638786189473011912e-01 5.376966660843633949e-01 3.447842154671584280e-01 8.003641534106401001e-02 -7.572274564536393910e-04 -2.189292524128129414e-01 -4.308393844515404081e-01 3.392346968123539641e-01 2.364263440923843052e-01 -1.166065980955817982e-01 4.237721776267688867e-01 1.125373225669554778e-01
2.675262590035706323e-01 1.000000000000000000e+00 1.760805558044107877e-01 2.808388756615173287e-01 1.859656199465831855e-02 3.031001810556421261e-01 5.455703640567660662e-01 -3.221096804046338913e-01 -2.760296963947678761e-01 -4.039213617162920045e-01 -9.973116374094145864e-02 -4.281899124005812962e-01 5.180260924106588893e-01 -1.135671248902225400e-01 -5.043296450983022344e-02 -3.885066934769269009e-01 1.674101466784624626e-01 4.962152444507333948e-01 5.260652387987792000e-01 -1.972602263283307622e-01 4.875036857672031543e-01 1.881722602462486960e-01 -7.132532669251264237e-03 -1.193517720393015846e-01 1.361602173976806662e-01 5.676848654224537771e-01 -4.132682037685903031e-01 -4.428147744200001124e-01 6.234136037076411924e-02 3.672760494976807788e-01 3.572915797640222046e-01 1.092744698440074325e-01 8.208959455320405385e-02 1.069744934067418073e-05 6.319261830751261577e-01 -7.690952064534492365e-03 5.399308906633930594e-01 2.439911791806304575e-01 -9.925909804512914048e-02 5.571246070701307840e-01 4.441488119753121966e-01 -6.538529083722853519e-02 4.262634907623781833e-01 -3.547083630067050519e-01 2.789513156290647222e-01 4.793781187866102966e-01 9.915471862716013218e-02 -5.059985933021522442e-01 3.858574267357677279e-01 1.283479649645305198e-01 -3.636542211308028127e-01 8.880078693282396352e-02 -1.991496238466321927e-02 3.277873850868908562e-02 1.772901391980147290e-01 -2.693014306359351462e-01 -3.113995098920274707e-02 3.572470900126134552e-01 2.376595609150082278e-01 -2.474369198782719881e-01 -1.506404028363481917e-01 2.354716610122606357e-01 9.893645830306646571e-02 6.619719058123318955e-01 1.138039616249608005e-01 -1.480008931333517130e-01 -1.942565548369164508e-01 -1.118876962416629206e-01 -2.897455481921745041e-02 -3.294720854214350791e-01 8.505410763457918466e-02 -4.005827706152121914e-01 -1.050146951486225222e-01 6.557916036890055755e-01 -1.295876987514045786e-01 -2.387477922744876691e-01 2.461613776553777666e-01 -3.473918403580239511e-01 1.098697079696466516e-01 4.236978482251672895e-02 -1.140811218899346197e-01 2.287423970526179795e-01 -2.990955476386899514e-01 4.455133154840722476e-01 -2.500196195750596373e-01 -6.530391829360582268e-02 -5.370503539377132624e-02 -1.083853333349778653e-01 6.730655096035657869e-02 2.705185976068551490e-01 -4.061129386338049874e-01 2.272195584811628477e-01 7.506307042675858243e-02 3.008818060678392081e-01 1.930392413773860394e-01 -1.318159459444582238e-01 1.844904550285188516e-01 4.266835025140581356e-02 -2.133201612856924778e-01 1.865506774373875964e-01 -4.396565324014513054e-01 -3.710454510529999639e-01 1.781960215138691794e-01 6.129971207495419350e-01 2.228649292787828196e-01 -2.330768870843546448e-01 -1.061548797559012103e-01 2.247121907482473591e-01 -5.869986644633736761e-01 2.900124604515016413e-01 4.917025649864216474e-03 -1.078135299631531457e-01 4.950308975228663588e-02 1.343823431053284001e-01 5.457329801340147363e-02 -3.762788497100373331e-01 -2.519040911295636342e-01 9.100399370565531720e-02 -6.547254277221199736e-03 -2.450618144456525316e-01 1.306953100174809423e-01 -5.022669649000728320e-01 1.880392775474083733e-01 3.149358064135704405e-01 4.064193673955992514e-01 -5.331245259596366637e-01 -1.719549530672150328e-01 -1.245764208135426987e-01 3.080644000649797043e-01 2.864626650772247873e-01 -2.535489958394532501e-04 4.639597345800511308e-01 3.209159491625940830e-01 4.428569083946360396e-01 2.427816164024788718e-03 -3.089704539927389318e-02 -2.602110455178758830e-01 -3.791304980650758161e-01 6.868507551566024327e-01
1.913365276521622124e-02 1.760805558044107877e-01 1.000000000000000000e+00 5.177656992242097855e-01 -1.508690476696890048e-01 -2.635966890180741484e-01 7.551947741564550565e-02 -1.643051058342662185e-01 -3.659232265550953489e-01 5.867431310539346356e-02 -2.912420647048710176e-01 2.899537627374612105e-03 -1.723299723945603268e-01 7.699557036147511302e-02 -4.015872767511529523e-02 -2.232073232379485073e-01 4.635018868696952343e-01 -9.699423831022661868e-02 -1.433350076462731049e-01 -4.300939718215170404e-01 7.462375012740056490e-02 -2.160593110781658943e-01 -6.659032217569524348e-02 3.300268515062142471e-01 9.674676709531583318e-01 -1.118329486205662804e-01 -1.757917601928711826e-01 3.875325681847600207e-02 8.049228469132226060e-02 4.809791206699591259e-01 6.317070562137938605e-01 -1.042805518676844512e-01 -5.324914404350378216e-02 1.390666861110883279e-01 -1.358978507659483123e-02 3.707707759360316657e-02 -2.583596761854620866e-02 -6.883668554740018583e-03 -2.813835374508120643e-02 2.821204923239964413e-01 2.542963775022643105e-02 1.987326658845019189e-01 8.881215110179880856e-01 -1.680306492777333127e-01 -1.240791512925909224e-01 3.329001554591004552e-01 9.108762059293289415e-01 1.282605217313496360e-01 1.413707572220104791e-01 4.411488379895484035e-01 -3.176022319851712905e-01 1.498724956222452220e-01 2.541981614797567124e-01 1.438226022132433890e-01 1.590918891003286761e-01 -9.728904784841481412e-02 1.325318008285818749e-01 3.850452517360106741e-01 1.608969884934204342e-01 -5.969285192738401497e-02 -6.145402313463288468e-02 -3.682769985386687983e-01 -3.479888515659865789e-01 -4.562353742349221919e-02 2.735420924755301852e-01 8.536764040479379034e-02 -2.441972640458750510e-02 2.833990424932562036e-01 1.163593080586652340e-01 -4.970298745273332014e-02 9.659909506495203413e-01 -4.558933816286229179e-01 -3.811077819823435187e-01 2.085749861286857743e-01 -3.119284584577262237e-02 -1.373164632638532775e-03 9.692562993437006114e-01 1.760419063619770436e-02 -2.537289315477113671e-01 3.447717767318280169e-01 1.407272508922232934e-01 -4.040490282564198621e-01 -1.976439587468969417e-01 -2.241046405319563686e-02 3.819637487126786302e-01 -1.748855534993983551e-01 2.189415310595266284e-01 -4.190311754871097749e-01 8.504650329691575417e-01 -4.587006454812254108e-01 -1.314383347036570705e-02 -3.093589507892904322e-01 -3.517462876456249887e-01 -1.764924784923551163e-02 6.342382191187013740e-01 3.430032790081768979e-02 -1.166230591413694173e-01 9.386265069999145949e-02 -3.166898914842844470e-01 9.474642876184878881e-01 4.945921407476482345e-01 -2.191970660023214168e-01 -7.446433333747645711e-02 -1.150521720521486130e-01 -4.184781728673036549e-01 4.827718060635176611e-01 5.473293268539839579e-02 -1.028965062367149103e-01 -2.885552805089606765e-01 -2.501797070737857842e-01 5.244326974309793110e-01 6.132733110756750927e-02 7.896203317454967285e-01 -1.943318590522695177e-01 1.635145664321150105e-01 5.319051139178874177e-01 4.232459951664440112e-01 -4.061815534783141390e-01 -3.781822869552645128e-01 -8.808723178230075390e-02 -1.129565711761878893e-01 3.286745770660802202e-01 9.611882964898132986e-01 5.244048008503743308e-01 -1.120814418937145576e-02 -2.988347353942806886e-02 1.757674355574563932e-02 1.531525411405658052e-02 1.333581052585232352e-01 -7.190319497856076381e-02 1.434170431479361574e-01 -8.017781559593890883e-02 7.911563205180293101e-01 -3.946861071290741485e-01 3.744097432104884215e-01 3.239947486163097246e-01 1.916936039522477431e-01 1.906533245198515636e-01 5.816023120661106827e-02
2.280302425935453736e-01 2.808388756615173287e-01 5.177656992242097855e-01 1.000000000000000000e+00 -3.448888232681446286e-01 -4.238738169439889569e-01 1.755381364330416138e-02 -3.614260763801757648e-01 5.279594284735267262e-02 -3.663141256105663102e-01 1.692704796476374729e-01 3.761016312547377227e-01 -4.421429556849225118e-01 -1.838344116718052257e-01 -3.943607067116006726e-01 -1.017200041000514837e-01 8.457977215218119849e-01 -3.688074291120793102e-01 2.333348652920596289e-01 8.508558218854259114e-02 6.517319935807644460e-02 2.147262303199118372e-01 -2.675635220850319795e-01 6.148533734804797479e-01 5.276409960308837688e-01 1.807583105202967277e-01 2.668373326152809893e-02 -5.057881930602652343e-01 -1.809519674135087186e-01 5.279398132928008192e-01 7.290518453804513133e-01 -1.391791282823192089e-01 -1.021695832802513859e-01 2.477444701841503491e-02 4.872671785137618755e-02 3.128440956791135596e-02 1.596629678188562773e-01 1.067256388969320402e-02 -2.914047125885074196e-01 8.922003432619715624e-02 -8.804542415717858195e-04 6.227067884142032383e-01 4.646498641889434955e-01 2.189397996549324876e-01 2.446839075511589648e-02 -1.211876831157086276e-01 5.109995319860222152e-01 -1.120102263894150185e-02 -9.541736562699331889e-03 8.770867809547142624e-01 -3.220447020356027035e-01 7.982401427363361446e-02 -1.381430055074471253e-01 -1.997907589828716302e-01 3.249108449448481761e-02 1.530809693845497886e-02 1.764963371326493807e-02 7.606174202635559434e-01 -1.532216147747758883e-01 -2.375929676210393818e-02 2.356945654865027218e-01 -4.107763104825191691e-01 2.271052875305609037e-02 2.565406731428646614e-01 -1.882070817338585833e-01 4.226558368205916016e-01 3.085038134653175224e-01 1.909516571777102600e-01 8.245646132420135499e-02 -4.912205590360367857e-01 5.394264817244902588e-01 -1.392480135222071980e-01 -8.125920165708520881e-02 1.668635942682799300e-01 -2.581964676463380792e-01 -4.250648581356119005e-01 5.039195113471582887e-01 -3.208034251615394794e-01 -1.684926124516696599e-01 6.376226461242439081e-01 -2.484016188335441133e-01 -4.301027140938616933e-01 -2.795100813161103814e-01 -1.137279976997563197e-01 2.742060863991585551e-01 9.145936624886563671e-02 -3.489983063756547099e-01 -2.980266297766668848e-01 2.511483275199540843e-01 -3.777788486424880632e-01 -3.547229109614367104e-01 -1.218399908410308565e-03 -2.888629849945154593e-01 2.179590167339990336e-01 3.776957452625967493e-01 -1.916707368055468597e-01 -1.049881133847083287e-01 6.439738689992679718e-03 -2.805636520820546376e-01 5.400401364960086825e-01 -7.429364855057700445e-02 3.878974481395704998e-01 3.273178448918016153e-02 -2.477205117696401615e-02 9.061909560057826440e-02 1.864202786078045793e-01 -1.122085435806289000e-01 6.270599525460086865e-02 -1.642559046844654647e-01 4.513757123400015392e-02 -1.100699998822446818e-01 -1.016703535075031556e-01 5.002681949048312093e-01 1.475702761459679602e-01 -3.620373058517870057e-01 -2.759497446092424797e-02 1.892309332751737627e-01 -2.178724347980373621e-01 -2.971508756387584160e-01 -1.568567440850097416e-01 -2.606712494021411475e-01 -2.515522952618566843e-01 4.283845994615838038e-01 3.342179571168656382e-01 2.404001350216881591e-02 2.916774383859033759e-01 -1.455196815089056517e-01 1.106657704993390390e-01 -2.952467984512725102e-02 1.364270745640497606e-01 -1.014936892908018945e-01 -1.779854061078187943e-01 4.769180274830105981e-01 -3.036232761906080269e-01 8.633481577198788282e-01 7.052004955648010220e-01 3.852081441147209295e-01 2.316871612398769820e-01 1.466047603250614506e-01
-3.146289584263732841e-01 1.859656199465831855e-02 -1.508690476696890048e-01 -3.448888232681446286e-01 1.000000000000000000e+00 3.091237048901488982e-01 -2.490889477195559754e-01 -7.128679860463420226e-02 -2.840710006853858216e-01 3.875546570933324220e-01 -9.021245833564450756e-02 -2.358039720016315288e-01 3.689218727318404611e-01 -9.365535101399508067e-02 5.038513894589635722e-01 1.792173286989682049e-02 -2.735541898980162201e-02 2.410855723794348981e-01 -3.619095473853554124e-01 -2.714350782842145371e-01 3.198998360936603502e-01 5.734014183540724063e-02 1.925826584585098866e-01 2.209961079666199896e-02 -5.751593653992011224e-02 -1.783047612895742318e-01 -3.278533592763934190e-01 4.542222369365621626e-01 -1.418929152270615168e-01 3.053865960899406207e-01 1.157478170740501300e-01 -5.123155985054179684e-01 2.247057076704802869e-01 -7.026382980657927546e-02 1.370313690906993787e-01 5.353217928649741525e-02 3.094837659900694926e-01 2.963235967088081457e-01 -2.889436706659674892e-01 -3.407456938818838044e-01 2.230889914208364078e-01 -1.498812079592173885e-01 -3.079761394389481932e-01 3.796856121466072320e-01 -6.015316739939839674e-02 3.575624123256437303e-01 -1.364110463271223372e-01 -2.345428130816624157e-01 -4.871030417452432149e-03 -5.175426436136152386e-01 -1.289089350813832635e-01 -1.650596218123655534e-01 -1.470231564687750903e-01 -6.774267465673278199e-01 -9.438969954325386602e-02 -2.899850130955449190e-01 6.463790519790818534e-03 -8.228742839788434627e-02 -1.656428532068970616e-01 -3.322298637219897044e-01 -5.724552000517186823e-01 1.004041028609618663e-01 3.834212037411430241e-01 -1.095275006276368729e-01 -1.214323202661336809e-01 1.603763035933136183e-01 -5.749171641270509614e-01 -6.310644541067123026e-02 -1.575944336822682479e-01 4.065181216349295634e-01 -8.905666758384031545e-02 6.424257055832546248e-01 1.288858436192304724e-01 -3.694512308716179083e-01 -2.194754528760528844e-01 2.220298790208180273e-01 -6.958547855664695692e-02 -1.435609147455716716e-01 3.102407754176190191e-01 -4.490518440457729743e-01 -1.160372349446045850e-02 4.124267629607064611e-01 4.679523776769343307e-02 -1.176515403750045402e-02 -7.006150343660849655e-01 -1.527487941519803383e-01 4.539911219046838947e-02 3.150282914237828580e-01 -1.595617909450904870e-01 5.051967750762799136e-01 -5.730218976355707511e-02 1.212239830003448114e-02 -2.130433297633516632e-01 1.557644720691579443e-01 3.369872911501721191e-01 -1.430768290386900399e-01 5.703318309918706808e-01 -1.388924143028164582e-01 3.028456868576911987e-01 -1.479248589110194190e-01 -3.837543064493865730e-01 5.535979621080579227e-02 -1.299236605584973836e-01 -1.452056792273211661e-01 3.279856219240161463e-01 2.155079388027953402e-01 -7.216448845016623093e-01 -3.834044616747196710e-02 5.213673962954732399e-01 7.250895088414012479e-02 -2.429017565816137814e-01 1.462776262889115518e-02 -1.364173287937335832e-01 -1.492300944880968483e-01 1.579556995174310474e-01 -3.814284308313394267e-01 -1.458185492087638313e-01 6.416388789679432214e-02 5.662501651367966848e-03 -2.183370764491582017e-01 -1.987845494119903633e-01 1.736402529848216081e-01 -5.670498714558669384e-02 2.474787115872500998e-01 1.410277645123746981e-01 -3.769459674012521910e-01 1.740889465365335065e-01 -2.583757654832535833e-01 -2.287939634946792311e-01 -1.623731296903910964e-02 4.118383328442103142e-02 4.358356741912207122e-01 2.465639483497292783e-01 3.609556761205608422e-01 -1.056983664485817292e-01 -2.404773348957346124e-01 -3.680220409762916534e-01 -6.094483866490268964e-01 1.115414648826654753e-01
-3.095163342195276779e-01 3.031001810556421261e-01 -2.635966890180741484e-01 -4.238738169439889569e-01 3.091237048901488982e-01 1.000000000000000000e+00 7.119197953768327536e-02 5.896233535279155058e-01 -6.442229591732429039e-01 -1.958880108332861358e-01 -5.388825363855196393e-01 -8.501264219439621517e-01 8.691538006009775774e-01 -4.966172174224557923e-01 -9.505798685918381841e-02 -1.350506137509164262e-01 -5.563262291620864053e-01 4.569429580273679514e-01 3.510394229951049883e-01 -5.674506549444715553e-01 -2.887306084192455269e-01 -3.900163624366553838e-01 -1.531815254340406218e-01 -6.770161465377906307e-01 -2.490181071934037260e-01 8.751730314595448923e-02 5.219011317371409497e-02 1.226442125001374339e-01 -3.782080510036984755e-01 -8.048019862858732387e-02 -2.766728060909150466e-01 1.864379804368013205e-01 -2.288161857645454877e-01 -1.581822814070558414e-01 1.207758937287350121e-01 -8.459288738786188699e-02 -1.437332024265357833e-01 -4.588958380357319178e-02 2.907245429359827105e-01 -8.432277798793127999e-02 -2.582710849468227154e-01 -2.762784704485577447e-01 -1.806696168297652061e-01 -1.968448347423708555e-01 1.018237960585278989e-01 -7.736917086436850832e-02 -4.433456892726986287e-01 1.064230003176463712e-01 -3.299804702765601339e-01 -6.246632204866993110e-01 5.583263162300317051e-01 -1.788308050961052165e-01 -5.043378273921599320e-01 1.603555868482482161e-01 -4.872728827488203018e-01 -5.776107684032014689e-01 -2.701592176282863744e-01 -8.523102855561517921e-02 -3.605114697668592716e-01 -6.257682684248375704e-01 -5.525551550348142271e-01 7.170025566857319843e-01 -3.054949479317136118e-01 2.460854032228133037e-01 -3.359233480977936726e-01 -1.132539619011839055e-01 -5.963654130438432732e-01 -3.557719715212733780e-01 -4.092729394486157024e-01 -9.662051378443034522e-02 -2.393190780811165208e-01 2.691680545399310898e-01 1.304652410797447482e-01 -1.867406905157810715e-01 -4.594326025663532098e-01 4.124625793148151698e-01 -1.628155506983418599e-01 4.232011990228629061e-01 1.521861520937111134e-01 -4.682543039329868373e-01 -2.997151348421546180e-01 8.915720735345870063e-01 5.675013280489757950e-01 4.823702369199732720e-01 -5.993900048340784492e-01 -5.343415074052717539e-01 -2.534027629275303894e-01 -3.237409484323389153e-01 -2.291757835540183807e-01 4.424227159570880974e-01 3.895795012169477878e-01 -1.638473903121631936e-01 2.656589313786423823e-01 -2.412841656976122129e-01 -2.835994246868867030e-01 -5.701781355857405975e-01 1.695213867153859411e-01 -2.719714834241327983e-01 1.942023261035068921e-02 -2.217619928222819004e-01 -2.637888050558897524e-01 -5.112411489085324501e-01 -3.552885255937439368e-02 4.058157826010080904e-02 2.047489622470019532e-01 -1.977986752556525896e-01 1.820446373528827322e-01 -4.010375602605045775e-01 -2.404430648827858563e-01 4.586006130306500284e-01 -1.530783383256829888e-03 -2.231304546723003601e-01 -5.259376361147617418e-01 1.250342983199673186e-02 -1.354746535609070990e-01 -1.234324144202703921e-01 -1.863184694693086063e-01 8.123453317227087300e-01 5.037975722384380184e-01 -6.418010725317111476e-01 7.483400170396901085e-01 -7.005556955822703560e-03 -1.703758935457073687e-01 -3.717802770903406301e-02 -2.856782631444411691e-01 -4.984837466693367025e-01 -4.976130129655577106e-01 -7.218173811832797604e-01 -4.667804272294143186e-01 -1.378177559041722788e-01 -3.359246498670483971e-01 -1.570735506727910470e-03 -1.179438494049808439e-01 7.291655707888351490e-01 -5.542783253906635732e-01 -3.751567049906281981e-01 -4.157988668979742952e-01 -5.828717038105210024e-01 1.788962291367937954e-02
1.338450706276575475e-01 5.455703640567660662e-01 7.551947741564550565e-02 1.755381364330416138e-02 -2.490889477195559754e-01 7.119197953768327536e-02 1.000000000000000000e+00 -8.715145312112948517e-02 4.138976421541252365e-03 -1.682440125004338594e-01 2.626693495314220139e-01 -2.116959006376496755e-01 1.710972415700210136e-01 1.520544993735707395e-01 -6.176028595582501446e-02 -4.967444185019602720e-01 -8.281694630428214354e-02 5.459101495318259278e-01 2.233207650568410918e-01 2.435754102372113539e-01 1.462041103197956049e-01 -1.245544270805953521e-02 5.982882635752743983e-02 -2.779842893167622786e-01 8.526697123125187572e-02 1.016678113335363898e-01 2.302539098646544380e-02 -2.871284225262316081e-01 5.220680213949213666e-02 -1.214248284913697490e-01 -4.841231035881969624e-02 5.395479273217107519e-01 3.392690078094579564e-01 5.225720402557128275e-02 -6.633563151995944263e-02 -5.112384247432131407e-02 4.112214127369908101e-01 -1.083579354051107391e-01 4.418759618241848708e-01 4.427153322548195158e-01 3.675947182044529971e-01 -5.574228536448018190e-01 3.788425405123870826e-01 -1.322466964577155846e-01 -1.923526671753515438e-01 4.733370811745007956e-01 -1.214066791740948392e-01 2.467408435440749878e-02 2.820627891882577787e-01 4.791228539833761180e-02 -1.524204319978116062e-01 2.110385210958438118e-01 1.626758038092701308e-01 4.688893735374740634e-01 3.333849639806923948e-01 -3.186525041882627973e-01 4.700202460777748448e-02 -2.414946124508262348e-01 3.318229280969807737e-01 -8.370728091299957374e-02 2.335254130599244138e-01 -4.308937207055561769e-02 -7.819390410703637440e-02 8.278392501149064997e-02 1.848685267219195849e-01 -5.420130081812630785e-01 1.356318321450657449e-01 3.992308993253297911e-01 -3.169695710508445563e-01 -3.750762575493963302e-01 -1.225406886741768273e-02 -5.325368842752861154e-01 -2.237146204935021587e-01 7.059691430605187223e-01 3.841143551754440111e-01 -1.430027390832363243e-01 1.533937893749713344e-01 1.104452660639216599e-01 -3.882364321179546662e-01 -6.090956116831584832e-02 1.212478564536303427e-01 -1.654920293838941792e-01 -5.693646079313346813e-03 2.980017285231657126e-02 1.898094587928538315e-02 3.232988397818431503e-01 1.060302759363948924e-02 1.820432381854666243e-02 2.151357407865463200e-01 -1.831302089529860122e-01 -1.826707391217775311e-01 -1.669454694269554840e-01 4.420043328942577787e-01 2.765307348516169439e-01 2.101030949520920343e-01 9.880454593626958326e-02 1.225150184473702691e-01 -2.915641494621625252e-01 -3.230484913046561268e-01 1.463805014067253718e-01 2.950010047279558872e-02 -6.619845291149704936e-02 -1.235802461341294067e-01 4.063506457166308761e-01 5.098622092143482998e-02 -2.621131091326128759e-01 2.759117942707741133e-01 3.753161761753901482e-01 -3.079594622485994915e-01 -3.529000802334478215e-01 -1.680011772593030805e-01 -4.223853393779584131e-01 4.211832681418629931e-02 -3.269610086544154082e-01 1.044206674764703857e-01 6.849377016672117402e-02 -2.516673546891681212e-01 3.969292997178722193e-02 -2.183408645933266889e-01 1.526802867754092630e-01 1.111092812568229282e-01 -4.294456974510384439e-01 5.986991633482208197e-02 -2.020313237337789669e-01 2.843984411017210778e-01 2.289614471722262179e-02 3.432964663871843763e-02 -1.490324186103799409e-01 4.405012388452750338e-01 4.756422636904701629e-02 2.167862648834037453e-01 2.747964454506131582e-01 3.288173860551615868e-02 1.509535415348995345e-02 -1.410262795275681880e-01 -2.721652744074201657e-01 -3.328367503523245174e-01 -4.463556753913221486e-01 6.307255215752767263e-01
-2.438263113248923253e-01 -3.221096804046338913e-01 -1.643051058342662185e-01 -3.614260763801757648e-01 -7.128679860463420226e-02 5.896233535279155058e-01 -8.715145312112948517e-02 1.000000000000000000e+00 -2.470807571221178556e-01 8.041777467262808954e-02 -5.042385205710109286e-01 -4.186393179234301765e-01 3.615281642416508512e-01 -3.505452901477998928e-01 -3.862217171210386990e-01 -2.151979781472704301e-01 -4.355811484586623594e-01 -1.992506461636824044e-01 1.139185949942689204e-03 -3.486696362494046686e-01 -8.065909163738347321e-01 -6.445536728741851906e-01 -4.174486891448352388e-01 -4.730010761078116133e-01 -2.152843658005060834e-01 1.672360648823645324e-02 6.516463535452660105e-01 4.769328597882660503e-01 -4.132879016298912633e-01 -3.657441649727267707e-01 -4.767220707562030424e-01 5.774524267055383131e-01 -2.787387294175047159e-01 -1.348125439011774174e-01 -3.810225974148837014e-01 4.845260568411897950e-02 -6.929391092830967658e-01 -3.097885734571015348e-01 7.754235730039212848e-01 -1.170690174777313242e-01 -7.858406098541860230e-01 -2.696884380521840097e-01 -1.699701904842452482e-01 -1.763503927533420501e-01 -1.885248837041835490e-01 -4.166442745414068449e-01 -2.781324260848202501e-01 4.779336872186464302e-01 -5.723582338508836909e-01 -4.400354677786966207e-01 8.151544699171184849e-01 -1.372414227977773737e-01 -3.203509902493361094e-01 4.416982886984107681e-01 -4.113037046371504912e-01 -4.290725425552541772e-01 -2.000205676231933405e-01 -5.688061689735488674e-02 -4.621150178957290633e-01 -3.709058793808202026e-01 -1.255184934812026143e-01 2.978333249167036123e-01 -4.910150098851274736e-01 6.407319649443433962e-02 -3.238025836519701772e-01 1.750535610485529081e-01 5.825752599001263882e-02 -3.884925595559455824e-01 -4.909596016936661478e-01 7.397823278611385944e-02 -1.740388907846185940e-01 3.110795969776864456e-01 -8.210944364998318257e-02 -3.844213893661431181e-01 -2.350102688201710921e-01 7.987633817047907758e-01 -2.085404039351155814e-01 9.261622943172473921e-01 -1.409399821203635439e-01 4.732398230424893909e-02 -5.286496826041816449e-02 4.757536863744419864e-01 9.514292655952137912e-01 1.094638875755278573e-02 -2.097803308765333608e-01 -4.188948251330312234e-01 -1.667471862873379229e-01 -4.248092932738563587e-01 -2.556123203641705866e-01 -2.271634142524143751e-01 9.332423671203530224e-01 -4.579598307793801837e-01 -3.988226626115110030e-02 -4.607259123783746801e-01 -4.391772857992536916e-01 -4.840352372331941377e-01 -2.259654796967208376e-02 -4.069758480744363749e-01 -9.210999210656821423e-02 -2.250070632636172741e-01 6.132553738335622118e-02 -3.370136940902775380e-01 -1.357473848169485353e-01 -5.234417795298205167e-01 -3.264993347760615783e-01 -3.669813414439015431e-01 6.156013425337834022e-01 -5.191528739692199412e-01 8.056228048778178719e-02 -1.345605051159923238e-01 -1.324250211335001315e-01 -3.267993812046819935e-01 -4.871530791092542612e-01 -1.334369096024500823e-01 -9.879251302459327033e-02 1.521440427938841600e-01 -2.584603191466731120e-01 7.278533461104774727e-01 1.165034371215118714e-01 -4.019565297998486386e-01 8.589106656587131017e-01 8.363408148151718624e-02 -1.971985301280793079e-01 -5.115060472053153395e-01 -5.647837829860563597e-01 -1.326083727119877972e-02 -4.972610593103218291e-01 -5.887313481684652849e-01 -5.043833159987134440e-01 -4.414104752962338951e-01 -2.520042083894972196e-01 -6.005609549791472990e-01 -3.928671382406242474e-01 5.686559866871630092e-02 -4.222228437753423047e-01 6.194505354634029931e-02 -4.490683596821339885e-01 -1.076762914490028838e-01 -6.134097166852818805e-01
1.719875144057803062e-01 -2.760296963947678761e-01 -3.659232265550953489e-01 5.279594284735267262e-02 -2.840710006853858216e-01 -6.442229591732429039e-01 4.138976421541252365e-03 -2.470807571221178556e-01 1.000000000000000000e+00 -4.731835063141788533e-02 5.988925427031548399e-01 7.825553112343899276e-01 -5.051744072991584122e-01 4.441397690599681036e-01 -8.244259724894448249e-02 -9.570950532332023197e-02 1.321656159231749117e-01 -3.470027271732705754e-01 -2.868008654141737113e-01 8.855691854732505863e-01 1.320034248236135466e-01 4.256382862040027359e-01 2.520983047895485329e-01 2.712715171082248355e-01 -4.323329314139406354e-01 2.317369478772657865e-01 9.532316120850921337e-02 -1.507347445520690887e-01 3.684732213093916409e-01 -2.225359650688955582e-01 -2.405147641684685644e-01 1.355146610851776789e-01 2.098454704650221103e-01 -2.323526430562791734e-02 -2.364183979396012117e-02 5.461116450481724727e-02 9.458875444047117054e-02 -6.038582636870069853e-02 9.010907177589717529e-03 1.857795227535715965e-01 5.235119189819961022e-02 1.888497050017591272e-01 -2.485083357789291958e-01 -5.704056162831587940e-04 -2.115459805291355355e-01 -2.101706921745375989e-01 -1.003573342896914855e-01 -1.525976485532537508e-01 6.757875668107624079e-02 1.812857731013186591e-01 -9.692201118582001451e-02 9.023703737256127955e-02 4.235025174445118390e-01 1.829917505021899995e-02 2.857495692763708517e-01 6.107707317857445917e-01 1.975183223471362326e-01 -9.991046555407741281e-02 3.983980098861807373e-01 5.981696134331409009e-01 5.302212318205191677e-01 -2.892588909206312286e-01 4.694805771750815149e-01 8.655992153291594549e-02 2.612888888198928727e-01 3.132727919212096451e-02 7.581770281763818842e-01 -1.200299648687408460e-01 3.971571591141405122e-01 6.075709253287265611e-03 -4.524962708727645611e-01 -4.288145551544290252e-02 2.586865946587181275e-01 1.071944071303877755e-01 5.226740632174837753e-01 -2.046968511123768708e-01 -4.997951265470292337e-01 -2.634643241175979034e-01 9.350545757210103337e-02 3.918683045489494421e-01 3.799593268505242483e-01 -4.147345274178140251e-01 -2.067506659560777726e-01 -2.057471609506872912e-01 1.794128352245824287e-01 5.708057995638855520e-01 2.417782656624653248e-01 4.555126501189710742e-01 -4.401348892034525617e-01 -1.545978301971591418e-01 -1.199569442450601209e-01 3.043531237174323389e-01 -2.030145205644715567e-01 2.392834608020345810e-01 -3.106146517458611145e-01 4.894438953519341107e-01 -5.112764438590215038e-02 3.382956570270574392e-01 3.022424461067279577e-01 -4.359322756895558371e-01 -2.199986218499127288e-01 4.487995623733426198e-01 -1.230241624240354659e-01 -1.126159775684068692e-01 -1.814913776722722888e-02 -3.625626558476532368e-01 8.230642690513403914e-02 4.718476548690301309e-01 3.848215961735146906e-01 -4.261700230108553811e-01 -3.639460658455599407e-01 2.871558557042719340e-01 -1.165629251366290253e-01 -9.598170897748814490e-02 -2.801343251344313307e-02 -2.406175709649641392e-01 -2.347595930773947737e-01 -3.842481982536816165e-01 -4.666771317434691424e-01 6.508818598260269761e-01 -3.905603228123033510e-01 -4.867405869339361812e-01 -4.256821470423723386e-01 -3.007650279472801613e-01 1.968194230236939846e-01 3.304821720995990142e-01 3.261705294620300677e-01 6.866612821282611634e-01 3.998602377236354366e-01 1.216265832495476290e-01 2.522313431321127619e-01 2.150322658111453872e-02 -4.443769653794488184e-01 -3.121348342270617859e-01 8.646340065048227497e-02 3.194975946976433834e-01 8.691746056563470768e-02 4.295546662114794745e-01 -1.182041738685585958e-01
3.693503242979658818e-01 -4.039213617162920045e-01 5.867431310539346356e-02 -3.663141256105663102e-01 3.875546570933324220e-01 -1.958880108332861358e-01 -1.682440125004338594e-01 8.041777467262808954e-02 -4.731835063141788533e-02 1.000000000000000000e+00 -3.370026291264002077e-02 2.693310590867238966e-02 -1.870988582194456629e-01 2.986622694492516716e-01 5.102205686186545019e-01 3.174683164915614864e-01 1.142752392513456117e-01 -2.500249044288990197e-01 -3.695670056740438802e-01 -2.183034642349778731e-01 1.034543090300003715e-01 -1.123221766726055365e-01 -2.274099366076927642e-01 3.244769979034941576e-01 6.036645759426399749e-02 -1.382066114496247333e-01 2.322088511734211047e-01 8.569441714699657098e-01 9.038634076585252974e-02 -1.590489011102664274e-01 -4.464372314178571138e-02 1.729236222608255755e-02 3.015720657051884634e-01 5.797779944068863489e-02 -1.533876766610332842e-01 3.050289230339810476e-01 -1.385343019930083130e-01 2.223946631156620557e-01 1.507791091028762021e-01 -1.825536495172051243e-01 1.474988249715188937e-01 -5.565196173630807541e-01 -1.687465817051059247e-01 2.507351256515649718e-01 2.196749942024832369e-01 4.698951147498635628e-01 6.510311319258305085e-02 -1.187490787492766764e-01 4.465409923459621178e-01 -9.195595637455003524e-02 -3.472009910509526454e-01 8.436231682842902646e-02 2.650175628948074902e-01 -2.932241638381600235e-01 4.729752325059919937e-01 -5.495458595805587793e-02 1.306296067869356092e-01 -1.444153766832537433e-01 -8.313166511308686668e-02 2.004155871198716743e-01 1.749020294747424265e-01 -4.289371126802791201e-01 1.487497535661581882e-01 -3.595740879698761661e-01 1.270779454097127892e-01 2.684865800729029361e-01 7.153147257861977582e-02 1.924348182532882867e-01 -2.862098572479808700e-01 8.899414463665042963e-01 6.094554003826115757e-02 2.221252227110122601e-01 -6.495349637251034425e-01 -1.823642247657629445e-02 2.238342609397690475e-01 4.971385001795284309e-01 1.711796866498758313e-02 2.433331881178106282e-01 -1.268175036023713731e-01 -2.572931137488777939e-04 2.147846185226366944e-01 -2.829240827108839840e-01 4.464993194062592125e-02 -7.363403310238390009e-01 2.237831966393780958e-01 8.110559854640532473e-02 2.589704144014447484e-01 3.984980879478333127e-01 1.297648062300876537e-01 -1.786759377143291305e-01 2.036545533224117521e-01 -4.138377461935353885e-02 -1.412925967042101549e-01 -4.331626603541850751e-02 3.394995300826348927e-01 2.663034018169191386e-01 1.855132261001944394e-01 -3.814981608850809280e-01 -2.498937348389815016e-01 -4.392705862514918735e-02 3.023927470364586867e-01 -2.571801547748779962e-02 3.972334095525568154e-01 -3.287214813453211149e-02 -4.218982459069253177e-01 7.321493913854475177e-02 -3.423983235804239356e-01 -1.922702052642795423e-02 4.056829645901492976e-01 -3.763100340566466473e-01 -4.366810283666113651e-02 -2.730357001849708087e-01 1.268835053691360903e-01 1.805519710203231376e-01 7.152870858558533218e-01 -2.735120142712453226e-02 -2.119645373296437652e-01 -2.018965753047742007e-01 -4.214581427927337892e-02 2.708386065015135902e-01 -1.494111467379709846e-01 5.549154375737339606e-01 -5.328027284215343384e-02 -3.789850509256937894e-01 3.076434024464847483e-01 1.371886219448100186e-01 3.890773975199499080e-01 3.579504885416252141e-02 1.977343830574581074e-01 -5.017583588189074989e-02 2.689785155634213387e-01 -1.934599305959827653e-02 -6.165396440551509233e-02 -5.348009996042372149e-01 3.902850697826239224e-02 -1.094838221494242453e-01 -3.323953987461168991e-01 8.430340278087675165e-02 -2.496721806592194226e-01
8.264542658725498869e-02 -9.973116374094145864e-02 -2.912420647048710176e-01 1.692704796476374729e-01 -9.021245833564450756e-02 -5.388825363855196393e-01 2.626693495314220139e-01 -5.042385205710109286e-01 5.988925427031548399e-01 -3.370026291264002077e-02 1.000000000000000000e+00 7.155366598635792830e-01 -6.247985319906247392e-01 5.635832814885116671e-01 -1.246370425356320838e-01 2.503117841722689030e-01 1.867560471322369797e-01 -6.776507919683850967e-02 8.203140809408003553e-02 7.681399231270976680e-01 1.596824166703018077e-01 2.069475996212098434e-01 4.631068418169256296e-01 4.413370179587127184e-01 -2.147870393337767969e-01 -1.986095121817952058e-01 1.388647894188885235e-01 -3.397779247279283932e-01 4.151787599424549557e-01 1.769039519729151133e-01 2.036512292723565987e-01 -4.421578960495053945e-02 7.088440341160975322e-01 -1.775475610120215431e-02 -3.536921588709186492e-01 -1.427609241269980900e-02 2.425719916280091870e-01 -3.018053829967116269e-02 -2.243337835408885650e-01 -3.153002067277978493e-01 2.914157167544859095e-01 2.440469514217919605e-02 -2.440584031692837608e-01 4.357627937769755766e-01 -2.821243321805760179e-03 -5.328743008584642393e-02 -2.583682848897817519e-01 -1.954702340885803302e-01 1.093655381274117183e-01 2.964236140936243880e-01 -2.824034826101843310e-01 2.720718412189636684e-02 3.731446855383444561e-01 -2.839524098672002728e-01 1.070422719449500154e-01 5.143387633415332783e-01 1.896806016325347233e-01 -1.931993183330575625e-01 3.714756653542209408e-01 6.226227769826655489e-01 6.503434503815197498e-01 -5.528091662439686971e-01 2.015199289008351435e-01 -2.764684288569398962e-01 2.814850060902291395e-01 -6.625480893482187106e-02 3.805182298613850600e-01 3.840812594794330015e-01 2.627761964831074049e-01 -2.532946719331776730e-01 -2.505334199782894844e-01 3.346716381707966897e-02 2.487237930142377762e-01 5.646724780160923551e-02 6.378372620888687061e-01 -4.733900823468299990e-01 -2.534446698505095630e-01 -3.797041849790833701e-01 -4.287635590395867946e-01 -6.659191266865845116e-02 3.185606495887548517e-01 -5.705179907116614269e-01 -3.644975663757282769e-01 -3.772905097326412216e-01 1.883620831031373177e-01 9.411766416177007599e-01 1.505404012129806790e-01 2.512432458038052485e-01 -1.319285796216924933e-01 -2.042143009089792405e-01 -5.407754889324445369e-01 -7.328214200123514543e-02 3.682484443096755156e-01 1.746877982968531584e-01 2.648657854239870324e-01 5.900490689980780745e-01 3.907470010200407851e-01 1.273908484942440078e-01 3.635068111035552052e-01 -1.871494422466806473e-01 -9.719613147086411664e-02 7.139873423326653645e-01 2.633684296406762007e-02 1.909814674043501803e-01 1.758315512786369772e-01 -6.495961463712826567e-02 -3.113943980269627820e-01 8.289175606471769209e-01 2.374600928240847841e-01 -2.118746687017321606e-01 -3.776916108634398861e-01 8.772925219868447921e-02 -7.805618356094587429e-02 2.315776050394391210e-03 -3.039612541450448790e-01 -1.610349712596018390e-01 -1.728051189461154713e-01 -4.692271374428913511e-01 -8.062496086811123119e-02 7.191218353767887539e-01 -5.594592262029035590e-01 -2.202821471191887537e-01 -2.646092566390321199e-01 -1.161688903793595407e-01 9.647125093614794533e-02 2.982934675750183451e-01 6.944379143391375964e-01 5.722103410980448057e-01 1.763611027804074249e-01 1.087308296638317823e-01 4.593568778654978368e-01 4.806347484824990968e-02 -8.366026233131197004e-03 -2.984364524156755683e-01 2.859807933092006205e-01 -1.229176673510878198e-01 1.883588768924281398e-01 -4.655444554544438049e-03 1.965520368504839466e-01
