1.000000000000000000e+00 8.048754254316458079e-01 4.836990964898359446e-01 7.108354387740507541e-01 -9.156603300661649014e-02 6.021271854875804852e-01 7.959998088024313745e-01 6.501703014089066368e-01 6.484894592035661542e-01 8.748050637469679813e-01 6.649756132423293442e-01 5.997338273456800373e-01 4.941492434125267508e-01 5.827814227760681476e-01 3.229708498287508500e-01 8.001066981799084266e-01 8.057044129747440442e-01 3.682264719151105425e-01 8.995053096126689463e-01 6.274562947781129330e-01 7.551047886652739738e-01 8.454992631133617653e-01 3.222154069034776080e-01 7.655773389048952104e-01 4.632148451936480837e-01 9.639440349491250615e-01 7.548257686422259471e-01 6.887569374878637074e-01 5.981920785092508241e-01 6.513237390169986929e-01 6.834174302019941916e-01 7.821854121874298738e-01 6.570680939258423114e-01 4.077494563488578971e-01 6.971478742904239079e-01 3.775990847979445730e-01 6.751056077731119043e-01 5.704236055533977723e-01 6.903471557870104469e-01 8.054249536323900838e-01 7.736692823958055687e-01 5.545579014505479520e-01 5.373157917677391371e-01 7.792401148794259047e-01 9.466333312444514814e-01 7.429696064271538170e-01 6.156863671660020021e-01 6.338531715686868129e-01 9.191850879184967349e-01 7.622840389228279223e-01 5.816566147732494807e-01 1.023382588184549025e-01 5.641323429572525638e-01 3.487522374883968435e-01 8.721816631960530586e-01 5.968952730071714896e-01 3.552396888841939937e-01 7.977721465424739700e-01 5.549352128931394068e-01 6.549017674799149091e-01 7.817460334914494435e-01 4.592043106686914955e-01 7.277863303157628971e-01 9.335161326679196625e-01 5.331074772620106872e-01 7.927977266336057038e-01 7.464854574082924188e-01 7.303639601326497033e-01 5.632470267530461649e-01 7.308942424116057213e-01 4.660657711964041328e-01 6.936172546973491393e-01 3.441647577255897983e-01 9.136848437442809390e-01 5.418405092602884832e-01 6.942087145241786494e-01 4.836855024910458600e-01 6.677364178827633889e-01 4.788332742785021412e-01 7.971351945600850808e-01 3.518399534607191681e-01 4.722517762571348254e-01 6.506480921154378372e-01 -4.310093100062430821e-02 7.091374844200480920e-01 6.572590694677824530e-01 4.271773142324063466e-01 5.413227600130264827e-01 4.723896489097237361e-01 3.473929351923382702e-01 6.479598286328289714e-01 7.934996731780052937e-01 5.660965121790302312e-01 7.127457981117644170e-01 6.735212626472119046e-01 6.036890538646983995e-01 5.862972911087265260e-01 4.681029415101748969e-01 2.508525551200739834e-01 4.685318092373965126e-01 5.580257622711690679e-01 6.810782114190507830e-01 9.787190736100243038e-01 8.573543510797116962e-01 4.299568658337542537e-01 5.514391488631795735e-01 4.922341093971019932e-01 6.858337071984205169e-01 6.650700433971374892e-01 7.004100384480922425e-01 4.292003955767735301e-01 4.176709399998091987e-01 6.334533752374245097e-01 9.693847914987674397e-01 7.911791365272540233e-01 4.201108008626862622e-01 4.409648087097484681e-01 7.104450425742740993e-01 6.802418197892992069e-01 6.156263036093916341e-01 7.015691610406339374e-01 4.286848319026416165e-01 4.223638955789242866e-01 4.826026223321114861e-01 8.390366419893384720e-01 7.707106746015131016e-01 6.030703385346879442e-01 6.478602281346910186e-01 8.136947292433246437e-01 6.423968254767543629e-01 4.617759021776858264e-01 4.279594633214582333e-01 5.376880049831538333e-01 1.836988599270778511e-01 7.596631595536247339e-01 7.561012429791477141e-01 5.763158293046577452e-01 6.892948378079026828e-01 6.830965806775786131e-01
8.048754254316458079e-01 1.000000000000000000e+00 5.234805871118541898e-01 6.536735635884538542e-01 2.842176005589281962e-01 8.344977213904852809e-01 8.760910320623380709e-01 7.395422717536654922e-01 5.575203938438469953e-01 8.255005480507007221e-01 5.950352258011735174e-01 5.383606282633084383e-01 8.056904509355315991e-01 5.630167107212706856e-01 6.523192452850186118e-01 8.034813131013486265e-01 7.362530779921592217e-01 7.678848221199977564e-01 8.628075619477796332e-01 5.568804314551251133e-01 9.257438141629366068e-01 8.987479175639949691e-01 5.330133639065280926e-01 7.631357850173864366e-01 5.226445097434584408e-01 8.801561605899065333e-01 7.101702918819869925e-01 7.680669843555150145e-01 6.463823940603139473e-01 6.989473610587777497e-01 6.760184861174407533e-01 7.130142848806764189e-01 6.110536097464326355e-01 4.211645860407700614e-01 9.608449232281774943e-01 2.456338693533375306e-01 9.183838822263604706e-01 5.687368920488183877e-01 7.137359628340937956e-01 9.334284860524724170e-01 9.528197974237656576e-01 6.035657212270642002e-01 6.302511317054262374e-01 7.685663092685134368e-01 9.068573031829366693e-01 9.669919071423741519e-01 6.854659554405534427e-01 7.462177093405133466e-01 9.388764768189055143e-01 6.704478447243276129e-01 7.017880464899410864e-01 2.525942555258118283e-01 5.801622377281816512e-01 5.554413539252275323e-01 8.360394621051595587e-01 6.095190595357047325e-01 3.693426608741652850e-01 7.503209838594897541e-01 6.565584352880399210e-01 6.125921096116830888e-01 6.792251256234980161e-01 7.803039523078391104e-01 7.917795195183323642e-01 9.133651073667763409e-01 6.093980387472136551e-01 7.128640494409282935e-01 6.237545069176274604e-01 7.945428537054334273e-01 6.492958295698214588e-01 8.112315559459746250e-01 5.031524116950893966e-01 7.350844057604956072e-01 5.454459874368140504e-01 9.422596056260627018e-01 5.226764344758285663e-01 7.693947303823407413e-01 5.612129421153158049e-01 7.329372976306711696e-01 8.105196793821779488e-01 6.659024121721757172e-01 3.674919666731891188e-01 7.704468084914166681e-01 7.322084959818699890e-01 4.251681810245637183e-01 6.566845470822513242e-01 5.785776381966358795e-01 5.472892871014487515e-01 6.804868347365597980e-01 6.114552931080110554e-01 7.293515530358378740e-01 7.323415877330814450e-01 9.449540738714652388e-01 8.743175482185746583e-01 7.946322704689506855e-01 7.029310370887339454e-01 6.202652122132342738e-01 5.993138765940311252e-01 6.006249847902570549e-01 4.162092414097472437e-01 5.439027350293882401e-01 6.710868904673834567e-01 6.093741523295561624e-01 8.474306031928614535e-01 9.883271444312242693e-01 7.562404737128491927e-01 7.264658131693059184e-01 5.388449840086172449e-01 6.744455442095520503e-01 7.160802412021821661e-01 9.469810218670999813e-01 6.973342372913551301e-01 5.765588598137977305e-01 7.090435886471824212e-01 8.334898994308689302e-01 9.350583150897829876e-01 5.823955538844077795e-01 6.483743377340930314e-01 8.361006312900146620e-01 9.117902484995251688e-01 5.836583776711389282e-01 8.141593393485649921e-01 6.067150943837900101e-01 5.379588184306222098e-01 7.029039180179645907e-01 9.212576976320789868e-01 7.283056938066930774e-01 6.018456929650304321e-01 6.349254073407681886e-01 8.390258337454310489e-01 5.712591888641256332e-01 5.118799110684595366e-01 7.724802875648124623e-01 6.438604028204850671e-01 5.925367594008743577e-01 6.771933589562144640e-01 7.271042492831096826e-01 6.587784118948329937e-01 6.544902022831471378e-01 9.546101273600280379e-01
4.836990964898359446e-01 5.234805871118541898e-01 1.000000000000000000e+00 9.251311908445141174e-01 -3.523061263074452332e-01 4.358732473217640790e-01 3.812531504410946459e-01 5.713348274249896441e-01 5.323906914845222271e-01 4.855783027625917292e-01 5.989421599766430182e-01 6.599881594010805763e-01 2.656019062382156681e-01 6.111423476010262590e-01 -1.226120788436552839e-01 8.363827119301664448e-01 8.648016748119466968e-01 1.849899025679079823e-01 7.299863609122304586e-01 5.077932357354171256e-01 5.069097743201060879e-01 3.799148931987036404e-01 5.576941024488066834e-01 7.321858708086462775e-01 9.984415034872405892e-01 5.086463692227629618e-01 6.838792953847925293e-01 5.417977843294753404e-01 6.589981861393512386e-01 9.006667153776628520e-01 9.381722152339705412e-01 5.082298286308222224e-01 6.150123382636037972e-01 6.888190171915568039e-01 3.302111993063303608e-01 1.316507367719018939e-01 3.030828902389589574e-01 2.378675329637408020e-01 5.290848618664908409e-01 4.604838297832721805e-01 4.795657705101395996e-01 9.036282840283084150e-01 9.747141262763394653e-01 6.548697075437380777e-01 6.561585412646629978e-01 3.784846791015565870e-01 9.386781627750787615e-01 7.442368695623073904e-01 5.278438873438879853e-01 8.930889584742518483e-01 6.011774967388925361e-01 8.065472366155874984e-02 6.531067729077664197e-01 4.205329752148353473e-01 4.397022581564882238e-01 6.763178313478566128e-01 3.200955830768214549e-01 8.694435219288267902e-01 6.186526956679386791e-01 6.658304941777006825e-01 6.903859078674489114e-01 2.589428887412951741e-01 9.543191489327305932e-02 5.458240713543133227e-01 6.864656385376829428e-01 8.207847348012927702e-01 6.116193610366322808e-01 8.962764600948224247e-01 7.130487947197604592e-01 2.057058382028767729e-01 9.988178595772521096e-01 5.771451729507989237e-01 5.477173909820376441e-01 5.360321881371966635e-01 5.679949190389328439e-01 5.902375371749888355e-01 9.958030747146635608e-01 6.361224383787755787e-01 1.776360213183092451e-01 8.247771699289447866e-01 6.132947762288540883e-01 2.629053567211977471e-01 5.725577893398928753e-01 1.258925293867541872e-01 9.171601651380758558e-01 6.016165946414349097e-01 6.182144941285679929e-01 -1.046498475616371299e-01 9.802977044976121102e-01 5.023163486024027208e-02 6.183889103544745192e-01 3.344368459590180698e-01 2.945386672872014056e-01 1.551281013782301599e-01 9.444467667189335724e-01 6.489541409296617491e-01 6.101836999138864348e-01 6.819356503716303974e-01 5.404835557735671037e-01 9.950470137550132543e-01 9.133290098544097901e-01 6.131457809282941929e-01 5.978970078515233322e-01 5.262340406279755189e-01 5.230411326055706134e-02 9.081126912039561017e-01 5.451170752446794499e-01 6.442040500898247313e-01 6.172066660970144669e-01 6.310569402186010368e-01 8.670062998835890156e-01 6.693320790747769866e-01 9.592662951850901010e-01 6.227639833998677155e-01 3.799965245122057245e-01 8.984808120451651670e-01 9.185800503257672833e-01 5.338325819301930064e-01 5.679089985814113062e-01 5.965857425164451389e-01 6.175827460461487117e-01 9.319475973758069021e-01 9.879710528473515385e-01 8.802371860900299883e-01 3.236141471866814112e-01 8.042071805194496159e-01 6.670112933633884911e-01 6.637794581603456701e-01 5.055601846125367116e-01 4.171229867047258066e-01 6.812803680138899143e-01 5.157397193334106733e-02 9.708623377731834259e-01 -3.385207046360508287e-02 9.002034044031071991e-01 8.307378067143874611e-01 9.331839039645648537e-01 8.637836355929575660e-01 3.540037580883098611e-01
7.108354387740507541e-01 6.536735635884538542e-01 9.251311908445141174e-01 1.000000000000000000e+00 -3.558881695547049251e-01 5.167035833046279558e-01 5.670214856004054393e-01 6.707947441993721283e-01 7.077210059326939362e-01 6.743640656959083435e-01 7.659207738874507232e-01 7.957426647004489650e-01 3.368375457094353043e-01 7.412020671604665489e-01 -1.307701698625649521e-02 9.553524488345379595e-01 9.845517892167203744e-01 2.461374888424815166e-01 8.606917949780651389e-01 6.799995769760991404e-01 6.603654529448846899e-01 5.815787062828073894e-01 5.806506673847888766e-01 8.772830211327322658e-01 9.100258769929073788e-01 7.200780940713429334e-01 8.221201687653241219e-01 6.615446256211079401e-01 7.751837145451767608e-01 9.636582420469193000e-01 9.944590290572898894e-01 6.747598630856731505e-01 7.739382478526134479e-01 7.130224446873814070e-01 4.610234540865506547e-01 2.559350082926148406e-01 4.554981836917620375e-01 3.889777786029800510e-01 6.562016694736533262e-01 6.291899050419594852e-01 6.328775693526200730e-01 9.357209844981883018e-01 9.418573866349543300e-01 8.080622886867701027e-01 8.194500026220682409e-01 5.246103686695431367e-01 9.651834388955091715e-01 8.139412011642809253e-01 7.184208327087395762e-01 9.945493840783795614e-01 6.830695290400204955e-01 8.679292879556912976e-02 7.672528530654328938e-01 4.466743603961121356e-01 6.510636339396995709e-01 7.941994590056744574e-01 4.538774367175998359e-01 9.751877128151885676e-01 7.209528571278848164e-01 8.130039943045446194e-01 8.704958396628768025e-01 3.261837638385575167e-01 3.085370584565095831e-01 7.328049590629477361e-01 7.719581052610201555e-01 9.492074559267165146e-01 7.965893641954610027e-01 9.626732000864572925e-01 7.974191687336127377e-01 3.762507659576884156e-01 9.141583118044721568e-01 7.021241130686112220e-01 5.699163467929231341e-01 7.244817420877029956e-01 7.013395025448220244e-01 7.045336265109354290e-01 9.127352762391343077e-01 7.319293618279999469e-01 2.706610083227027341e-01 9.667397230953337361e-01 6.723810894126502902e-01 3.298437934181169262e-01 6.750647819474523414e-01 7.799753748783928853e-02 9.980970369885128202e-01 7.691867288980669404e-01 6.796153163789924179e-01 9.241677042684244558e-02 9.007360700908473294e-01 1.248725185976239105e-01 7.161900367225091379e-01 5.092411946943773415e-01 3.937514685390899327e-01 3.523619950322129935e-01 9.855785497565072717e-01 7.752148747646521176e-01 7.340717671544785272e-01 7.359853589231414306e-01 5.427426777044271899e-01 9.149634998317329737e-01 9.157601791381846379e-01 7.739244704490551019e-01 7.852958728802498234e-01 6.855704658627235215e-01 1.561712686396949379e-01 8.972467482165031871e-01 6.108904265869077310e-01 7.974378179598884397e-01 7.398289444832988337e-01 7.031538326960922181e-01 8.145002764321178645e-01 7.024695936535525487e-01 9.639774432256243974e-01 8.018777778873836803e-01 5.374350186974410359e-01 8.511631913416060069e-01 8.601203992339778726e-01 6.466761814882204806e-01 6.408757699651073114e-01 7.448572105157682532e-01 7.160800566183815885e-01 8.497567163988030137e-01 8.951272918163889480e-01 8.587083990612663920e-01 5.164634281674234106e-01 9.262893020173329495e-01 7.934636677254391923e-01 8.043492088014865260e-01 7.011737764778165349e-01 5.680447505236191352e-01 7.534614616268586751e-01 1.684023627534764478e-01 9.449149486669149445e-01 -4.404137668896579644e-04 9.960761996514845285e-01 9.461227594251242490e-01 9.523290245448861047e-01 9.669155432306778541e-01 4.886189131978561084e-01
-9.156603300661649014e-02 2.842176005589281962e-01 -3.523061263074452332e-01 -3.558881695547049251e-01 1.000000000000000000e+00 4.573164623966453624e-01 2.969403510151944481e-01 2.030262719669192750e-01 -1.640725054838303998e-01 1.566062951548994331e-01 -1.981305672625123526e-01 -2.476684408595290487e-01 6.433164662151302782e-01 -1.929468120340363524e-01 8.336384502715408207e-01 -1.680930813842090310e-01 -2.721859011661706407e-01 7.257828520431006680e-01 -8.044765919264536269e-02 -1.294112754443605684e-01 2.198340069166613842e-01 2.135857272887223546e-01 9.572923552817670656e-02 -8.690903466754976159e-02 -3.322063509084061117e-01 5.630242525583293439e-02 -4.186403122599056947e-02 2.186183632967453327e-01 -1.052217672239146723e-01 -2.181811273791529615e-01 -3.213534802343128716e-01 9.322659302248467728e-02 -1.916639992608601128e-01 -2.799209709313294492e-01 4.721938870634581065e-01 -2.204142114212208625e-01 4.441234080954050145e-01 1.035009664328636649e-02 1.704143564278133294e-01 2.744313230716551866e-01 2.607244096425661573e-01 -2.471302879715533418e-01 -2.663471494529686678e-01 1.568564571201525037e-02 -4.168433722375551598e-02 4.174034846003605859e-01 -2.058581982082228201e-01 6.848143984185448008e-02 9.358335215377916461e-02 -3.696073566568541247e-01 1.675703266159010718e-01 3.369823606816547690e-01 -1.776456614774771237e-01 3.361156667087094041e-01 6.827193393468335147e-02 -1.523916755961815805e-01 -4.967273416793521051e-02 -2.173858086410829227e-01 -2.000855893464846894e-02 -2.095716907274146057e-01 -2.171499369891921327e-01 6.443146523612488519e-01 4.051737026657860063e-01 1.104554830573194757e-01 -1.202136370339211141e-01 -2.097596468784592716e-01 -1.810972504344985912e-01 -1.356631117850573554e-01 -7.503807945546267510e-02 4.729985141272707305e-01 -3.683161794647723530e-01 1.383736960318382447e-01 1.563485497820598924e-01 1.232906243601358531e-01 -1.832358980592386777e-01 1.745621301304071948e-01 -3.001995085690774556e-01 1.297478812493281231e-01 7.001417519888044616e-01 -3.167957939927436573e-01 -2.836734980161240705e-01 6.297482388962415412e-01 1.887365421940896681e-01 6.817749240361321572e-01 -3.542583140688309595e-01 -2.338881148673608856e-01 -6.112219595883958828e-02 5.817514816054865090e-01 -2.103427570342556729e-01 8.130067099907198891e-01 1.463455229242381361e-01 3.853098421241306637e-01 5.830553762939534312e-01 3.703550953617416597e-01 -2.752636058310171663e-01 -1.534874153383366246e-01 -8.313834621675431080e-02 -4.073138799603935600e-02 3.368778339047339559e-02 -3.182498178185463322e-01 -1.158256861334985566e-01 -1.400206615051811654e-01 -1.019577644559256091e-01 2.077542913105289712e-01 7.603887586227846551e-01 -4.357077444644834319e-02 1.036918690148731226e-01 -1.298815536079451216e-01 7.554765923622634716e-02 3.010393474467777941e-01 4.055199607864717198e-02 2.909281484477188508e-03 -2.130898263194148101e-01 -1.199984317802651468e-01 3.960891482146788323e-01 -9.738111335595345253e-02 -5.623288846647656047e-02 2.886737604836000504e-01 3.484044809229046580e-01 -1.776379737167386175e-01 2.042413138165319053e-01 -9.051091343633806130e-02 -2.640822889194784917e-01 -3.463023290531438286e-02 2.903289744844887998e-01 -1.393866703621020053e-01 -2.004296184243259948e-01 -1.723924919246781484e-01 6.968813337156096188e-02 -1.701969254306176516e-01 -2.400048281878262857e-01 7.086486619766636519e-01 -2.314871407573190487e-01 8.850122501575933276e-01 -3.440906386033318887e-01 -1.688006346669283231e-01 -2.212701044704296349e-01 -2.963167347053521916e-01 4.563856803568594467e-01
6.021271854875804852e-01 8.344977213904852809e-01 4.358732473217640790e-01 5.167035833046279558e-01 4.573164623966453624e-01 1.000000000000000000e+00 8.738335939664938490e-01 9.266575540340291628e-01 5.344428992772629616e-01 8.577592333253086787e-01 5.383279699146480413e-01 5.130172412684197436e-01 9.612693288859410767e-01 4.959052204825192822e-01 6.331885145158560046e-01 6.799433339590069680e-01 5.908977390910974403e-01 8.606538716781720888e-01 7.108722890262342275e-01 5.377896276990565827e-01 7.422380109209893995e-01 7.229111774492673614e-01 5.789544929340397772e-01 7.319855999991889961e-01 4.353977558083143018e-01 7.683417278039417209e-01 7.875753662034084002e-01 9.248454291841351482e-01 5.917015823009081910e-01 6.146292197126774770e-01 5.304078627543641344e-01 8.388636141884198150e-01 5.442274946206409059e-01 3.322071901571274632e-01 7.992375281665583531e-01 6.380794753929579233e-02 7.674410897750364446e-01 4.278741269810734660e-01 8.934451986882334662e-01 8.473003206235596441e-01 7.590048839994258945e-01 5.714628469532407884e-01 4.986720836882923003e-01 8.088353731764437171e-01 7.077638203701225317e-01 8.431346201311660238e-01 6.163102640059723303e-01 8.427410452836486821e-01 7.359286655627135243e-01 5.038517207218535798e-01 8.725245729425260555e-01 2.453029085346084825e-01 5.189877639517777030e-01 8.545804470761133587e-01 6.593798895555225137e-01 5.789525865275174654e-01 2.802748871573574330e-01 6.502686249977138733e-01 6.088819220219241490e-01 5.525344508209306671e-01 6.201166321261835090e-01 9.582300553521803099e-01 6.670135212790890833e-01 8.317573526637855874e-01 5.576197890675363977e-01 6.715595856753993065e-01 6.140749361487541913e-01 6.787569577754882788e-01 6.352464294691834157e-01 8.641913351751953076e-01 4.125935330744498475e-01 8.813926287632181111e-01 6.859406231846799651e-01 7.940733693654384862e-01 4.846422365445575697e-01 9.127576166299679050e-01 4.630837854266177667e-01 8.945966909792926192e-01 8.946056892084890411e-01 5.727741558081311801e-01 3.534529779788471160e-01 9.684542685922339356e-01 9.146398323445193990e-01 5.964119057239112287e-01 5.235004283036032158e-01 5.088156560889965929e-01 5.285584548219750545e-01 5.985070201930007272e-01 5.214125436716108286e-01 8.094967902534255799e-01 8.903795833081502575e-01 8.391914933376423136e-01 9.488214812457567149e-01 6.439785352496444348e-01 5.531833003785604497e-01 5.445295355668409165e-01 6.305943931209010422e-01 5.943892359923477198e-01 5.403292965127162173e-01 4.503366026480500883e-01 6.834093319529249699e-01 6.206685352704902625e-01 6.374257505062657092e-01 8.029116001679875714e-01 8.304984287461214532e-01 7.012390099122980391e-01 7.932392001320740516e-01 6.119839931484755136e-01 8.062685420970051586e-01 9.244168582447628291e-01 6.773231107392970740e-01 6.130066769179804975e-01 5.774628458576123169e-01 6.337531779044466296e-01 9.093143267309804489e-01 6.392205196615504681e-01 6.438601627161204544e-01 9.708242026414091175e-01 9.623082334562829132e-01 5.282502063509371126e-01 9.440284130353198133e-01 6.331915305015407558e-01 4.787201379857363714e-01 6.397474585693525562e-01 7.229196280900687110e-01 7.220265886505246034e-01 5.248026392157194575e-01 5.665086608470929486e-01 6.962510899170637479e-01 3.554280868429308682e-01 4.304496084983728821e-01 6.859872273939429110e-01 5.496966685255033624e-01 7.593623966537595971e-01 5.286843295020489109e-01 6.969190854482296693e-01 5.841739529972211908e-01 5.732656343233586416e-01 8.103035044149884403e-01
7.959998088024313745e-01 8.760910320623380709e-01 3.812531504410946459e-01 5.670214856004054393e-01 2.969403510151944481e-01 8.738335939664938490e-01 1.000000000000000000e+00 8.512127734805859935e-01 7.473191078210772442e-01 9.394312733519928349e-01 7.383968070070331402e-01 6.713687110792480039e-01 8.252541630018235264e-01 6.819794114145016906e-01 6.330434030321444583e-01 7.393426748274745108e-01 6.650999687530509963e-01 7.781848397254236271e-01 7.542155790987196129e-01 7.530317068954577309e-01 8.814957994530934204e-01 9.350644896720373689e-01 6.297936689713325986e-01 8.166375594679612382e-01 3.694423460608476928e-01 9.150061182654510850e-01 8.047439559296526435e-01 9.033449434336953132e-01 7.383891709762195887e-01 6.369838189781434901e-01 5.708918171305018552e-01 8.823644997029198578e-01 7.370650820003776804e-01 3.747114628845059636e-01 8.386314899215616681e-01 2.221602610720498361e-01 8.889122628568726370e-01 5.055257168587325989e-01 8.756360457682159648e-01 9.739820491487172216e-01 8.880977622250035841e-01 5.701007439823836398e-01 4.673811658614644426e-01 8.705624594453608145e-01 8.084570053858645133e-01 9.163326450203544971e-01 5.962586873084206873e-01 7.716800160577982348e-01 9.060219219992264872e-01 5.848016735999733706e-01 8.259522776972632041e-01 2.255570663540681087e-01 6.821017209799276060e-01 7.301886705727571591e-01 8.873239076262029457e-01 7.175786299794459921e-01 3.965200374809894068e-01 6.834646241380848419e-01 7.481159841013231837e-01 7.218537280923061905e-01 7.671817370065601160e-01 8.352809054486296514e-01 8.827971681686074268e-01 9.249907728769495296e-01 6.830787823351852639e-01 7.047265114605141267e-01 7.797883797046413212e-01 6.858340651095257146e-01 7.226879488364664761e-01 9.082386031238034452e-01 3.563841206442547316e-01 8.756719406579549503e-01 6.848773171576407748e-01 9.401453178829755064e-01 6.749705941313008939e-01 8.822713016479750703e-01 3.965031351468485399e-01 8.178582350659787670e-01 8.430709907480847809e-01 6.509740829000019158e-01 4.961664631131489922e-01 8.199527158904060808e-01 8.532122141571012452e-01 4.552124795058151707e-01 5.766302781996334170e-01 7.142727960012295041e-01 6.449204047618674052e-01 7.754601064054102988e-01 4.400908801913902546e-01 7.251026252084480372e-01 8.420823860818135165e-01 9.538541715639927698e-01 8.772780115907270471e-01 7.678278826884524788e-01 5.792831304150747318e-01 7.168625297395487816e-01 7.548824766849604462e-01 6.741763024713491870e-01 5.593458439418965700e-01 3.864593024749413130e-01 5.954392475666284712e-01 7.741130316130602207e-01 7.688007642552758814e-01 9.046925043374354214e-01 8.030840558020443387e-01 6.121107435986455902e-01 7.261681006998289556e-01 7.811673622609649481e-01 8.584022712142773681e-01 8.447063931400140557e-01 5.521602256502350370e-01 6.590737507918638105e-01 5.657801574321440485e-01 7.512847372380174749e-01 9.606415439966401459e-01 5.111351872202609670e-01 5.209767447645863303e-01 9.113552339878732145e-01 8.433414195281028203e-01 7.221810190858095613e-01 8.625882100562970445e-01 4.710830854731833384e-01 3.932927946383405482e-01 5.784305275688367276e-01 8.696863512630377269e-01 7.374226898825375631e-01 6.912460245991349783e-01 7.355518759249554117e-01 9.084729523723247269e-01 5.547746004999071223e-01 5.580894928454991355e-01 7.366027333316356174e-01 5.118707737258623158e-01 6.004039316832405770e-01 5.948519007530197467e-01 7.197458812447085075e-01 5.748672004409893788e-01 6.362822657130760007e-01 8.764914636660338099e-01
6.501703014089066368e-01 7.395422717536654922e-01 5.713348274249896441e-01 6.707947441993721283e-01 2.030262719669192750e-01 9.266575540340291628e-01 8.512127734805859935e-01 1.000000000000000000e+00 7.196488436129558908e-01 8.986637764811545859e-01 7.216389438952692803e-01 7.162987127501228013e-01 8.034250487680936192e-01 6.717778719268152621e-01 3.849421681051706234e-01 7.939111554398838866e-01 7.271918815831142080e-01 6.887943318138316506e-01 7.515609499093217627e-01 7.131726528637742923e-01 7.148606685251034376e-01 6.925104127371877194e-01 6.772850507947922871e-01 8.738497560388776009e-01 5.620219116399501891e-01 7.998981175039469038e-01 9.410249971605114672e-01 9.906929414257744648e-01 7.388874546795856091e-01 7.550788463466384659e-01 6.692545398592274486e-01 9.476960748362754927e-01 7.197073956738322398e-01 4.468374743267757299e-01 6.332692498628855748e-01 1.207791812188350605e-01 6.490707662997828864e-01 4.058784573850270361e-01 9.880212660390454982e-01 8.145380600198676158e-01 7.014904732569372525e-01 7.372025069883599846e-01 6.059343097315834648e-01 9.373703590045072698e-01 7.288638854603392003e-01 7.214732975426931816e-01 7.450930092165013452e-01 9.497624217266971147e-01 7.305742744768167762e-01 6.548171139793039774e-01 9.736863601868670504e-01 2.233819797571892918e-01 6.872483605445212085e-01 8.994990358066351499e-01 6.891196384047445500e-01 7.500298473146683742e-01 3.911416309501417610e-01 7.785884560512608132e-01 7.296346152300504651e-01 7.345977676244281884e-01 8.018727991340067751e-01 8.177032574486696737e-01 5.510151019091419355e-01 8.401562749051378898e-01 7.054888985892555642e-01 8.270769340614499976e-01 8.070090717471591901e-01 7.714171351516667663e-01 7.803624857460444986e-01 7.476283357355006931e-01 5.484596896769128316e-01 9.864741521378761480e-01 7.877446122430182829e-01 7.936424486653395061e-01 6.612667885289189584e-01 9.938780901820502001e-01 5.748349144173443559e-01 9.926393189432139996e-01 7.171559033459016241e-01 7.450611895108313343e-01 5.530153298121281980e-01 8.290516379150284498e-01 9.987091824192073641e-01 4.847782646507610704e-01 6.805141399184323481e-01 6.967570069928045173e-01 6.622104850050906100e-01 4.240035327143824584e-01 6.119324076063206164e-01 5.887941007742181210e-01 9.909141645779472318e-01 7.344410662090252728e-01 7.986679243909005077e-01 5.161951509221942569e-01 6.732247933083007618e-01 7.019426741797304414e-01 7.999696424216868884e-01 7.272372655950894993e-01 6.751319454051591951e-01 5.709413349566334617e-01 8.037507856330521339e-01 8.092661209052393056e-01 6.737136910222105701e-01 7.449956379492522762e-01 6.280102828997387032e-01 7.806199410717078457e-01 9.429924674806171581e-01 7.695094384815871491e-01 9.349766435711890367e-01 8.607510611635177389e-01 7.225821672598631285e-01 7.410230006490662324e-01 6.737445800691265196e-01 6.761943445349889448e-01 8.148687335230235806e-01 7.598816417381728527e-01 7.240674530824370292e-01 9.790372186728655279e-01 8.892144552272183144e-01 7.017861325475009959e-01 9.869257076467073952e-01 7.165267882477799333e-01 5.967927630888854029e-01 7.122149611920567391e-01 6.238619033227376098e-01 8.719842892713352001e-01 6.959702118449595520e-01 7.337974582616946240e-01 7.445699000987027194e-01 4.416733641429642643e-01 5.895604081818505149e-01 4.825954691034721189e-01 6.632087081821050889e-01 5.351359890337359371e-01 6.776580267353217168e-01 8.484534449413398960e-01 7.185988136992121911e-01 7.486149370457194641e-01 6.751256624690088470e-01
6.484894592035661542e-01 5.575203938438469953e-01 5.323906914845222271e-01 7.077210059326939362e-01 -1.640725054838303998e-01 5.344428992772629616e-01 7.473191078210772442e-01 7.196488436129558908e-01 1.000000000000000000e+00 7.365441698280699168e-01 9.871781229941720692e-01 9.688603049669815004e-01 3.919614697939603487e-01 9.604970305174571621e-01 1.543679566733058839e-01 7.754873217849611589e-01 7.431672281970453930e-01 3.931234470833684380e-01 6.090274969173219421e-01 9.969389286340673006e-01 7.113530035017745501e-01 7.230121028322795684e-01 8.188069754089444263e-01 8.934237985101844970e-01 5.097623767263336214e-01 7.213000808818655907e-01 8.289643425609856120e-01 7.666660351042070554e-01 9.416579095850987624e-01 7.716581123309228518e-01 7.009300381696041971e-01 7.905713789329000818e-01 9.755302597309153390e-01 5.127127238804018994e-01 4.316125204395008241e-01 2.651495315893351856e-01 5.747702574629123262e-01 3.359195361033784355e-01 7.707375342666479279e-01 7.383325977816969088e-01 6.564597701356106318e-01 7.688358421268934872e-01 5.847923795730289864e-01 8.724381421057449959e-01 6.400365289658963563e-01 5.629899024352010839e-01 7.068910723600725365e-01 7.570884129340849089e-01 7.146442730268245391e-01 7.105112477864571341e-01 7.952485765023882269e-01 2.574586360193591994e-01 9.495191362061987661e-01 6.470756125961963923e-01 7.449732200803935722e-01 9.536407160100986991e-01 6.016962608894786957e-01 7.226176865511325653e-01 9.221774286736492687e-01 9.658459485520289878e-01 9.299596837687724715e-01 4.389184557447596835e-01 5.355052804997201266e-01 6.898412787631362786e-01 9.136381513459717052e-01 7.706705287282776817e-01 9.664866930003265244e-01 7.053059407414214999e-01 9.075533843840586368e-01 5.008582996438082358e-01 5.124593754500725851e-01 8.081086486904325294e-01 8.145618294336820497e-01 7.358518700171365889e-01 9.720347775394454493e-01 7.723957656758818624e-01 5.076637210159424818e-01 7.320517122371438257e-01 4.111521187630371443e-01 7.758875472782655880e-01 8.773178845939384463e-01 4.091938252868465575e-01 7.438736902026964470e-01 2.866914222350829822e-01 7.260906648809350994e-01 9.816617408743650852e-01 8.902565372900472784e-01 3.722125417719127083e-01 5.203425469491657074e-01 2.581117184496474759e-01 7.798136549170541221e-01 6.006427265916274294e-01 4.611285180742956125e-01 4.397204835356537944e-01 6.795019849115047084e-01 9.514306265926011363e-01 9.596472513537873672e-01 8.802770769302348253e-01 8.076172926776372663e-01 5.262535993599902762e-01 6.669509715086368029e-01 9.812609072493374551e-01 6.145108617265683248e-01 6.358895537851981805e-01 3.431437961390591540e-01 6.346631933213818799e-01 7.623317290132698432e-01 9.635558340644603259e-01 8.970411853189037554e-01 5.623175968832279104e-01 5.580141181893761848e-01 8.561709324343267369e-01 6.274936062184286456e-01 6.038854693013874231e-01 5.945009267204235393e-01 6.175807555749434075e-01 5.754475852462422880e-01 6.736267472178106841e-01 5.191636923153863936e-01 9.809530723338424352e-01 6.858111854364995486e-01 5.003346866207117882e-01 5.320267344291703671e-01 6.453579744145723218e-01 5.549931884252802261e-01 7.928048934078862908e-01 9.476783629713049217e-01 9.609297379225779645e-01 8.474956730463831800e-01 5.682323520674849027e-01 8.469627875925833660e-01 3.342790889600111282e-01 6.282054024826033700e-01 1.447454006370794133e-01 7.089839022035959726e-01 8.009509622627204450e-01 7.206568287146007945e-01 8.212522301751276066e-01 5.248818284861435091e-01
8.748050637469679813e-01 8.255005480507007221e-01 4.855783027625917292e-01 6.743640656959083435e-01 1.566062951548994331e-01 8.577592333253086787e-01 9.394312733519928349e-01 8.986637764811545859e-01 7.365441698280699168e-01 1.000000000000000000e+00 7.253019588646512084e-01 6.803083702306060854e-01 7.567326496631779920e-01 6.437331878839069876e-01 4.705662170866206639e-01 8.006668944119226250e-01 7.683478977366858809e-01 6.281355283539848955e-01 8.435135659755930160e-01 7.252282803356915331e-01 7.887153304387839459e-01 8.560742560299953174e-01 5.238945165300921136e-01 8.537459133029889902e-01 4.691239750753025683e-01 9.604547540154984020e-01 8.982712109564909841e-01 9.298919696516847466e-01 6.910646747854697347e-01 6.927731537488212021e-01 6.542067000973175173e-01 9.597996935609349745e-01 7.134258243303431835e-01 3.914419114914411413e-01 7.380826168957786981e-01 2.648247367985179790e-01 7.476763853417491834e-01 5.157761238720952601e-01 9.291431609949361015e-01 9.011771918802875536e-01 7.967813490885575778e-01 6.305167095093675567e-01 5.383435324717855686e-01 9.204955944283013114e-01 8.645448376074037489e-01 8.192586702270702181e-01 6.676242440763544561e-01 8.241985573775224561e-01 8.807496320548917623e-01 6.937964197044064196e-01 8.346139499316198584e-01 1.823298726644016488e-01 6.432745452408460407e-01 6.972339662444682062e-01 8.456534120104419738e-01 6.952496219727734017e-01 3.829704488757640357e-01 7.965195394303481446e-01 6.717088796582675325e-01 7.161975104271822712e-01 8.205229461633823940e-01 7.483984498486513370e-01 7.652410041005263119e-01 9.660761320095250237e-01 6.321624620028406527e-01 8.293708937004847792e-01 8.262443876676899279e-01 7.523147205035829455e-01 6.908836013908838947e-01 8.824543167999470139e-01 4.616182349277510033e-01 9.166410129117371630e-01 6.034509416152029626e-01 9.237595139884808848e-01 6.277447847666336456e-01 9.200137307240398021e-01 4.886814728850868983e-01 8.894282451411680279e-01 7.207612018218587657e-01 7.815640895654223375e-01 4.573953566693993444e-01 7.593091180077303770e-01 8.970308760015681671e-01 2.707367717783104588e-01 6.760779131613652293e-01 7.019522745099229244e-01 5.651644148310210891e-01 6.197477991804289932e-01 5.075427105085489332e-01 5.801702738679007654e-01 8.817618476321016363e-01 8.669839653547505298e-01 7.792571074391776431e-01 6.925313578091639721e-01 6.522636618067890746e-01 6.726068923068176941e-01 7.285671864168306033e-01 6.136316688101158823e-01 4.804732047886909330e-01 4.792215712876502498e-01 6.721957607630401066e-01 7.931791796165005293e-01 8.549869457681568141e-01 8.553451727172737273e-01 6.602461940126553852e-01 6.595466125417391856e-01 7.758839763449691951e-01 7.574376608126714983e-01 8.633192728651437609e-01 8.308976039364521782e-01 5.605314113962409639e-01 5.969139615192972093e-01 6.369592188775310415e-01 8.487720391222838279e-01 9.165752389690554613e-01 5.716051535658434046e-01 5.639907524791354376e-01 9.345954973240366837e-01 8.469042777336672767e-01 6.877116122412100241e-01 9.121542531091408890e-01 5.496863870044933487e-01 4.692167643517094477e-01 5.824052937378374484e-01 8.059248973622199497e-01 8.498874992587316379e-01 6.610677731835383764e-01 7.138638289767949008e-01 8.432232466249409697e-01 5.422543678072817563e-01 5.143155724570313003e-01 5.530032165113999421e-01 5.718784780561041448e-01 4.622676242877931108e-01 7.091862200405258942e-01 8.205278618239896238e-01 6.286924106736344608e-01 7.127455081182516583e-01 7.558613863220138285e-01
6.649756132423293442e-01 5.950352258011735174e-01 5.989421599766430182e-01 7.659207738874507232e-01 -1.981305672625123526e-01 5.383279699146480413e-01 7.383968070070331402e-01 7.216389438952692803e-01 9.871781229941720692e-01 7.253019588646512084e-01 1.000000000000000000e+00 9.858318083132564524e-01 3.914252147367220935e-01 9.814334791923158274e-01 1.449203177375220641e-01 8.313201642213522424e-01 7.928585235552574328e-01 3.976728018866542702e-01 6.586281578268684544e-01 9.800208977643205532e-01 7.427151881501459219e-01 7.255910450060718553e-01 8.346446527219948397e-01 9.235005251042144314e-01 5.771530858875014713e-01 7.300617876623907154e-01 8.408058897492030059e-01 7.612354242008159133e-01 9.725080209741122639e-01 8.313515592571147916e-01 7.667087567141797066e-01 7.780290837025475303e-01 9.974961130153019440e-01 5.598887962757433945e-01 4.585117117206275461e-01 2.778074422476305427e-01 5.887539976360021132e-01 3.567404235833430137e-01 7.605338058107632415e-01 7.468169853398738400e-01 6.866207836252800067e-01 8.227411490528545590e-01 6.557317257622201634e-01 8.802590442531824655e-01 6.835205899113769856e-01 5.806416834403365090e-01 7.658666707540199292e-01 7.828688789621096600e-01 7.397797517072609574e-01 7.676730116009102822e-01 8.020044600649024469e-01 2.548798399416853933e-01 9.762453777892942108e-01 6.376991500536458579e-01 7.604854253952132437e-01 9.804953359766962473e-01 6.165870360649137183e-01 7.695720725852421840e-01 9.482322331066301846e-01 9.926604985516547242e-01 9.560798167611798126e-01 4.339263466013891235e-01 5.131638275114032144e-01 7.057185442399209752e-01 9.500080841106953722e-01 8.054774105741504542e-01 9.699602057279257394e-01 7.624470258060344063e-01 9.422983854726776354e-01 4.787876841092936209e-01 5.805679904392884172e-01 8.049902678563931602e-01 8.170882526134801704e-01 7.551476003293049466e-01 9.806964299226432757e-01 7.747094002942767066e-01 5.774780822938544445e-01 7.405395278523380087e-01 4.033926624522248261e-01 8.124437431304123436e-01 8.936377963171218131e-01 4.035188933265245192e-01 7.438466237788983193e-01 2.976018779454229213e-01 7.866834002357940836e-01 9.985056179559258505e-01 9.146391450908675225e-01 3.404412578643163934e-01 5.918984779672669116e-01 2.550724136912366213e-01 7.853308727128605060e-01 6.057217963191570131e-01 4.718113857823042490e-01 4.440684899553692944e-01 7.472411035747207331e-01 9.804898836902087300e-01 9.712460835170894091e-01 9.129308734548370330e-01 8.097105575041572134e-01 5.957408375678741042e-01 7.188423231250912204e-01 9.826218887223150400e-01 6.508871640191703500e-01 6.701645283608766990e-01 3.279912416812515441e-01 6.920849549485402763e-01 7.554569496329383016e-01 9.890861245235077481e-01 8.992819809615573146e-01 6.005403906036295147e-01 6.222931424916322563e-01 8.836592700867115235e-01 6.929374376829322557e-01 6.418372947757792213e-01 5.952677298245232507e-01 6.676579038154715207e-01 6.345526700736415782e-01 6.761962170274639083e-01 5.476115033120152464e-01 9.951218285903913330e-01 6.973225957816927556e-01 5.592873836965938095e-01 5.992935446180973624e-01 7.101212101192225790e-01 5.675340975827959378e-01 8.202470094550591284e-01 9.813732271204266278e-01 9.888951017453078141e-01 8.617295006801317658e-01 5.883094294349506814e-01 8.872001020566949725e-01 3.393723284258884920e-01 6.970413433886194499e-01 1.371308672416983454e-01 7.631861377213842168e-01 8.361587719766625515e-01 7.833813706450267755e-01 8.740568697043308299e-01 5.486742465857050721e-01
