1.000000000000000000e+00 5.051719205443017113e-01 1.297893417004525318e-01 4.240076447011721372e-01 -5.740569085457012527e-02 2.756111101708286215e-01 4.010894686446725421e-01 2.826828348924977918e-01 3.641898736972118966e-01 4.838948939448864950e-01 3.019183305797715766e-01 3.066650743332945961e-01 2.874177385873378787e-01 2.778770427604844162e-01 3.134260618428292844e-01 4.115550800612298721e-01 5.815431002545349282e-01 2.134328236898448417e-01 5.926439022308883642e-01 2.397968153916508471e-01 4.622394161612576324e-01 4.927255357228437771e-01 -1.943505734749881309e-01 4.586692066294746906e-01 4.444114791793533220e-02 6.950517779131790697e-01 3.674936494285663824e-01 3.316440361107671486e-01 2.907211819224428395e-01 2.228401718030695311e-01 3.410058981492339325e-01 4.158688606126926257e-01 2.347684059287774849e-01 -1.998292026669864704e-02 5.689543740222047230e-01 2.492666397063349193e-01 3.347222925943271199e-01 4.051310515284785585e-01 3.204889113871238759e-01 5.418998737852199765e-01 4.832658102694683544e-01 1.429494826082350900e-01 1.496383768577116136e-01 2.909112337797128967e-01 7.985590177004665557e-01 5.532178553445384894e-01 3.441267146832791002e-01 2.503105865126143970e-01 8.215935691561601084e-01 6.310126296514720901e-01 2.307385106961454824e-01 2.185402547444780796e-01 2.504599458493632080e-01 2.186013759057251205e-01 7.336840601790297622e-01 3.155569768206115122e-01 8.851402522317206034e-02 5.270979328221976346e-01 1.827814074545680845e-01 4.582038023668464355e-01 6.005133586520731148e-01 2.581607990810034226e-01 4.530568853825043263e-01 5.638982952620502642e-01 1.632742106537822813e-01 4.499470484333167875e-01 5.195780497464344005e-01 2.591115581616946772e-01 2.138400605240675656e-01 4.971341621776678710e-01 5.779192112897538897e-02 2.302008718457425884e-01 -1.528037739566247624e-02 7.409848420869422636e-01 1.618053490374671000e-01 3.257078330424987844e-01 7.198203840694900046e-02 2.886844472670107575e-01 3.069773334466682213e-01 5.950508026207336210e-01 -6.744110963747705634e-02 2.456552182351130487e-01 2.711356749688737522e-01 -9.200507163325653825e-02 6.113122282941835239e-01 3.202107411578301588e-01 2.100054715723595478e-02 4.520611843926570783e-01 9.125580643164647732e-02 2.412196518190773686e-01 2.861436674830538096e-01 5.921268376563376679e-01 2.522307842305617775e-01 3.447475372237157609e-01 2.296923246906384386e-01 2.702600169202641345e-01 7.883954507579896132e-02 3.585652449305157946e-02 -1.845210063576430415e-01 6.464518931504184551e-02 2.863211015254323866e-01 2.573099157785837532e-01 8.909449303663243835e-01 6.976711671042423735e-01 1.559109548472533691e-01 1.624727329207218407e-01 2.441886498482698509e-01 3.793171749464414044e-01 2.720057364257635335e-01 3.578720394105847635e-01 1.869918526849694840e-01 9.683904075645788367e-03 2.950513107792743228e-01 8.263188769794089783e-01 5.788913992578130774e-01 1.505172768410247275e-01 7.144842591234995544e-02 3.209139941264430584e-01 3.508636731702687306e-01 3.219038503303900400e-01 3.251596647857482036e-01 1.610741113989505036e-01 -1.267051412181517591e-03 -1.370313214235136835e-02 6.821858135671026169e-01 3.668324597965891831e-01 1.698416417614962148e-01 4.025050434677606148e-01 6.370117635436450820e-01 3.200614439204850781e-01 1.749760253577541946e-01 2.544891566482984646e-01 5.624714590046151624e-02 1.370881515912892312e-01 5.035203724824501847e-01 4.172534648538287483e-01 1.618412037280824167e-01 5.510912161880056059e-01 3.871413091946756535e-01
5.051719205443017113e-01 1.000000000000000000e+00 2.631866895748688484e-01 5.185795760929384768e-01 3.605882708279286586e-01 5.896418678596526686e-01 7.363258159450467577e-01 4.881389535098625276e-01 2.718206607984536838e-01 3.105459453668252268e-01 2.871994377798547382e-01 2.164085331520591016e-01 6.429731273927161705e-01 1.425673272367576627e-01 4.444867298862068550e-01 1.590133767697882450e-01 5.370004497126085186e-01 7.015098168075695195e-01 7.136370942098897441e-01 2.662406640535548430e-01 6.642345136475844569e-01 5.134109006822008547e-01 3.190366760666326629e-01 5.536091156344352671e-01 2.308137760782372205e-01 7.569899145502662074e-01 4.518194494541568074e-01 4.482674602871511982e-01 3.964425407026609394e-01 5.977892937849452748e-01 5.161669997783258079e-01 5.320763058018136427e-01 2.760129088590698165e-01 5.142454933515058085e-02 8.334612214738150726e-01 -3.390716343421879692e-02 7.317832248470526046e-01 3.699905948854687043e-01 4.962957372596156769e-01 7.711512303408127877e-01 6.647969177047211575e-01 4.225990034590064726e-01 3.987823243427615627e-01 4.087105176601187329e-01 5.832589235665248673e-01 7.461355952513426537e-01 5.279514378693141996e-01 4.774994891786547013e-01 6.289750340245995330e-01 4.135956605371595707e-01 4.885194772081639103e-01 4.826119171119480633e-02 1.943003329836274495e-01 4.617083097986677265e-01 5.513895947450253576e-01 3.285768761198223364e-01 1.814470268446103166e-02 6.329479806109582496e-01 4.594261114263463175e-01 2.503984289606854263e-01 4.269459744173090820e-01 6.017351096415000100e-01 4.712012793747376582e-01 7.970528096215578895e-01 3.160807503751111303e-01 4.537220072045956565e-01 4.194548201097934026e-01 3.563024560162914023e-01 5.011670859823494917e-01 3.159661087121059531e-01 2.011585122198289444e-01 4.259973651497412916e-01 4.502224757990747617e-01 8.335151012870554155e-01 8.414984023250818290e-02 5.033473450548940908e-01 3.096510386970443562e-01 4.725273943696740031e-01 6.044106502280761628e-01 4.560763323648091006e-01 1.132552750853648219e-02 5.806114488237931193e-01 4.901019919359249077e-01 6.388632042423270097e-01 2.120163198873907806e-01 2.224088611627113854e-01 1.531904155574317361e-01 3.814542532858707924e-01 2.869809040904460207e-01 6.510213505298328984e-01 4.804453528472529267e-01 6.721831299756916289e-01 4.912392566450628495e-01 3.946627775186909437e-01 4.071540093540796379e-01 1.730914507601206687e-01 3.966981849756042733e-01 4.159630647477892684e-01 2.546258824023334699e-01 2.465259769871461226e-01 3.787807140227124614e-01 3.231414104784696151e-01 4.521315378618629421e-01 8.004648005225085683e-01 6.112101848858190190e-01 4.510350055759703158e-01 4.380148645791447914e-01 5.272848669381351439e-01 4.434454223668106709e-01 6.686782152480008623e-01 4.778972131031974935e-01 3.936770569660074659e-01 3.958785304928871818e-01 4.717884263054883398e-01 5.908278486233811133e-01 3.886590339249980097e-01 3.759442327738919398e-01 5.637708053153991372e-01 5.518251823855849780e-01 1.433738508461126493e-01 5.580321789362392426e-01 1.853560805005819156e-01 3.373806871038770860e-01 5.740256495216643495e-01 6.745326286300642460e-01 3.561112230806543488e-01 9.546803736700290588e-02 3.306688743769565786e-01 5.543267528798387911e-01 2.079277999575301072e-01 1.074767282174070582e-01 7.153677503945401472e-01 4.857851106636820182e-01 6.566174630624369568e-01 4.078956880455413270e-01 5.246499817424146173e-01 2.961664933768259900e-01 2.452098524612097985e-01 8.350476615777691070e-01
1.297893417004525318e-01 2.631866895748688484e-01 1.000000000000000000e+00 6.406529037593988729e-01 -8.033487642219264147e-02 8.599969617860307725e-02 1.147925797613670029e-01 1.140952470353382431e-01 -8.190012149643714767e-02 1.219117087277780120e-01 1.610356556291266464e-02 2.768728170836372571e-01 7.615929593639647610e-02 1.863297519677475367e-01 -1.999878818844743125e-02 3.577527924263092240e-02 5.489586089818836445e-01 5.233802032366996482e-02 7.474576814896152777e-02 -1.576503604195304553e-01 1.504486095837902215e-01 -5.245037802325601406e-02 1.104603706934796925e-01 3.127779464617404526e-01 9.823202087805190663e-01 6.936326709918930189e-02 1.267463401470265982e-01 1.418040022623679730e-01 2.359559219955113252e-01 5.821982643411565128e-01 7.553993834992520640e-01 8.256936059157538033e-02 1.069741236706679838e-01 7.467513742756219652e-02 9.248929773040726054e-02 -6.356091669181389292e-02 8.596893030649283007e-02 6.698331520114962634e-02 1.135314349478458995e-01 2.665429570284524874e-01 9.653884336061410720e-02 4.243104326437850959e-01 9.290494796314071602e-01 1.309710778452806701e-01 6.921923607402954981e-02 2.860234039867771694e-01 7.151878623200305096e-01 1.851423298059952649e-01 1.855433263700804192e-01 5.973784208032826282e-01 1.056676346465641181e-01 -2.463791801876679191e-02 3.477027114350188519e-01 1.244759091807190882e-01 1.377469970902844565e-01 2.119577922830549466e-01 9.647641896910810755e-02 4.445647231465791327e-01 2.510985305609360618e-01 1.907356116201779084e-01 1.982835150475047159e-01 4.351436236100307553e-02 -2.057601120986201904e-01 1.144691061446385938e-01 3.532529660540985050e-01 2.591057478862018870e-01 1.797669287799051330e-01 3.851863300432680770e-01 3.219138534333951807e-01 1.769907071275952926e-02 9.727638000832884435e-01 3.725263125574133916e-02 3.082560747294616973e-02 2.303834116219467543e-01 4.425881711399910767e-02 1.389317312483683842e-01 9.819807563973373954e-01 1.468277164307796590e-01 8.393759170156084304e-03 4.102737174228898165e-01 2.508261919052893196e-01 3.810452872200136010e-02 1.147436418223942017e-01 9.720935459697375991e-02 5.174086994950322094e-01 6.732922828367307599e-02 2.989750392660679434e-01 -3.005077918103954970e-01 8.806025883509972507e-01 -8.398588996415182195e-02 1.412013225804519267e-01 -5.539695836256541828e-02 -1.615551887098325423e-01 -1.387099932730377905e-01 7.679245562019256788e-01 1.882149903995553042e-01 4.810432738833463062e-02 2.986198269670222727e-01 -1.271956472984666665e-02 9.760066561321718570e-01 3.811916804454474339e-01 1.224440340394045562e-01 7.436073602233285451e-02 4.270483702899387918e-02 -1.028115130564626611e-01 4.388132844384988185e-01 1.260355847499857185e-01 1.567103594491723595e-01 1.038948516451791565e-01 8.843622603261047654e-02 5.190990174034720850e-01 2.688478093224827559e-01 8.449808919395799256e-01 2.818718513847099857e-02 1.465149394605501365e-01 3.808204446711151436e-01 4.594421974616281767e-01 9.835902277379440783e-02 7.133235459194670058e-03 8.680585158156710335e-02 1.306540007500210654e-01 3.550142469096692621e-01 9.555365599341264504e-01 6.007427644663329014e-01 8.746123980739362036e-02 1.754361191572993972e-01 1.826082826644336854e-01 2.571162718546428083e-01 1.652975245875033528e-01 -7.147668007493332594e-03 2.571952187055748795e-01 -1.357975294756042037e-03 8.321717980549893090e-01 -5.232302071536477917e-02 5.397838363534785966e-01 3.303788561902364362e-01 4.280175027017871225e-01 3.822722095615877502e-01 1.461980543975444635e-01
4.240076447011721372e-01 5.185795760929384768e-01 6.406529037593988729e-01 1.000000000000000000e+00 6.988115116871625176e-02 4.614921298939059224e-01 4.368943216571977706e-01 4.904137126514434009e-01 4.433278822398816210e-01 3.263521040193292921e-01 5.195635515731958920e-01 6.963367458710074676e-01 4.248841428615225402e-01 2.061539159504316154e-01 8.522918296295403651e-02 3.431806136510220928e-01 9.282366523134729652e-01 3.594443529737254006e-01 5.174774291787536118e-01 4.185181158650168598e-01 2.884597416514657620e-01 3.525242702970222686e-01 2.123366430840668007e-01 7.323098113196799819e-01 6.352229743952426677e-01 5.026590643788709789e-01 5.595622809580004242e-01 4.456234029028262045e-01 3.071839033609674585e-01 7.989381220086799740e-01 8.656333352259919511e-01 4.812467219853300837e-01 2.770711106822058567e-01 1.208312157989119631e-02 3.373982644490385874e-01 1.096079882438428105e-01 3.744791406947370893e-01 2.039627982377721638e-01 4.796957481348355645e-01 4.171090990112295560e-01 2.468251602684015111e-01 8.133830903751991803e-01 5.779513152708699586e-01 6.163422711233581541e-01 3.654554064500397104e-01 3.420067248802473037e-01 7.949704880262385975e-01 5.580779751460683835e-01 2.811208527302045401e-01 9.238368533002440097e-01 5.026491275899184208e-01 2.209321895975323302e-02 2.171707402588274327e-01 3.600227891522083667e-01 2.241800554784918464e-01 5.406221756364415487e-01 3.287213728453470402e-02 8.435850631350785278e-01 2.601918704967829954e-01 4.626359308711284202e-01 6.647723594801194791e-01 4.296870692758401056e-01 2.501796696072806081e-01 5.450004063285016631e-01 2.019343428814686647e-01 7.007911382690009683e-01 6.536623437259734271e-01 5.841012000764623791e-01 5.861339335921660343e-01 1.644595704041048323e-01 6.540446332590604817e-01 4.940240478709691518e-01 4.643148390265337544e-01 4.990384845015573001e-01 7.036543354022026242e-02 4.908329493580739222e-01 6.320251466072592805e-01 5.003009910524452986e-01 3.971494881292071399e-01 7.929845234251103880e-01 9.534375151070184629e-02 4.251346775926659882e-01 5.035629279384281620e-01 2.939012632591627705e-01 6.187148149587443635e-01 4.258320404304270501e-01 3.954650703527649858e-02 7.447474778152608776e-02 5.236099199165492601e-01 3.043461110857350049e-01 5.020817067794345334e-01 4.018959575195388823e-01 2.237245867243892739e-01 2.255875945377027458e-01 6.785567307600171016e-01 2.021990316520195508e-01 3.066662128403444543e-01 4.257586206202138013e-01 2.788982178859555350e-01 6.503933817192855127e-01 5.554642957868460851e-01 6.934535156069808748e-01 3.232074137133707503e-01 3.266236333904787292e-01 4.366527814847049882e-01 6.410676850928679338e-01 4.545750087690624275e-01 5.151062317863165374e-01 5.308363358298658907e-01 5.203040442368009888e-01 4.419675790632399126e-01 4.343832769137991323e-01 6.962648071833679175e-01 4.241063622286074808e-01 3.516941950191204147e-01 5.630821384106028393e-01 6.038135010207212883e-01 5.188939678168842384e-01 4.137910032845447117e-01 2.619564499005209712e-01 5.098753280910608421e-01 3.720880514594864796e-01 6.404856560145701927e-01 6.338844413909624498e-01 2.607003031736218057e-01 6.347694759428621492e-01 2.001302161423138271e-01 5.161083558144382577e-01 2.410123797640366106e-01 6.472719907575522069e-02 2.545023089288558360e-01 1.713065713324687933e-01 7.306422932571371431e-01 3.326099395873939324e-01 9.432287519732496239e-01 7.585893737972344564e-01 6.936953506510107337e-01 6.297384174963114312e-01 4.153450406842537634e-01
-5.740569085457012527e-02 3.605882708279286586e-01 -8.033487642219264147e-02 6.988115116871625176e-02 1.000000000000000000e+00 6.521112771758018622e-01 3.410530628551752264e-01 5.905071986486225555e-01 1.895250796634254109e-01 6.292638692902030595e-01 1.328616196765715352e-01 1.840027529822840235e-01 6.751753996541854930e-01 -4.693387972893218497e-03 6.679286490461756598e-01 2.815485110577192751e-01 2.860357115706005926e-01 6.529618779084072067e-01 1.301469720383867656e-01 1.584226041154065956e-01 3.235428543624103703e-01 1.990197031244084758e-01 3.987346524902417588e-01 5.041096205759952875e-01 -3.806405274956262824e-02 3.373566751351198545e-01 5.073445488983088225e-01 6.616316450058704612e-01 1.486091176607731712e-01 4.563271060064275630e-01 1.859918321854248102e-01 4.376732411664886468e-01 2.409386433619693513e-01 -3.463877066791768572e-02 4.347308122543419584e-01 1.062717687840926545e-01 4.257548093376194442e-01 7.629395294715529685e-02 5.407992588136198986e-01 2.072031092026697385e-01 2.929990827646118401e-01 3.246116108785728760e-01 -1.711319049221431410e-01 6.193951853184954670e-01 1.959488020775490003e-01 5.483892757600669077e-01 3.519375149647373524e-01 5.577885748378338393e-01 1.444033941214970251e-01 -1.542052095119366695e-01 5.869665748998391663e-01 -1.400463812443738798e-01 -4.791483711875278717e-02 3.028085271616138829e-01 7.134707263483877626e-02 1.911700385543739222e-01 -1.149903534030054936e-01 3.926324437386414234e-01 1.139553250079054780e-01 3.814038535868204127e-02 1.690938380907842653e-01 6.371199845805994855e-01 4.739923264181795659e-01 3.883269645986791030e-01 5.224521957122441052e-02 5.197606073411247252e-01 2.615843785758605322e-01 2.633821082393494328e-01 3.495963392771094247e-01 6.546603945785365308e-01 -3.334167942008910146e-02 7.021201689934727375e-01 5.899071907821044070e-01 1.858248963725797898e-01 -5.737678473195671758e-02 6.213228093529593599e-01 -2.015721934502430132e-02 5.697070810932938212e-01 6.719161575842990120e-01 1.693465742324265777e-01 1.870075345256665827e-02 6.801366763714937758e-01 5.998105454116033908e-01 5.258463574609332225e-01 -2.470515555089394799e-01 2.025449439878676365e-03 1.320800995814717105e-01 4.992640811744388785e-01 -3.243100918162344828e-03 7.381275312132269395e-01 5.881593226287942233e-01 4.471861446040999999e-01 3.680194753270601415e-01 2.662958183015057823e-01 2.764719442763676760e-01 -1.455726888943367249e-02 6.452447937528721367e-01 2.269159774214214997e-01 5.579803854087319603e-01 -8.263964376801465062e-02 3.918135499664481269e-01 4.296716823334543744e-01 5.770651523073784539e-02 2.198101879238382739e-01 6.421461091395703757e-01 5.563774831318883951e-01 3.664202407790640992e-01 2.563243554338708874e-01 6.515378276456813555e-01 5.614848570349462165e-01 3.086213248816814247e-01 4.120835792522051788e-01 2.922337904518014159e-02 1.051636298921701795e-01 5.813455773604885302e-01 4.213491333409734030e-01 3.860208267177298036e-01 6.054482146908595208e-01 5.663484932229716495e-01 -7.844681356382462653e-03 5.766366941904313981e-01 4.985361879499426441e-01 8.136884520125266251e-02 4.377829082918412995e-01 2.406136122295471080e-01 3.928629095188438392e-01 1.183898717504800191e-01 5.019321514485767383e-02 -9.582359189808844352e-03 2.008063094128697927e-03 2.532937796986330439e-02 5.741169928019020929e-01 3.006309804459811330e-01 7.054833221130953902e-01 1.801203615678639847e-01 4.490562683790509935e-01 1.073746696920338251e-01 -4.707204807028570262e-03 3.849085093269211666e-01
2.756111101708286215e-01 5.896418678596526686e-01 8.599969617860307725e-02 4.614921298939059224e-01 6.521112771758018622e-01 1.000000000000000000e+00 7.435710324817087491e-01 9.830753854201915720e-01 5.287816310270091469e-01 7.859804087386785820e-01 3.664741686381370878e-01 5.186166672600914795e-01 9.915344419987247582e-01 1.074453151417668478e-01 5.873262097907605561e-01 5.032299081463763590e-01 5.802529205956574732e-01 9.154189225473196023e-01 6.233444603230104963e-01 4.742867059393466311e-01 2.152315773824862721e-01 2.564603372627554667e-01 4.257423431013360182e-01 8.792095694663251138e-01 8.320757167740691629e-02 7.122223551976696321e-01 9.465507398455800248e-01 9.538750668037371261e-01 3.252921975258017406e-01 6.200914745625609736e-01 3.304718706839304687e-01 9.301276736881277651e-01 2.440775899417610140e-01 5.278594188004331889e-02 5.574851706009554819e-01 1.052188220269635252e-02 3.951196094743854026e-01 5.984465523409543408e-02 9.646822128648200323e-01 5.817646756133592056e-01 2.585104514093666817e-01 6.666275669511753099e-01 5.554847280571115903e-02 8.748412974306573053e-01 4.600311795095496370e-01 5.865587231569899807e-01 6.723413095748694834e-01 9.654684071526477007e-01 2.514530069499526510e-01 2.894059444000824377e-01 9.824297731132926037e-01 -7.892129389925180150e-02 6.828548444330101441e-02 8.680253779905255929e-01 1.689235133421329027e-01 5.250712355871091086e-01 2.464684852020622083e-02 7.811165168928752012e-01 2.759879634864561559e-01 3.740293455773809894e-01 6.897260101577019631e-01 9.857161663801334850e-01 3.887376959980750613e-01 7.407273821284002802e-01 1.575022068261272556e-01 8.539978423734073676e-01 7.644762857345798190e-01 5.425001269037087459e-01 6.623673885312484355e-01 7.320854583813314331e-01 1.029972089511227845e-01 9.539268651611765293e-01 8.641641854492677632e-01 5.856488155052831379e-01 1.036872394974695244e-01 9.770062064219959819e-01 1.050986084191687653e-01 9.743445439077482728e-01 8.906657272699176620e-01 6.445736955633043497e-01 9.825787473971236974e-02 9.947647176920642043e-01 9.818888630466628964e-01 7.529546362229943002e-01 3.293209253632054523e-01 2.191265128374352833e-01 1.321818777876059836e-01 4.838740511510445930e-01 2.153367945702243380e-01 9.017004412255786860e-01 9.769600270141667320e-01 6.874799505654849430e-01 7.582187627425672760e-01 1.788970823897415574e-01 2.499458285755936093e-01 9.871674052124891630e-02 5.502312431570018925e-01 4.373524538310140097e-01 6.356848083463662036e-01 6.761604953729478951e-02 8.462502022721812844e-01 7.303144758640316425e-01 3.299906638104680434e-01 5.008768203743143577e-01 8.069387971007417892e-01 8.153169559286581602e-01 9.164205155531917057e-01 4.871830007027982967e-01 9.395330246092366000e-01 9.040964370460660149e-01 6.688659505524665594e-01 6.143567293705698429e-01 2.851549134341662128e-01 4.197654153749481587e-01 8.290378664856783431e-01 8.674684323588671697e-01 7.251805965215503136e-01 9.924138625763847532e-01 9.374572525937148182e-01 2.108885474783751823e-01 9.902431799259800993e-01 7.212269033725186018e-01 2.387359658190332801e-01 5.177393646711886399e-01 2.827107043780558993e-01 8.419012914584467211e-01 7.797578620263620475e-02 3.179773571053705616e-01 1.788443826481401489e-01 -1.102624284013776698e-02 7.615648937293516274e-02 4.909040511741179502e-01 3.696447365811373897e-01 9.360405147087925704e-01 4.776186641144076761e-01 8.712232549332522558e-01 5.104730645432723479e-01 5.277454351580723735e-01 5.190785545612116580e-01
4.010894686446725421e-01 7.363258159450467577e-01 1.147925797613670029e-01 4.368943216571977706e-01 3.410530628551752264e-01 7.435710324817087491e-01 1.000000000000000000e+00 7.219574340779887356e-01 5.610859938508683253e-01 5.628847283755963327e-01 5.327654872965393862e-01 4.522389056531544993e-01 7.625331751528621194e-01 2.781376909010164211e-01 4.985371902150276813e-01 1.638218579833256583e-01 5.078699771269796770e-01 8.301216515455225320e-01 5.698919213067431544e-01 6.118186795404864098e-01 3.982793815610356503e-01 3.965511673590765840e-01 4.169352182609047941e-01 6.996792290748643506e-01 1.031719153710727310e-01 6.592659924245625191e-01 7.212244944730852314e-01 6.797626044303288761e-01 4.047110891389263942e-01 4.576099803832398005e-01 2.890466733236177754e-01 8.149894726109258025e-01 4.362582585407632219e-01 1.158788912633130774e-01 5.069078513652723883e-01 2.544896565221306875e-02 6.240487994992098830e-01 2.980946144097596506e-01 7.779432255857138268e-01 7.462880295316205448e-01 5.086994956417318914e-01 3.661362872058725459e-01 2.359359567351137499e-01 6.541470357125771518e-01 3.177214943197365082e-01 7.361533376229928427e-01 5.321911460475852174e-01 7.307441709410047448e-01 4.834826895930889878e-01 3.590557879926480345e-01 7.182607376427964097e-01 1.445898454726584070e-01 2.702821681094473849e-01 7.796223611605055392e-01 4.850056140928301618e-01 4.157126464422690182e-01 1.914612146763191025e-01 5.619025355619670092e-01 4.996516509923774052e-01 3.972261767293168155e-01 6.885113354919993878e-01 7.362897757664842446e-01 4.319644484742227175e-01 6.442418017372951722e-01 3.159736807947864934e-01 5.349336556286754529e-01 7.010113950967925556e-01 6.496007383353641362e-01 5.128628387117992737e-01 4.470897296127418485e-01 6.242062632648287535e-02 6.224532985099131555e-01 6.142803869338510081e-01 8.429069098180999031e-01 3.930171086400905400e-01 7.171377387496178368e-01 1.455862105321206745e-01 7.320118088505264131e-01 6.222085338978862179e-01 5.489472458196344995e-01 2.090772376845977387e-01 7.128357691575465394e-01 7.295862122864470445e-01 5.509460954308809111e-01 3.681676773166439043e-01 4.539253614182161556e-01 1.897538257288317598e-01 5.250928788534500180e-01 2.827652810095667713e-01 6.605018740601737992e-01 7.162007063292585851e-01 5.931398734951262020e-01 7.386058965718086400e-01 3.100730173729903116e-01 3.427675468598449515e-01 2.703509169231784748e-01 4.697004937273139835e-01 3.221007217515808874e-01 3.778103174836398570e-01 1.212265571535291464e-01 6.581246407239521590e-01 6.115469506622351892e-01 2.591884670175758076e-01 6.534323769445237184e-01 6.676629344647253550e-01 5.559676991808372160e-01 7.366477992112685502e-01 6.398084656169247264e-01 6.955169565308541024e-01 6.001849844305070514e-01 4.498014830506575912e-01 3.901874285698075373e-01 3.341369424260964283e-01 2.306886084086065269e-01 7.167122473575791020e-01 6.564263731844288685e-01 4.791112417187967099e-01 7.508674289617236486e-01 6.415800126650307300e-01 4.025770209314185055e-01 7.448014972108063514e-01 3.359086992048075926e-01 2.041392697631641828e-01 3.456532462861138799e-01 5.012783898470275501e-01 6.886660171207635850e-01 2.130458451458778768e-01 3.640409660355345411e-01 5.393572876718182307e-01 -4.495503429810987668e-03 2.720161271009986503e-01 6.071236697442368158e-01 3.098377512030943692e-01 6.922957348301242986e-01 3.980468591927368016e-01 6.493479172943831257e-01 3.168796753365061281e-01 3.203771250760041878e-01 7.568035074573227217e-01
2.826828348924977918e-01 4.881389535098625276e-01 1.140952470353382431e-01 4.904137126514434009e-01 5.905071986486225555e-01 9.830753854201915720e-01 7.219574340779887356e-01 1.000000000000000000e+00 5.966439733508630550e-01 8.234567833404673465e-01 3.967524879455022746e-01 5.971826283165226901e-01 9.630091642525583362e-01 1.438891387125001697e-01 5.286034761421172234e-01 4.918127668948549247e-01 6.154669671870184322e-01 8.534650924527034110e-01 5.642791113554102012e-01 5.218829909771682818e-01 1.240157927407817828e-01 2.066949350243068029e-01 3.917907031295785325e-01 9.021681256386676617e-01 1.032073848505404567e-01 6.977898867303375940e-01 9.821108668641324035e-01 9.765293470257319086e-01 3.191782907851882234e-01 6.063882286500509311e-01 3.265894435245718652e-01 9.593442746701500434e-01 2.571512261785304787e-01 6.499214269375701292e-02 4.633387897080131768e-01 5.055602933025826751e-02 3.045836626688259718e-01 5.095220710450916457e-02 9.910370164649966451e-01 5.617993120605447865e-01 1.615620389232780563e-01 6.824113496132560019e-01 6.298508043482432817e-02 8.936241718152745372e-01 4.046583912686150808e-01 5.316599715089258549e-01 7.023389888699741457e-01 9.839395787318931941e-01 2.019283346094742360e-01 3.342340333107262085e-01 9.942386855484327546e-01 -5.481494164345492026e-02 1.072490647546477521e-01 8.918759125926511988e-01 1.432000482356741988e-01 5.523749947006157957e-01 5.831834920333396621e-02 7.981663912874549238e-01 2.590639340739358532e-01 4.226581428119535744e-01 7.502777792323549466e-01 9.596935240556394575e-01 3.549615051858899806e-01 7.123977349222303523e-01 1.576495679958524465e-01 8.924171091514105925e-01 8.385803038075099192e-01 5.511216211017018196e-01 6.575431140235677985e-01 7.481976301112936989e-01 1.255497971286244074e-01 9.653465217217058747e-01 8.515625871006996528e-01 5.503563154156492221e-01 1.498579366462558515e-01 9.944219994374255966e-01 1.107170442081280431e-01 9.976329641358882006e-01 8.547406063269379350e-01 7.210401037880493913e-01 1.604018611589382304e-01 9.729132669013911272e-01 9.990768243722133457e-01 6.706545917796028489e-01 3.996973513696597258e-01 2.607447685237567203e-01 1.475697433701844419e-01 4.584672337379780416e-01 2.181093812557058642e-01 8.304110481131725674e-01 9.984355537282227910e-01 6.379658519490807311e-01 7.064010475761820507e-01 1.301322907868712742e-01 2.475532309799317598e-01 1.184277369388227197e-01 5.380645017559878562e-01 4.149472868069619125e-01 6.300707250599448805e-01 9.079492332209464223e-02 8.798754373032998677e-01 7.732429698834601961e-01 3.076887001566511737e-01 4.072881532846123198e-01 7.420061584601711502e-01 8.103310222498235627e-01 9.514794660857681663e-01 4.873914307823534742e-01 9.637940731893168689e-01 8.428169360503305896e-01 6.425084616577756425e-01 6.016711726834809149e-01 2.965655395902441205e-01 3.905488050818242129e-01 8.223834981143047784e-01 8.960825241775947081e-01 7.222347041685133195e-01 9.917459593241465532e-01 8.993834820800070684e-01 2.620028725977050499e-01 9.951438175729465652e-01 7.350422450985736322e-01 2.454781301050175946e-01 4.590802075012881955e-01 2.145255005834673656e-01 8.931699094911262904e-01 9.422413232721875420e-02 3.467651458401374009e-01 1.592346600182864835e-01 -6.517431901293530006e-02 1.287884164341750737e-01 3.867684479232904038e-01 3.484277761857919042e-01 8.702621349334089818e-01 5.180541418020698785e-01 9.124777323569649434e-01 5.156898550495186972e-01 6.017816515550100664e-01 4.188710396336353670e-01
3.641898736972118966e-01 2.718206607984536838e-01 -8.190012149643714767e-02 4.433278822398816210e-01 1.895250796634254109e-01 5.287816310270091469e-01 5.610859938508683253e-01 5.966439733508630550e-01 1.000000000000000000e+00 5.090130843773188474e-01 7.860829548402064049e-01 8.625118992321503253e-01 5.226630090890399538e-01 5.792608234269100986e-01 3.072054338140329244e-01 2.826210746133316354e-01 5.472156520885171904e-01 4.813829926225445810e-01 2.611434624360695622e-01 9.456720268614164926e-01 3.151704968912399929e-01 4.877720966033383121e-01 5.248675325423304283e-01 6.999032631307168240e-01 -1.298652313477412501e-01 6.070414471183925853e-01 6.540478493586917574e-01 5.873797850551196742e-01 5.968138829258547995e-01 4.193636563209130474e-01 2.339784873040464674e-01 6.528204516334750185e-01 5.088031705577857888e-01 7.828353676858593180e-02 3.414394920414843271e-01 2.117151056311699087e-01 3.740403709190226467e-01 2.846636368404081852e-01 6.320700566915433694e-01 5.333063279392478151e-01 2.664845321098121556e-01 5.765530693927080064e-01 -4.313683709843212782e-02 6.029403285985208694e-01 2.053753724461759855e-01 3.429093940628156201e-01 4.953165655229129771e-01 6.094057553371420299e-01 3.042332699324257206e-01 4.274561317984783559e-01 6.180318811893414921e-01 9.319357096935547424e-02 5.171619991836201580e-01 5.573265091355488199e-01 3.288121632054313848e-01 7.786971881338458079e-01 1.511110214925957818e-01 5.280023327062453031e-01 5.869006288793555681e-01 7.587964583988435763e-01 7.940079316395994846e-01 5.477681722027265554e-01 5.833955862156466887e-01 5.500141273922336538e-01 4.379843732190125682e-01 6.001684625844349030e-01 8.583156963209344070e-01 3.657507077443705734e-01 6.963655531075120253e-01 4.559845767937216188e-01 -1.469137075122879388e-01 6.012824388296582612e-01 6.662790488914984710e-01 5.251839396244293301e-01 6.041348180909280607e-01 6.047299226795997962e-01 -1.540820904287185933e-01 5.913812493318590935e-01 5.718408160060357570e-01 6.856378429837416411e-01 4.000259413594333679e-01 5.335345814968059930e-01 6.048821089808904539e-01 3.147354006110589797e-01 4.479481858676600536e-01 7.194752499946300839e-01 3.828202880137629438e-01 5.970013089461574385e-01 -5.291642127234384013e-02 4.783629438979550841e-01 6.155122597748150515e-01 5.938515314422639912e-01 3.786480621645528788e-01 3.692383214775282196e-01 1.101532005743318665e-01 5.668235278226234630e-01 4.286569346225561072e-01 5.661477703211532653e-01 6.186993150876365366e-01 -1.013892292009672680e-01 5.100016083640296349e-01 7.502157105531982451e-01 1.869229344687573513e-01 3.265312047771454229e-01 4.908144128234154246e-01 4.360491071144608766e-01 6.074805600562287466e-01 7.535972194829184678e-01 7.001852316805112775e-01 4.064115900254148817e-01 2.652500557114144120e-01 6.041012528215324862e-01 1.910955041561999690e-01 2.401906349709448940e-01 5.372301144555315933e-01 5.161385430207665603e-01 3.778438342010846940e-01 5.906989370704007758e-01 4.297843688842622467e-01 7.453151071747339262e-01 5.785389886993381747e-01 2.075738643400590056e-01 -6.191244473654394613e-03 2.437208225955118657e-01 3.211187323358158929e-01 6.786681975388598742e-01 4.650917798438003459e-01 7.657145279453095865e-01 4.977838428959533990e-01 -8.250347726157943040e-02 5.257018158434043631e-01 3.429454506995785468e-01 1.149626991973697610e-01 4.526238247992983021e-01 4.601142387168493109e-01 6.868836271864338094e-01 4.417264622488913384e-01 6.600238636210595811e-01 3.302259569587310262e-01
4.838948939448864950e-01 3.105459453668252268e-01 1.219117087277780120e-01 3.263521040193292921e-01 6.292638692902030595e-01 7.859804087386785820e-01 5.628847283755963327e-01 8.234567833404673465e-01 5.090130843773188474e-01 1.000000000000000000e+00 3.559646551923009716e-01 5.417915674417130845e-01 7.705821393534438846e-01 2.893302571485675823e-01 6.767458487334711004e-01 5.802555368388004897e-01 6.020931222192003052e-01 6.578124631577726422e-01 3.597900250852713033e-01 3.803179958289297780e-01 2.308292741499105571e-01 2.248716007372322245e-01 2.352097150920855473e-01 8.140460993013715063e-01 1.014217728777558891e-01 5.824988543457535473e-01 8.375174383669543587e-01 9.172969452517973910e-01 3.399630871863579262e-01 4.627405571564691122e-01 2.893427559250104086e-01 7.922536627903642437e-01 3.630521739030934114e-01 2.188892081599704345e-02 4.050746657758617641e-01 2.254651248653156137e-01 2.664939408883561511e-01 1.715891072128072625e-01 8.273206343167787136e-01 4.444439202328219762e-01 2.743024076964873936e-01 4.077771803659018812e-01 6.481419440218188707e-03 8.096196999196692001e-01 4.974045567721995242e-01 6.801475624721294855e-01 6.329605108112036360e-01 7.967598046683959101e-01 4.538585538812245912e-01 3.109855418485175660e-01 7.819551310612209427e-01 2.713284163305688251e-02 2.350651410691001197e-01 6.347158127834409136e-01 3.617864798562994699e-01 4.796667312512398196e-01 1.207812325771182582e-01 6.525339893249489931e-01 2.170211859720938552e-01 4.776831574939754965e-01 7.064672577622289618e-01 7.386735587182589047e-01 4.258294587187491653e-01 5.077374631987817688e-01 2.042835538327271439e-01 8.040908611836883324e-01 7.391049724514129338e-01 5.519978503613356402e-01 4.880487092381645686e-01 9.499146785512572189e-01 1.241988331546904079e-01 8.230795258539236325e-01 5.467478925938478174e-01 5.283186491451716815e-01 2.421768826468165547e-01 8.631126560285455884e-01 9.432893902527865471e-02 8.364698217702002392e-01 6.975444110599396952e-01 6.372063875768632091e-01 1.761210545514681480e-01 7.654073501644278466e-01 8.189224080896442270e-01 2.878532504705370032e-01 4.710200672431612001e-01 2.868750807608294595e-01 2.324109086422017634e-01 5.956208288196227496e-01 2.330076652404256543e-01 6.614611210255090246e-01 8.335115814430272829e-01 5.841437024506617171e-01 5.417309322296188778e-01 1.779382054990958917e-01 3.592458689282599371e-01 2.529670739518633527e-01 5.132900727937579344e-01 2.176128538134369794e-01 4.095509518636143431e-01 7.224779348032792092e-02 7.939355287657827720e-01 6.522984089427098509e-01 5.042078033912954504e-01 4.144756108981665355e-01 4.989871015380624719e-01 6.942679040240212762e-01 6.953852316104033315e-01 4.404888279890822878e-01 8.465143436712324609e-01 6.294500935233238170e-01 5.228048973124147514e-01 4.143815554266249701e-01 3.110439528731707703e-01 4.709198384524803105e-01 9.004399444950925702e-01 7.183116142261199988e-01 5.402141519992234020e-01 8.023108524631921146e-01 7.415750447019261449e-01 3.673637756359035000e-01 8.046152578248442211e-01 7.706950807031966999e-01 1.669611854059627754e-01 2.598077506085724742e-01 3.631902940913521727e-01 7.820048200760627566e-01 2.820108968575975594e-01 3.577867845606085284e-01 2.918668586885033722e-01 4.235635980553816710e-02 2.366840386374822192e-01 3.616041653322781269e-01 2.632174199687041805e-01 5.996816244288522002e-01 4.936480291164803136e-01 7.487353298788131939e-01 3.297365265848355986e-01 5.810789447550993581e-01 3.220712155890751438e-01
3.019183305797715766e-01 2.871994377798547382e-01 1.610356556291266464e-02 5.195635515731958920e-01 1.328616196765715352e-01 3.664741686381370878e-01 5.327654872965393862e-01 3.967524879455022746e-01 7.860829548402064049e-01 3.559646551923009716e-01 1.000000000000000000e+00 8.460151766794806738e-01 3.264868116039729706e-01 7.039655281284441513e-01 1.743536895053414415e-01 4.398431577511271451e-01 5.467242639458598230e-01 4.008233007081530852e-01 3.596713807926206763e-01 8.544787952010727272e-01 3.688702254168009231e-01 3.805738213359871613e-01 6.383237188097752313e-01 6.342300791845192354e-01 2.782892609288855137e-02 3.226411438796992215e-01 4.996254234444797437e-01 3.869616943562874112e-01 6.927524893036471898e-01 5.499527774561496773e-01 4.750182451217154767e-01 4.462117180235555258e-01 8.024918538896382847e-01 1.343412594944113914e-01 1.368945250792185653e-01 9.084439600351373878e-02 4.133319964548455294e-01 2.328623713049301769e-01 4.217931576818683692e-01 2.177093998937583430e-01 3.947302788781675842e-01 5.037102693293901146e-01 2.915465726799434942e-02 5.782930759871561799e-01 2.689839589020644461e-01 3.208407019692102180e-01 4.083055350041472908e-01 4.491427529021959630e-01 3.305864647183819338e-01 5.393655257748524168e-01 4.376219641568856455e-01 5.005508735049048891e-02 5.778077875335602132e-01 2.981917213359204233e-01 2.339507555230714853e-01 7.905788988747589618e-01 2.574136601682364689e-01 4.106643596680559227e-01 6.365100089872302025e-01 8.255154175785293091e-01 7.782280208614438255e-01 3.403700917919282309e-01 3.733124697891243571e-01 2.906616335496975956e-01 5.381150516561381547e-01 4.596297466496864770e-01 6.616874028630759241e-01 5.494581746621634011e-01 6.609190277271077552e-01 1.947781558478677011e-01 1.554489665167369840e-02 4.515308123398180662e-01 5.591154626217507140e-01 4.347671012825984893e-01 7.264295723563207741e-01 4.049531560114510986e-01 8.375941084984472179e-03 4.069681180859935354e-01 2.778805091627231660e-01 4.490084148985989398e-01 4.587744242050429411e-01 3.339680144871388645e-01 4.154407137551883733e-01 1.788036030090244810e-01 4.796166953364287555e-01 9.573608829348151383e-01 3.877796564087575004e-01 3.900758775427495273e-01 1.259599858291393371e-01 3.191123034616220044e-01 4.085114161745576622e-01 3.557701819534295207e-01 4.953220642640036031e-01 3.419986332703337517e-01 4.384580383797211378e-01 7.140659800507215271e-01 5.844159381675166909e-01 5.405484464243228704e-01 6.021099901520584607e-01 4.556413592867675222e-02 4.252356872230628748e-01 7.661232749110907791e-01 2.355692488242494831e-01 4.127663940658215513e-01 4.236981065042312311e-01 4.211199392346333670e-01 3.470586561390162084e-01 9.085428737166884039e-01 5.306669935938701510e-01 3.492475174386865944e-01 2.134365551445604470e-01 5.399005097623263971e-01 2.355102253016677083e-01 2.534113120047126744e-01 2.998179977762765458e-01 4.104156202475599535e-01 3.329930597634638278e-01 4.137476319904204725e-01 3.802159934142015918e-01 8.348260227549884060e-01 3.895655523277530841e-01 2.198752969532617174e-01 1.052404160122121513e-01 3.351433895400303120e-01 2.514821881320991048e-01 5.427807125755522710e-01 7.499079554476589804e-01 7.984067325152042205e-01 3.959206775233093945e-01 -3.857214168404298621e-03 5.747077123208811367e-01 2.769328294616925090e-01 3.387082132159732195e-01 2.909620518963841329e-01 5.507711833062576279e-01 4.826365581071995758e-01 4.963258118957847853e-01 4.551312428944621624e-01 4.097342178199081530e-01
