1.000000000000000000e+00 -1.062559381256699409e-01 -1.305848170079644821e-01 -6.933431043448762265e-02 -1.609754646368161402e-01 1.708419764356081810e-02 -3.060595965690194875e-01 -3.939540422825537486e-02 -1.799950985519321589e-01 2.977346862520919291e-01 -1.292466219918569359e-01 -1.517284404139316312e-01 -7.709806573072888747e-02 -1.200675035476599789e-01 -1.595576850086582454e-01 6.584969969209404361e-01 2.926267991172359917e-02 -2.846999691244643804e-01 8.031903220125158338e-01 -1.758679259166589515e-01 -8.049628021255451904e-02 -8.742813375826966049e-02 -2.167344092054088178e-01 2.381472090146076748e-01 -1.305809954086333546e-01 5.515820967881076564e-01 4.890448551467203170e-02 2.927088452204669108e-02 -8.971952440850979038e-02 -1.793786092701840362e-01 -9.513132034456220354e-02 1.088970177514137772e-01 -1.183093400160236397e-01 -1.306270625390353046e-01 -6.614388781667169051e-03 7.450020525256848547e-01 -1.170808411512586494e-01 -7.807464337541428212e-02 -1.132591706894122280e-01 -1.602161518277347152e-01 -8.454051995961375798e-02 -2.387747570162559452e-01 -1.461530920250457000e-01 1.861683051851126813e-01 9.835376393641561688e-01 -1.231358501965430091e-01 -1.890466088633961095e-01 -3.686649298699747335e-01 3.352398327350322726e-02 4.658927427145782840e-02 -2.142962450594515234e-01 2.809822621774754614e-01 -1.164965516131002826e-01 -3.272942612403553775e-01 -2.352768411253487041e-02 -2.804814927689965737e-02 -1.164901488649755790e-01 5.608678754572372915e-02 -1.370146645179288192e-01 1.584590495283091649e-01 2.640491998192379119e-01 -1.686900922708165634e-02 -8.075971261938348633e-02 3.372636595041562657e-01 -1.165196606762009257e-01 9.607479854963266175e-02 -1.415137230706589866e-01 -1.916405358910419354e-01 -8.440079087422615312e-02 5.924953894691135092e-01 -1.305855895285898127e-01 -1.517631449123519605e-01 -4.426256863515740103e-01 1.569766623285387061e-03 -1.193549853121847748e-01 -5.511429914668025676e-02 -1.305811168254794041e-01 -1.499754825805840741e-01 -2.013379994038604764e-02 -6.411450479478539299e-02 -1.164994094241552369e-01 -9.865469248225960941e-02 -1.254954726647680707e-01 -2.903814771058205180e-01 1.618525148305485217e-01 -1.203532296497878129e-01 -1.205925424730810158e-01 -8.928786132057503488e-02 -1.344664883578759462e-01 -1.760201314870946023e-03 -1.036096335617096020e-01 4.784456924545565926e-01 2.668037609756007122e-01 -6.308125921876442388e-02 -1.733932227014319261e-01 -1.185846305668235984e-01 -1.858724321760223119e-01 -1.891662608646312582e-01 -2.749324156388741058e-01 -1.305804194304485133e-01 -1.279849787120726501e-01 -2.184836614233524599e-01 9.920839935289784695e-01 1.509022088346791968e-01 -1.729782477787706885e-01 -2.244335060785089264e-01 -2.046373590435989487e-01 1.052969637842390976e-01 -2.732859438649941075e-01 4.590193507151369978e-01 -1.388143635993919767e-01 -1.784719573845588159e-01 -1.559713174999916019e-01 9.920969471344711632e-01 3.764580284798553778e-01 -2.899754403511594081e-01 -2.114826410008886770e-01 1.337637390731326315e-01 6.115376181301668268e-01 -1.121163763593496093e-01 1.614915436144753638e-04 3.465405356687226157e-03 -1.401971513248375101e-01 -2.182742844159027418e-01 -5.525474094917196682e-02 -3.323807256282603623e-02 -1.184217174852326415e-01 -8.840937997277482918e-02 -8.383155720367764518e-02 -7.679155643039230206e-02 -1.184536342719856999e-01 -1.405919346299081829e-01 -1.805979658405767185e-01 -1.885754467584642158e-01 -7.121345514977277247e-03 -8.552699495125340445e-02 -1.563350963887946699e-01 -6.992524383066733851e-02 -1.513307477818008340e-01
-1.062559381256699409e-01 1.000000000000000000e+00 -1.556257079068758264e-01 -2.273222188396153420e-01 -1.725558827295504694e-01 5.466044950524303475e-02 6.975562800174934797e-01 -2.073768206120733537e-01 -2.445708248432575671e-01 -2.512925696563405586e-01 -1.528561880367256542e-01 -3.111484247517088408e-01 3.259235486097020740e-01 -1.504703601027543858e-01 4.219341377541599991e-01 -2.210586529449260207e-01 -2.427162291156712004e-01 5.467751809287749731e-01 2.280950116323791355e-01 -2.186820540513195188e-01 6.472055088100734377e-01 3.055443972351664650e-01 -2.004967671433424137e-01 -3.240249957625290778e-01 -1.556214000134411857e-01 1.643615124488373713e-01 -2.052281123757175307e-01 -1.866823922665479529e-01 -1.644995051719095325e-01 -1.712287108938956859e-01 -2.132709060931280154e-01 -1.233255675490620568e-01 -1.898962793932665316e-01 -1.556814697756248589e-01 8.923672703969888209e-01 -2.566514501826055311e-02 6.142013945003613751e-01 6.481453113327904081e-01 -1.779409182148152802e-01 8.172847694624858494e-01 6.441846931503772966e-01 -2.270743378400251200e-01 -1.587517581699704194e-01 -3.188873788120553665e-01 -2.055792659880891285e-02 6.914779023449162398e-01 -2.189489333897825518e-01 -2.436323578457944006e-01 6.645981461065566531e-01 -2.425457434718258365e-01 -1.859805136490451649e-01 5.840129952636384791e-01 -1.436486533013672240e-01 1.808757176130244143e-02 6.393965410533832827e-01 -2.098446786767972083e-01 -1.436575623168676596e-01 -1.717807679382964414e-01 -1.162239422917836357e-01 -2.428736133243672712e-01 -2.163574920510683286e-01 1.124743928553236100e-01 1.637370644091647176e-02 4.705750597773379340e-01 -1.434740983429300121e-01 -3.891261154940332534e-01 -2.425089080888843951e-01 -6.629372390801269166e-02 -1.985823606791876361e-01 -3.099255596107188260e-01 -1.555996174106778485e-01 -2.575180044874477159e-01 -1.522589450894480667e-01 8.491548382898714831e-01 -1.601062849900433682e-01 -9.024066322413581975e-02 -1.556207373718415388e-01 -2.310340070501762377e-01 2.296261328599962792e-01 -2.169620518580102908e-01 -1.436512821394952399e-01 1.051447573528007384e-01 -1.822889743999826784e-01 4.456240830513074624e-01 -2.793961558188097771e-01 -2.047834462644425035e-01 -1.458813091016414321e-01 7.186721232408696536e-03 -1.583660288626756452e-01 4.150731328767948147e-01 -2.132482840095850651e-01 2.557531572474008308e-01 4.813668950824048776e-01 3.181104029865760019e-01 -1.876145307510888594e-01 -1.460033471854276510e-01 -1.068061489962359722e-01 -1.223362792913991193e-01 -2.170211827385080117e-01 -1.556218998756487559e-01 -3.288737180309596053e-01 -2.727677418731837000e-01 -1.114630980334445215e-01 8.918446922054776849e-01 4.312145133968854904e-01 -2.069600655780091947e-01 -1.878456357736482119e-01 -2.398754178501072420e-01 -2.185456453456751658e-01 3.016337218997276470e-01 -1.784424715759128088e-01 -1.531823472502763794e-01 -1.777730322615972136e-01 -1.111154482772019891e-01 1.060465691336435895e-01 -3.359091111794750839e-01 -1.975174106609218494e-01 -8.321651123953570373e-02 2.216183802258641505e-02 -1.488100191609331158e-01 -2.229290690245589249e-02 -3.252446845802269282e-01 -1.621902430869149314e-01 -1.192103328012993346e-01 6.375115266793278668e-01 -3.616529565409183355e-01 -1.462189160257613696e-01 -2.070276193687634603e-01 6.435698218657380787e-01 6.492188939960511496e-01 -1.643373710267135301e-01 5.656921595912890455e-01 -1.557846468456065836e-01 3.523485861455101786e-01 -2.448846952410747291e-01 -3.466112743492509862e-01 -2.292193296175268902e-01 -3.265795451426842799e-01 8.004377389762792339e-01
-1.305848170079644821e-01 -1.556257079068758264e-01 1.000000000000000000e+00 7.991143791713093414e-01 -1.173712184711036555e-01 -3.032114858315638206e-01 -2.370803137146051398e-01 -2.529221680232573433e-01 -2.383799546454071216e-01 -2.837769600162684536e-01 -1.641036332805262954e-01 -2.194561771598562694e-01 -3.101553169066951221e-01 -1.162867127206445444e-01 -1.729545316762892415e-01 3.266556190094841439e-01 7.301956694489684097e-01 -2.477232183707169244e-01 -1.660011574450182825e-01 -2.124496968388692453e-01 -1.032720084383054598e-01 -1.285697750074605017e-01 -1.215477455612988394e-01 -3.791840611463117572e-01 9.999999980490640317e-01 -2.569552543549401546e-01 -2.775844531831754280e-01 -2.805647043451762190e-01 -1.404169267144122490e-01 7.196458769749825013e-01 8.150543809408885565e-01 -2.576216646060992543e-01 -1.363520782833853862e-01 9.999987539973167472e-01 -1.878292100303105838e-01 -2.424264729144704478e-01 -6.610940213953991895e-02 -9.907197144514914844e-02 -2.445680201067092496e-01 -1.928954818858232556e-01 -7.022218952623766886e-02 5.741969355809668496e-01 9.958677331188307003e-01 -2.102626570040557752e-01 -1.255928649808882303e-01 -1.541095763457618062e-01 8.134061101008009942e-01 2.032545286392875572e-01 -1.309404699226034974e-01 8.543046710524796472e-01 -2.708094966527604397e-01 -1.539710039569992250e-01 -1.110848008480741500e-01 -1.624422531189652630e-01 -1.213848955319093426e-01 -2.169552204152948305e-01 -1.110943924652585402e-01 6.594276961022875749e-01 -1.261539415963680855e-01 -1.983630907121819997e-01 -3.408945259874112121e-01 -2.977588426909554831e-01 -1.144089752693273204e-01 -2.730665851024878799e-01 -1.111069795620064776e-01 -4.453181069496118388e-02 -2.916664894722131307e-01 8.256976062484036039e-01 -2.162865180161484546e-01 -2.348319443548148033e-01 9.999999824935755788e-01 -4.190702576094276210e-01 -2.494484629874419712e-01 -1.910819467962636131e-01 -1.228498553542739513e-01 -3.015787320119937553e-01 9.999999980554212797e-01 -1.452346384123942846e-01 -3.055992960904553302e-01 2.852777659403208377e-01 -1.110864158308625393e-01 -2.930774831785133427e-01 -2.459275190442641867e-01 -1.600834887552919084e-01 8.510260009491897870e-01 -1.466401033804363707e-01 -1.109942137358393976e-01 -1.213893208021424447e-01 9.998093506258129981e-01 -2.575878025143294447e-01 -2.802152045930700330e-01 -2.416238561814192387e-01 -2.089580995601232893e-01 -1.051067964325795440e-01 8.290140427594312467e-01 -1.139537832792278244e-01 -1.235343758822697036e-01 -1.541490183895938837e-01 -1.566299563976139564e-01 9.999999980099950614e-01 6.994530094644135776e-01 -2.235836274820129366e-01 -1.111225320293020846e-01 -1.714672916134522829e-01 -2.495786453290934903e-01 8.643049282261225930e-01 -1.855457352787541758e-01 -2.110655766196997407e-01 -3.951474512904665781e-01 -3.024013439006730808e-01 8.316617632632773427e-01 -1.405977419411895135e-01 9.867384532183823831e-01 -1.101775865743232358e-01 -3.291796651657587502e-01 7.534822011375288398e-01 8.801176260825295250e-01 -3.010670280482998229e-01 -2.625007432558188469e-01 -1.154097147574295601e-01 -3.062570068032149928e-01 7.212262592215837875e-01 9.989375403426441480e-01 7.876000565920836527e-01 -1.374580650784879565e-01 3.021133601625921594e-01 -1.137771125354413437e-01 -1.903499966018999123e-01 -1.058671107983750054e-01 -1.077616495939386770e-01 -1.234103621373474902e-01 -4.406956849986565228e-02 9.496008234908932533e-01 -2.161955846713165263e-01 6.749352022428619646e-01 5.356310422395640369e-01 8.185018012687912403e-01 5.057624229522172943e-01 -1.064860958862447193e-01
-6.933431043448762265e-02 -2.273222188396153420e-01 7.991143791713093414e-01 1.000000000000000000e+00 -2.396862655351160165e-01 -2.842955889446714957e-01 -2.073956053214576767e-01 -7.762989049220454796e-02 -6.676715209415109986e-02 -8.820206525622772964e-02 -3.275361645388889797e-02 9.600283118371547020e-02 -4.090099863331064789e-01 -2.054033134395783777e-01 -2.780076547521936892e-01 3.301398002685219657e-01 9.660399455546302416e-01 -4.419494620309259436e-01 -1.647584813936909254e-01 -7.002480687030117334e-02 -1.420252708140859188e-01 -1.753383198112859476e-01 -2.066749342158018532e-01 2.006591720620653010e-02 7.991151645812907267e-01 -1.739752074852107810e-01 9.511010822574685747e-03 -9.310007660255747997e-02 -2.275943233553108236e-01 7.664283852494622185e-01 8.078174642987052678e-01 -2.540492710689534750e-02 -6.554288011586964502e-02 7.990887725265909403e-01 -2.587902256195471207e-01 -1.194380429841358782e-01 -9.924465814292264543e-02 -1.378813854713724085e-01 -4.330632718315909763e-02 -2.399913759330430663e-01 -1.138285878522579120e-01 6.706083786150813797e-01 7.840758771787131876e-01 1.475320183829253728e-01 -1.038291043244603806e-01 -1.890142790268315998e-01 8.159453268968535067e-01 3.760697692339428633e-01 -1.783881084006715412e-01 9.375924054371752581e-01 -9.391982681263137678e-02 -1.492167483335715972e-01 -2.029306144031900183e-01 -5.355982520621170584e-02 -1.630302552628246082e-01 -2.452889239712620628e-01 -2.029439423150369293e-01 8.541092753190907549e-01 -2.267255525987044995e-01 -1.971378865979353245e-01 -2.117615964029893189e-02 -3.888114998175266623e-01 -1.623359443858270468e-01 -2.298649550569377420e-01 -2.029786657485593282e-01 3.972686733788470259e-01 3.039653881896235005e-02 7.904618341755916822e-01 -1.906041878179130511e-01 -2.507667654000642066e-01 7.991103106245303067e-01 -1.095125567867557964e-01 -2.695296359667312958e-01 -1.707530333396820310e-01 -2.105478909028211110e-01 -1.154675104094234905e-01 7.991149684755641802e-01 4.931779612717675232e-02 -4.522490912908797012e-01 6.268953850277323436e-01 -2.029330873194340745e-01 -3.514547707622789341e-01 -4.445936922175063727e-02 -3.482241597818485634e-01 7.762662335801879809e-01 -1.189523929139360281e-01 -2.042652023820011598e-01 -1.732009876489744582e-01 7.956914087569054717e-01 -4.732369089834899123e-01 -7.713108039528751569e-02 -3.331932749674243466e-01 -2.978576650504684009e-01 -1.331377401091793922e-01 7.980850453014072254e-01 -2.074261418895039788e-01 4.614934507659834532e-03 -2.805329226881671523e-01 -2.620453078565799232e-01 7.991161300729411332e-01 7.178228965026088870e-01 2.024967718439622255e-01 -8.235064512026349370e-02 -2.194412159159736808e-01 -4.036340016861675872e-01 7.360623561141539373e-01 -1.210122554306716433e-02 -1.572158852628646186e-01 -4.859945062060801180e-02 -3.697710683534844445e-01 5.848287113595946884e-01 -2.378735339974920038e-01 7.849538527911518182e-01 -8.094811201988176552e-02 -3.467332174672168033e-01 6.862750755374615874e-01 6.823611632538939542e-01 -1.653639114676447863e-01 -2.915534052163691880e-01 -2.043702272080673288e-01 -1.658541045665357649e-01 6.283961919095665261e-01 7.920069306316322999e-01 6.245571721686876687e-01 -1.853069423806393279e-01 5.616346484149621343e-01 -2.048955545982672211e-01 -2.231530114511444118e-01 -1.483313628634570780e-01 -1.454860864633382711e-01 -2.063625738895062123e-01 -1.235083949072198761e-01 8.119013889841989462e-01 -4.413655196960297178e-01 9.759389693451134828e-01 7.390487571832660141e-01 6.715759331577737523e-01 6.138531736757644186e-01 -1.548655743349930669e-01
-1.609754646368161402e-01 -1.725558827295504694e-01 -1.173712184711036555e-01 -2.396862655351160165e-01 1.000000000000000000e+00 4.313401767835564060e-01 -2.185022771584229154e-02 3.083297091764561904e-01 3.376550947475418733e-03 4.395421750427525032e-01 -2.195758830052423893e-01 -3.202665583383478287e-01 4.864559831581468652e-01 -1.265694692716197722e-01 3.810533634707721218e-01 -2.031411492593356571e-01 -2.107818274746244835e-01 3.924048900476889146e-01 -2.191003708315183984e-01 -2.532623056914393850e-02 -2.980118394460291517e-02 1.547972543584670846e-01 -2.147251562123945468e-01 -1.714539061148601384e-01 -1.173674619389616092e-01 1.746322185675878644e-02 1.439501952424742937e-01 3.752902054459891223e-01 -1.637675588218184541e-01 -2.257841024446932410e-01 -1.699741668557527008e-01 1.256385589892628496e-01 -1.247412281609355522e-01 -1.171277610984369222e-01 -3.614075428524268080e-02 -2.894954861943191404e-01 4.791924622374888094e-03 -3.571544087946106061e-02 2.922690354835074111e-01 -1.475114634915534739e-01 -3.456885495059103253e-02 -3.356731182771676703e-01 -1.340038897822404818e-01 1.747005372755594532e-01 -1.481387220523140702e-01 1.510408696902451088e-02 -2.425822380777264142e-01 2.512154699131373681e-01 -5.777106892998512544e-02 -2.253759718525661648e-01 2.930908131403912043e-01 -9.544068912719747000e-02 -1.196017642223204669e-01 1.428476775874358284e-01 -3.916736835876551831e-02 -2.849333547074269779e-01 -1.195884673723166536e-01 -8.699435798623159077e-02 -1.453382356063755432e-01 -2.381436892394407923e-01 -3.267327796255422578e-01 4.787491494126578928e-01 3.065970705228317494e-01 3.864412622582724752e-03 -1.196268084859639647e-01 -9.717086167577082198e-03 -8.958333599043043216e-02 -1.400825802105004070e-01 -3.067958722186393539e-01 5.097152129208984972e-01 -1.173488684865990617e-01 3.830032766549973378e-01 4.611128860504393190e-02 -1.416471101357229812e-01 -1.374894821859119765e-01 3.139900301544858996e-01 -1.173681455931721018e-01 2.799563298427948377e-01 5.351578728686008368e-01 -1.501617593212221380e-01 -1.195993786286659449e-01 4.882514501472264290e-01 2.990199812474454988e-01 -6.769372883202218021e-03 -2.479138600718654162e-01 -1.722512998424290953e-01 -1.247173440088607671e-01 3.432869081341783923e-01 -1.136112711769215328e-01 5.130199136644677527e-01 2.934021066652753862e-01 2.002836929952312717e-01 1.182608807568263504e-01 1.058947593647735774e-01 -1.485679413257169901e-01 -1.232819865378689955e-01 -5.834982813256218981e-02 -2.102623378373307261e-01 -1.491738627251012195e-01 -1.173688600048499592e-01 -8.154850479710573641e-02 -1.750601105381585643e-01 -1.516436270635501682e-01 -1.574845817341430365e-01 4.485307547500245740e-01 -8.190247190505436925e-02 1.969355461807494323e-01 -2.217943955407609968e-01 2.463822202377782544e-01 1.428753223511471382e-01 -1.706788122539615316e-01 -2.240936155681333142e-01 -1.481925033100444655e-01 -1.521359810067399176e-01 4.114456635084526859e-01 -2.016725085154799646e-02 -6.297439231836159113e-02 3.361111565528139833e-01 2.064483169662377215e-01 -1.249887353061635703e-01 2.817348780720798640e-01 6.933260030010460206e-02 -1.254453781489145991e-01 -2.030758543930787086e-01 1.841428923600301609e-02 6.329554780294596728e-02 -1.226530732344053298e-01 -2.285598186920660968e-01 -4.270864184596764174e-02 -3.459403792822339507e-02 -1.402159962629529466e-01 1.087375570874483388e-01 -1.683182519223825058e-01 4.888958001509061679e-01 -2.662739805548201000e-01 -4.302385169037789558e-02 -2.221375024676714993e-01 -2.959687599794685320e-01 -2.079713910480303699e-02
1.708419764356081810e-02 5.466044950524303475e-02 -3.032114858315638206e-01 -2.842955889446714957e-01 4.313401767835564060e-01 1.000000000000000000e+00 2.246473375718642806e-01 8.655205144164177522e-01 -2.315945162825455150e-01 5.453726672454676239e-01 -5.092522173891372850e-01 -3.132553163576186073e-01 9.047157324373188425e-01 -4.326856520034089715e-01 -3.615606479576725929e-02 -1.476237955156299020e-01 -2.877161763910158210e-01 4.745984862265816839e-01 2.492704102995156601e-01 -2.891408086092739915e-01 -2.898357552316910835e-01 -2.173527160311236606e-01 -4.259821712354726064e-01 2.276218118190321549e-01 -3.032013316902418820e-01 4.045813970475011234e-01 6.866025893684568615e-01 8.225763364281611922e-01 -4.439113896155187367e-01 -4.015284851776901864e-01 -4.051594620419258774e-01 7.583368799062563115e-01 -4.449511596321715778e-01 -3.035017639203311801e-01 -6.569418342333729899e-02 -2.760072923329659478e-01 -3.265375865982145798e-01 -2.893962470516141527e-01 7.995545490595739047e-01 3.260773537628434970e-02 -3.020898955454006662e-01 -2.369973683266678177e-01 -3.354407707218829970e-01 4.517327620082164930e-01 5.081536058604426559e-02 -9.788779844254616447e-02 -2.414474287887034554e-01 5.975954366953702968e-01 -2.598787883293113277e-01 -2.684509432608092050e-01 8.241360363707153081e-01 -2.575343509483944970e-01 -4.145241250762361496e-01 7.828718295362820934e-01 -2.842808732749385059e-01 -4.285303081298170724e-01 -4.145013821742201676e-01 6.725672191944981337e-02 -4.411954914242596226e-01 -4.628254447650067549e-01 -2.991210675155607165e-02 9.046035036267072726e-01 -8.767940371297815172e-02 4.915509586897127692e-01 -4.145632873340775459e-01 3.707344277093288509e-01 2.188293286287649464e-01 -3.134216563754356755e-01 -3.221211517138773406e-01 4.424452427472512217e-01 -3.032319014536605239e-01 7.234527838104192199e-01 2.122071052018254245e-01 -2.661845122947913492e-02 -4.572667063677821053e-01 8.694269131607947898e-01 -3.032025060864201871e-01 7.823982523217367646e-01 5.298119853540791402e-01 1.082388022402120537e-01 -4.145214357906717995e-01 9.600251624425562014e-01 8.254483410060080573e-01 1.860594218450447312e-01 -3.755130821582767786e-01 -5.137033240032291559e-01 -4.203332043578263399e-01 -7.237497590995653485e-02 -3.020208076001210662e-01 5.128767194571624000e-01 8.230359010991058488e-01 7.942997023671669043e-03 4.421338956067965564e-01 -2.604653507541660473e-01 -4.042682209538460691e-01 -4.238843242288933832e-01 -1.664353727684142747e-01 -3.396900782491684145e-01 -2.055004035133081719e-01 -3.032007599224936234e-01 8.360858686674389750e-02 -4.343742080059820147e-03 4.167724430223930521e-02 -8.825013068609995071e-02 3.541855432093390932e-01 -2.060941521125544129e-01 7.868300197329471946e-01 -5.330650670676259084e-01 5.830352379071079838e-01 6.012993252744209816e-01 -2.451528429410180787e-01 -2.878543526166829070e-01 -3.315480217821950570e-01 4.110339461567701774e-02 3.695500319061715833e-01 4.695317014879339668e-02 -1.757702962741122810e-01 9.077647966822723902e-01 6.751668214476644891e-01 -4.288757723759302753e-01 9.346540753811858337e-01 -4.522753927210167169e-03 -3.140340490131826590e-01 -3.501787986557449162e-01 -2.655382893644532283e-01 3.146965035072401551e-01 -4.236085798461947105e-01 -5.098977873509143999e-01 -2.926324772769348659e-01 -2.857595647753036205e-01 -4.643035456371018554e-01 -2.729642607420833533e-01 -3.922969493704651645e-01 6.809739578037716790e-01 -2.684799934442291813e-01 1.658857747506068125e-01 -3.285296858609357273e-01 -1.916301731855624413e-01 -2.194813460139256045e-01
-3.060595965690194875e-01 6.975562800174934797e-01 -2.370803137146051398e-01 -2.073956053214576767e-01 -2.185022771584229154e-02 2.246473375718642806e-01 1.000000000000000000e+00 9.987502350594748557e-02 -4.560819797929151209e-02 2.638813813859941515e-02 -3.691210240130744606e-03 -2.349950631888858277e-01 4.273053175249008073e-01 -2.616365110127482074e-01 4.824808666069876351e-01 -4.959240078485015468e-01 -2.111203824993533595e-01 5.487375957722009368e-01 -9.247201752297659963e-03 -1.301407814940381581e-02 5.745490877174159738e-01 3.599804381705953293e-01 -4.329326710887749785e-01 -1.495746075991629120e-01 -2.370735697241848072e-01 1.835996607513790679e-01 1.359577055463384865e-01 1.098886463160045623e-01 -3.225533126114422111e-01 -1.718480103840972495e-01 -1.925534765739287391e-01 2.636139073201730354e-01 -2.922423355881982251e-02 -2.369274322739266248e-01 6.181936306952838800e-01 -1.529391747504455223e-01 5.695346677620471976e-01 5.737519389271633630e-01 2.509513157733254674e-01 7.630758038261722387e-01 5.663293777312997657e-01 -4.145655995253724191e-01 -2.614188939859010685e-01 -2.098513472722075487e-02 -2.686357303570325872e-01 7.349739981627575469e-01 -2.954419382789270077e-01 5.248738522621354541e-02 5.624042270096941687e-01 -2.563723486209019131e-01 1.025213374309486836e-01 4.433008236746968644e-01 -2.648978187515891314e-01 3.589640864353216276e-01 5.696255300269675859e-01 -4.628082775405834570e-01 -2.648997065894448388e-01 -1.271431255602651356e-01 -2.722872937891723244e-01 -3.656418048247835340e-01 -4.829616239580295650e-02 1.967747276963493219e-01 1.587669560051735429e-01 4.459093407489626015e-01 -2.647357488254923896e-01 -3.945457955941698847e-02 1.219943197032974380e-01 -2.413039055270817940e-02 -4.125213073305251110e-01 -1.675376053218047834e-01 -2.370355189517837913e-01 1.122200145454567977e-01 -2.763797397068964434e-01 7.987453888613711417e-01 -2.491497956946464587e-01 2.117950608302699433e-01 -2.370735229725136894e-01 1.314657911655557343e-01 1.848009735310094104e-01 -1.598345530562540404e-02 -2.648972420751956047e-01 2.452627529905898052e-01 1.729864750976582710e-01 1.190321058421355271e-01 -3.703884324546066753e-01 -1.018906998642211681e-01 -2.720983406632741519e-01 1.563104639473212876e-01 -2.404953404730802990e-01 2.430384895611686358e-01 1.060745984124273622e-01 1.274773674084906938e-01 4.570020333630083198e-01 3.416732513719103470e-01 -1.747976822160598465e-01 -2.658973162836301696e-01 1.040080851510618992e-01 -4.242371529531453467e-01 -4.300905292365325150e-01 -2.370745047439713482e-01 -2.875331522642064486e-01 6.970807139062842883e-02 -3.307945035860679894e-01 5.888383174247768803e-01 3.957709172291369315e-01 -3.130593137675201643e-01 1.737653582292437993e-01 -1.716477703440047464e-01 1.237670587487617047e-01 -1.316088555980391393e-02 -4.077447110969267818e-01 -4.383510004861269072e-01 -2.866679605154471844e-01 -3.311027084624301731e-01 3.473533128265612335e-01 -3.265850718084470916e-01 -3.450553781303734580e-01 1.592438322423858632e-01 -1.419991683938834348e-01 -2.487082865540377052e-01 2.193493663597660959e-01 -3.832908196398549516e-01 -2.545380983845573764e-01 -3.521796537833019602e-01 5.741384740622106353e-01 -6.501947285122430809e-02 -2.629422407279969343e-01 -3.237260445773195161e-01 5.745779338347736243e-01 5.762581343907909881e-01 -2.414900552213279927e-01 5.125430581182561784e-01 -2.488491407787995213e-01 2.736421958871815274e-01 -1.891023726450257181e-01 -1.869686273624670270e-01 -4.360640703940828478e-01 -3.817208279683165228e-01 6.618287707402685793e-01
-3.939540422825537486e-02 -2.073768206120733537e-01 -2.529221680232573433e-01 -7.762989049220454796e-02 3.083297091764561904e-01 8.655205144164177522e-01 9.987502350594748557e-02 1.000000000000000000e+00 -4.719867742066171518e-03 6.748404507177055978e-01 -3.726747195895404041e-01 4.560139283401531268e-02 6.442182996451257804e-01 -3.824971296072471882e-01 -1.816780468491972222e-01 -1.950520743676987523e-01 -7.760980797955484289e-02 1.153758687462470151e-01 3.651226967378617266e-02 -5.929418590792723265e-02 -3.624173319470218591e-01 -2.535660631632840056e-01 -4.409784878256868268e-01 5.086321016055512789e-01 -2.529137595360049784e-01 2.802772708961945858e-01 9.337064545295206131e-01 9.456364639239354108e-01 -4.207674935364394964e-01 -3.519595341353837226e-01 -3.567587206881691619e-01 9.184019010221943224e-01 -3.882293045583730673e-01 -2.531950530671283617e-01 -3.172038964552771345e-01 -2.197292281788031099e-01 -4.077746203187900820e-01 -3.607545903269058218e-01 9.675364217181045001e-01 -1.350874811746909376e-01 -3.723538715143339672e-01 -9.258198661677133345e-02 -2.847795819792263150e-01 7.316788054418640330e-01 -6.360374092760508191e-02 -2.364968127091173211e-01 -7.120301668389696081e-02 7.875439105562207498e-01 -3.639148930790003789e-01 -9.149161179817093259e-02 9.685347002987676479e-01 -3.378442231043254917e-01 -3.687507016342953525e-01 8.367964790386679397e-01 -3.583283069311702929e-01 -3.282917512441627106e-01 -3.687257600003974733e-01 2.229314118812968371e-01 -4.107817948547361486e-01 -3.551940680302271280e-01 2.732123366440600831e-01 6.946269403899234529e-01 -1.044028336026863457e-01 2.888791220056010078e-01 -3.688478006061202685e-01 6.682710243786601501e-01 5.639231630174756926e-01 -1.943326860223024699e-01 -3.153015521782784880e-01 3.797192872531730545e-01 -2.529515791147226023e-01 8.764453022694119744e-01 2.376342059482492441e-01 -1.862452916745970799e-01 -3.946802290533332203e-01 9.780524477289622709e-01 -2.529151414373983497e-01 9.746139670986762038e-01 2.807681350985250512e-01 4.263934750162483023e-01 -3.687466985674898168e-01 7.855137268587432109e-01 9.889308544942163604e-01 -7.235307922735423336e-02 -2.229293732639537340e-01 -4.120202713048515264e-01 -3.762941965504165154e-01 -9.079008431849466820e-02 -2.531263245691557362e-01 1.119129644642168353e-01 9.885258049107236156e-01 -1.771633636477560059e-01 1.291830607229769168e-01 -2.721063903918811699e-01 -3.557726651190812328e-01 -3.767092995526047927e-01 -1.228289262072843613e-01 -3.845100437336423371e-01 -1.762476382064356306e-01 -2.529119286059870464e-01 2.704160634787081685e-01 3.641778651447796777e-01 -3.985791245932089610e-02 -3.433369608669535333e-01 5.878233110930358718e-02 -1.674101816390703712e-01 9.386225869720655757e-01 -4.749422423684480643e-01 7.761911400300038899e-01 3.035058107353149626e-01 -2.695054713356397347e-01 -3.332395650137002230e-01 -2.699830650277136312e-01 -4.031479543542997035e-02 2.473263425383362135e-01 2.117474322424262034e-01 -1.464630928728423709e-01 9.500621025707502998e-01 4.764980856051900804e-01 -3.672362159509695023e-01 9.697486511868085302e-01 3.067826757081639627e-02 -2.651688495534587076e-01 -3.726948314363716097e-01 -3.580700279709077560e-01 6.348491813867032096e-01 -3.760195769708370994e-01 -4.240753727742332946e-01 -3.613824027723722132e-01 -3.578674234856721315e-01 -4.000946508153278569e-01 -3.646997233315941167e-01 -3.568736707550435039e-01 3.025875431927022574e-01 -3.190507070933510519e-02 4.306603582240134953e-01 -2.818226705200842508e-01 1.150801544770238272e-01 -3.864311972067357437e-01
-1.799950985519321589e-01 -2.445708248432575671e-01 -2.383799546454071216e-01 -6.676715209415109986e-02 3.376550947475418733e-03 -2.315945162825455150e-01 -4.560819797929151209e-02 -4.719867742066171518e-03 1.000000000000000000e+00 -4.107868404723330480e-02 5.579837120746187207e-01 5.573722929976530072e-01 -2.934734684659653925e-01 3.931260689220966165e-01 -1.267546413902981561e-01 -3.811098891809096001e-01 -3.950316911913111240e-02 -3.590042297717939701e-01 -2.798364462880534864e-01 9.599198151951199298e-01 -1.185259821041148715e-01 1.574444256121849128e-01 1.216990890793057944e-01 2.239209368368103859e-01 -2.383808852156995839e-01 5.235385980065034722e-02 1.434733394241310966e-01 -8.448175605280554279e-02 3.206510790739118821e-01 -2.847678168702016399e-01 -2.754800063211510497e-01 4.882317320648126013e-02 2.346488598551999816e-01 -2.383982182776471226e-01 -1.872172227142113177e-01 2.726329639849428554e-01 -7.626963271903672292e-02 -1.237379104325419671e-01 7.926284327422808418e-02 -1.798156880474345853e-01 -1.241063774393072611e-01 -8.124503333267575622e-02 -2.125102990511208711e-01 4.424745689583647196e-02 -2.708277807316536445e-01 -2.629798000326404872e-01 -3.031121906468247085e-01 -9.831400332298532996e-03 -1.664721575203697568e-01 -3.917029596829414012e-02 6.983850286882617442e-02 -1.774301076110733899e-01 3.738856070768711293e-01 -5.477767193633885368e-02 -1.112682530161311079e-01 3.801203578237779546e-01 3.738907147789090613e-01 -5.982036984914670258e-02 3.525997961345425091e-01 5.059457113858891741e-01 5.357414921952560194e-01 -2.461821728023182165e-01 2.649171119478282987e-01 -6.137288496316321146e-02 3.738541185704264413e-01 4.653382577317887597e-02 6.579927804163333560e-01 -2.438695345835641959e-01 1.790662832854208464e-01 -1.539423440071767124e-01 -2.383945028790084297e-01 8.531389713964679378e-02 1.440510111062549559e-01 -1.529607996720380170e-01 4.529318799982319232e-01 -3.337531064635630706e-02 -2.383800142985475767e-01 -5.276015589377331012e-03 -1.889906132227194280e-01 2.761271999615599326e-01 3.738889673252026591e-01 -2.087691638088225443e-01 1.431603471143951846e-02 -3.407084102604975295e-01 2.405486632696772140e-02 5.412450685285206120e-01 3.694871473632720393e-01 2.758460806425709344e-01 -2.394976178654817933e-01 -2.634242080724041313e-01 4.269551632885975473e-02 -9.162741458574238940e-02 -3.346567453108969525e-01 1.259820863267032132e-01 -2.792397944013503830e-01 3.839878761772960170e-01 -5.450551486068676288e-02 1.379664181149159730e-01 1.021472899282339641e-01 -2.383815712365752459e-01 -2.856083016582106060e-01 5.143705074975174485e-01 -2.382851056923159516e-01 -2.991011264357418264e-01 -1.314191182112792178e-02 -3.570300469669357435e-01 6.747945078120662354e-02 3.608946517571636203e-01 8.969186353609323592e-02 -4.317208455055330241e-01 -3.749715471090592223e-01 6.357965616234993733e-02 -2.103882970631404670e-01 -2.387748749508016854e-01 -1.542425589829174437e-01 -2.037433341083220717e-01 -3.310725003920902410e-01 -1.306814565048919907e-01 -3.884755948257475611e-01 4.418496958700812161e-01 -7.688596565684474582e-02 -3.583189240656797780e-01 -2.386063449625284161e-01 -3.533378924491853423e-01 -4.955541185283580952e-02 1.942856391018803197e-01 3.819039481624366128e-01 5.451012050373965634e-01 -1.240739283647323277e-01 -1.211632565487534563e-01 4.667980453676811581e-01 -8.523942268999236405e-02 -3.016711413490669735e-01 -2.616436664754453467e-01 -2.136836090774126354e-02 1.331227933533953856e-01 -1.886478526040193948e-01 1.579783841428707147e-01 -1.808973172102667226e-01
2.977346862520919291e-01 -2.512925696563405586e-01 -2.837769600162684536e-01 -8.820206525622772964e-02 4.395421750427525032e-01 5.453726672454676239e-01 2.638813813859941515e-02 6.748404507177055978e-01 -4.107868404723330480e-02 1.000000000000000000e+00 -1.773002568622757125e-01 6.979959909070032609e-02 3.691884514002020667e-01 -2.910368987936070573e-01 9.824467459869293262e-02 -3.223793157126313841e-02 -3.346740384570943277e-02 -4.061321013772249688e-02 8.582231298254340557e-02 -8.944213432414067910e-02 -1.144568912094529739e-01 -1.245798602759962959e-01 -5.104074174139312525e-01 5.834499816929749061e-01 -2.837659582088348786e-01 2.004512827752639448e-01 7.001789324383739244e-01 8.430953276254647966e-01 -3.368791836754198576e-01 -3.302437997804143488e-01 -2.856330754081029544e-01 6.638873428784879405e-01 -1.195947014517182438e-01 -2.837592282841173708e-01 -1.987144585748685244e-01 1.923284074834738511e-01 -1.827277795832031870e-01 -1.126474006035305953e-01 6.775313489198704353e-01 -1.408446117910411022e-01 -1.278974123584447342e-01 -3.736148141810328727e-01 -3.147699803972552890e-01 7.391196601808208699e-01 2.608750281468513732e-01 5.400237332686105146e-02 -1.934670566765021582e-01 4.085597379485895186e-01 -7.354351869617979653e-02 -7.309833917654467994e-02 5.409785416662289403e-01 2.630307059219756313e-02 -2.919906878391292926e-01 3.577068254719242835e-01 -8.764218321652257615e-02 -2.985556479759935433e-01 -2.919679275225832704e-01 1.192584811197776595e-01 -3.401250300643395841e-01 -1.385900989075832535e-01 3.575147572311320188e-01 3.419128758364358700e-01 -3.548265062546372695e-02 1.403703998846542456e-01 -2.920277524890431686e-01 5.847360078749590517e-01 4.104972260498965797e-01 -1.739731132562613025e-01 -3.476602849638233406e-01 7.559399025347349754e-01 -2.837703501881275181e-01 6.608229971691994553e-01 -2.369768082566678369e-01 -4.199314640583527020e-02 -2.672116226308089426e-01 7.323399623211321874e-01 -2.837669423282045966e-01 6.517461534708089976e-01 1.754899643800166553e-01 2.949491930150594521e-01 -2.919868300385244919e-01 4.097971966747920303e-01 6.640911391573541822e-01 -3.732192049450803739e-01 -1.383007184898046860e-01 -1.976331321968899102e-01 -3.017007478354007399e-01 -2.109721077203585704e-02 -2.852094334721100299e-01 2.829798423012271427e-02 6.703823739728869135e-01 8.312077012917699903e-02 9.873343909913967487e-02 -1.338391662323918374e-01 -3.111704896977645074e-01 -2.943933538104263059e-01 1.032399172110364839e-02 -4.771952169334071625e-01 -4.130998995466386714e-01 -2.837642008561995222e-01 9.568928858335465359e-02 3.080276035085546260e-01 2.725651116124160889e-01 -1.630005522822869923e-01 -1.058819615374380768e-01 -3.301876797197831337e-01 5.006203997469763634e-01 -1.780723613419464280e-01 5.342647214353598573e-01 2.092360236660869843e-01 -4.305124462158212983e-01 -4.324921736117893767e-01 -3.257506965707789304e-01 2.718341182518651533e-01 5.804405335171320957e-01 -6.018938538609491795e-02 -2.910432007933139165e-01 6.820654368656750011e-01 4.215452033825405342e-01 -2.380284181501768903e-01 6.284546599170661718e-01 5.037190400719004924e-02 -3.032487611361762703e-01 -4.944753278053465873e-01 -1.173617717530218429e-01 4.563897008674632216e-01 -2.908693512841210027e-01 -3.138211519412821282e-01 -1.115632717635558768e-01 -1.094650730926791382e-01 -2.645392455643204022e-01 -1.583318711497482267e-01 -3.823454082103606710e-01 -2.458673374729921507e-02 -1.439097772825064479e-02 1.880001552476809890e-01 -4.415748306391004130e-01 -2.771934317054559199e-02 -2.173509523399724253e-01
-1.292466219918569359e-01 -1.528561880367256542e-01 -1.641036332805262954e-01 -3.275361645388889797e-02 -2.195758830052423893e-01 -5.092522173891372850e-01 -3.691210240130744606e-03 -3.726747195895404041e-01 5.579837120746187207e-01 -1.773002568622757125e-01 1.000000000000000000e+00 5.668034851395666873e-01 -5.615486033129861720e-01 4.746855108290423675e-01 -2.168724251442247508e-01 -1.340324039233920517e-01 -6.750359970060688941e-02 -4.471703045115168473e-01 -1.811049176755518963e-01 6.294108962681661534e-01 -9.933017671591874709e-02 -1.564356144366319257e-01 2.817147425895837332e-01 1.451585689399466639e-01 -1.641006219949540101e-01 -3.086051963104337048e-01 -2.019469963692099024e-01 -3.324042505795835045e-01 4.108122547154735571e-01 1.066387457321570781e-01 9.565858645882452382e-02 -2.483517709882318569e-01 8.042233542867425200e-01 -1.640539782622645881e-01 -2.058175543029912569e-01 4.225576301273076263e-01 -8.667930575368680557e-02 -9.902542921848730972e-02 -2.818212432153204827e-01 -2.679815918767635141e-01 -1.055121664517141705e-01 -1.603589882491480989e-01 -1.392447714082043486e-01 -9.036302302469836900e-02 -1.756952649011561951e-01 -8.878452415772326856e-02 -2.344263841602224618e-01 -3.160519439373017936e-01 -1.233146964928958644e-01 -5.271302335395981753e-02 -3.335332915707486245e-01 -1.428273768625535900e-01 4.336863108862683558e-01 -3.357295776536371457e-01 -1.054380841576997019e-01 3.977908774376865408e-01 4.336917375815613207e-01 -2.281524617039788205e-01 4.118480152708391406e-01 6.047872444772208755e-01 5.267955136551198958e-01 -6.227153622289923751e-01 -1.734248457145217692e-01 -3.193709485358183775e-01 4.336769174428701246e-01 -1.098645278830070043e-01 3.094477015614181536e-01 -6.904539615033630784e-02 3.110397833447757221e-01 -3.287778721101002333e-01 -1.641104867887789309e-01 -1.867177654376700191e-01 -9.490291552700788613e-02 -9.147229852827339081e-02 5.707039914274451009e-01 -3.308494274852488148e-01 -1.640997481781441836e-01 -3.403895232888242139e-01 -5.934679959180487741e-01 -8.638516838795502750e-02 4.336909439798038446e-01 -5.558447495290914642e-01 -3.206501126202002672e-01 -3.052961885101915795e-01 4.218626708696897321e-02 9.288315164087753706e-01 4.328295830552238987e-01 -1.701449549679789897e-01 -1.660364713803771375e-01 -4.592612387478117175e-01 -3.435037666930925715e-01 -3.591961663509782299e-01 -6.443437017307647452e-02 -1.219332663277132578e-01 7.116416829447655412e-02 4.485725780299515963e-01 4.631449910130873704e-01 1.527820938282937191e-01 1.610588962213315711e-01 -1.641015393320676696e-01 -2.859800580477757648e-01 4.189987329889161005e-01 -1.600583673887724934e-01 -1.380860284969659957e-01 -2.957989990640685907e-01 -2.676509190569591468e-01 -3.052534039789688292e-01 8.634527858580017812e-01 -1.537670618288443924e-01 -4.709528684888873440e-01 -2.855765191195692165e-01 1.380845747972280768e-01 -1.599340735980113171e-01 -1.602341740329043529e-01 -3.554881872028824996e-01 -2.893214527758035115e-01 -2.816448306965230186e-01 -5.055079267233277829e-01 -4.180233179813759858e-01 5.446401426698703752e-01 -4.073240637234507022e-01 -2.788025980954717542e-01 -1.664648033343507361e-01 -1.974889404659885550e-01 -1.374573625673204125e-01 -1.373409265220404962e-01 4.525604780404878236e-01 6.308880549096136381e-01 -1.026272071362919480e-01 -9.791032145476186166e-02 5.981036900846510296e-01 -1.792075088827911333e-01 -9.243930170099803889e-02 -4.831783650613966086e-01 2.749091191056137612e-02 -2.879675012069242701e-01 -1.320602593991344054e-01 1.310800762144256979e-03 -1.097155985792062916e-01
