1.000000000000000000e+00 2.542827614174971163e-01 -2.072486299116603134e-02 2.071148721935131554e-01 -3.004264755446022228e-01 -2.875532676707186555e-02 1.828763182160733636e-01 7.454556351745141030e-03 2.350364859313902599e-01 3.397754630598220360e-01 1.585082834437042676e-01 1.171791241496682040e-01 -1.303331158487718369e-02 2.299559853807740806e-01 1.046336737924763172e-01 3.044081527091183625e-01 4.094362498590151667e-01 -1.263649023268482996e-01 4.708259182605904480e-01 1.011098582138434399e-01 3.301301512568247110e-01 3.484737050894065602e-01 -4.255711365582193761e-01 2.862140004152147199e-01 -1.258740790753484495e-01 5.677899805308350700e-01 2.083781225022768580e-01 1.074345302377290035e-01 2.070330488136087332e-01 -1.245825303140057905e-01 1.115614083505864496e-01 3.061625434662448852e-01 1.316413075445613257e-01 1.547828775228042297e-01 4.112804095672446536e-01 6.122660782372137123e-02 1.184001402828825517e-01 2.958917460346541795e-01 1.163120858221481785e-01 3.517750462385101917e-01 3.491087489641193642e-01 -2.186806022907633873e-01 3.763630862856802428e-02 -2.575097767598503312e-02 7.204915655186854284e-01 3.226906394060956584e-01 6.323932991614276966e-02 -7.929797193923007748e-02 7.656908411076357446e-01 5.469931546133570688e-01 -9.647733434665159424e-02 1.788554358887988749e-01 2.028517704306398994e-01 2.205727320404403738e-02 6.628397060841120236e-01 1.858961889201067863e-01 5.736270446981835136e-02 3.296987735307616574e-01 8.069422531796918707e-02 3.997792744691797684e-01 5.769257499053633831e-01 -5.724069647549971662e-02 2.680039859264790603e-01 3.568620538973401590e-01 9.933926622998619227e-02 2.634331086611055861e-01 4.422544561984110278e-01 3.942971540021654453e-02 -6.701057923281966699e-02 3.648662533582456291e-01 -1.115289282869220272e-01 -1.132388999359103671e-01 -4.703923381487901123e-01 6.531578149448296067e-01 1.550191874127232194e-01 8.892195930308545437e-02 -1.012980748116949492e-01 3.874847585495782426e-02 1.748980447595223364e-02 4.584496416363288418e-01 -1.214560280928242419e-02 -9.448290815792882713e-02 -1.908752059507961077e-02 -3.937610206322167405e-01 5.619351388973381489e-01 2.464125223351034677e-01 -3.150897985259894230e-02 3.243758420557840694e-01 -5.708578587395785053e-02 -7.661866500739629438e-02 1.572905553405143722e-02 5.107616541918427178e-01 1.215063921851048667e-01 2.875542675918488777e-01 5.887887144719529398e-03 2.470640217757479884e-01 -1.274861432062061040e-01 -1.827817126278765136e-01 -4.678680349692617702e-01 -1.387484397837998873e-01 6.187192114805386417e-02 -4.621328934084020096e-02 8.407275639115340260e-01 6.511972996689536775e-01 -1.920758551388163371e-01 -2.271845624346258141e-01 3.090383383809516826e-02 2.429088558659854846e-01 -4.481671576562130249e-02 1.276232975244899759e-01 -3.317441022052207422e-02 -2.866028876287124438e-01 1.340021554485804067e-01 7.337025290888308238e-01 4.913275139215498299e-01 -1.906167282311833355e-01 -2.933630378969471209e-01 6.136062408336830087e-02 1.767830067695153606e-01 2.824770948876534904e-01 8.617362810398046524e-02 -5.512664964000596468e-02 -2.303212957148871032e-01 -4.008823548758993494e-01 5.420332740610203093e-01 1.834888107405596158e-01 1.450365913843656152e-01 3.150389958239371291e-01 5.673676851311911795e-01 3.027132586039139595e-01 1.393070932772049464e-01 3.806656242385023786e-02 -2.541273822066149046e-01 -2.493477044826851174e-01 3.002975104419113306e-01 1.965688244070276647e-01 -5.653564080395997310e-02 4.707238156460906708e-01 1.569380906154496935e-01
2.542827614174971163e-01 1.000000000000000000e+00 1.875356424499255992e-01 3.272464046792654679e-01 7.458533054754969138e-02 3.326307225382041377e-01 5.708575404474467430e-01 1.085707054844426284e-01 -1.540644769812740678e-01 -1.852819979091404057e-01 -2.325692969398907711e-02 -2.718602797949385419e-01 4.589026839036480787e-01 -1.446073827257333688e-01 -3.801244663145294655e-05 -3.428296362539209885e-01 2.486901361720388892e-01 5.203779411201379101e-01 4.993708866937788260e-01 -9.823616787585882915e-02 4.488290621058405039e-01 1.575047725712170332e-01 4.183356495734558839e-02 1.393727353362936294e-01 1.788168024475402240e-01 5.315137545805159736e-01 2.215409113484378967e-02 -2.387069617264189758e-02 6.809592159699287550e-02 3.947558126654400756e-01 3.624532188030047952e-01 2.413564911388001166e-01 1.302137768546852425e-01 -1.661623888225688961e-01 6.341748026231710522e-01 2.132575330982648953e-01 5.415527801858308621e-01 1.994963994889427938e-01 1.646715911880790584e-01 5.476578755891496897e-01 4.167794325029593461e-01 9.185485056357476155e-03 3.744686184905007265e-01 -8.656428286391262827e-02 2.275391003632007414e-01 4.979092801022205750e-01 2.066697598929883029e-01 4.243173881801178687e-02 3.480174838420265759e-01 1.541490202722858582e-01 9.572856341999097518e-02 -6.373439782422074540e-02 9.029857151307194713e-03 1.692494964443436722e-01 2.709806640004672751e-01 -1.925760732804573938e-01 -2.642362996925436969e-01 3.886208695252746925e-01 2.340261648002885386e-01 -1.991982938526304370e-01 2.188733157645520008e-04 3.117936232538465746e-01 1.092891308916408566e-01 6.185547985935466730e-01 1.202013126756933115e-01 5.062514949514825696e-02 2.563543182947408683e-02 1.302255182477425263e-02 5.699808371056206552e-02 -1.975406424757703283e-01 1.066259666637085352e-01 -3.607969235489189713e-02 4.367220576291844930e-02 6.312438456622568861e-01 -7.127385025815460851e-02 1.354420494516813678e-01 2.514073465739478652e-01 8.222039009927406550e-02 2.067202250928469875e-01 1.600346978471187120e-01 -6.499485287932207922e-02 3.002543575064030579e-01 1.166348625172032583e-01 4.762685530169770698e-01 -2.276351620542498844e-01 -5.789890225806966668e-03 -9.039015853609175602e-03 -6.152222989337739062e-02 1.010678088131058139e-01 3.323537420723785552e-01 7.631572438901992883e-02 2.429916673419097728e-01 1.302208828857789880e-01 3.111734290409114978e-01 2.467835792109357718e-01 -1.118625516713583901e-01 2.379096138910808678e-01 6.994125804529274792e-02 -1.212210824102000206e-01 2.217165223165677435e-01 -1.631381397965228630e-01 -1.461223692232576366e-01 1.465820039115091067e-01 5.659507783312105467e-01 2.795446237270915457e-01 -5.895762500870165013e-02 8.836180403522878035e-02 2.423026318238929999e-01 -4.553414756976801453e-02 3.213803955867963191e-01 5.280246423562070385e-02 -4.638870070720875483e-02 1.293558054287199666e-01 9.098601964963838606e-02 1.727224921725527829e-01 -9.765871618678750865e-02 -1.121274660797203088e-01 2.464434776637642877e-01 1.093018154551187726e-01 -1.845631985878757042e-01 2.670597285248533237e-01 -3.288373828801837151e-01 2.258930048489812825e-01 3.225955092560985338e-01 3.861369461316713769e-01 -1.928552070946001895e-01 -1.673421766929731880e-01 -8.377559975548684590e-02 2.833563512069182111e-01 1.341315097148894075e-01 -3.346837407887191806e-02 4.481768535042105484e-01 3.448730721961297263e-01 4.705125514413656118e-01 7.189064192905542106e-02 1.529835705592930695e-01 -2.174613210296283405e-01 -2.827137071803793034e-01 6.741267545012235018e-01
-2.072486299116603134e-02 1.875356424499255992e-01 1.000000000000000000e+00 4.639625592031805246e-01 -4.874429904302042538e-02 -6.299855453250763349e-03 4.976902149202500070e-02 2.300254499032267780e-02 -3.550575205848230942e-01 8.959612275902287259e-02 -3.404192765058641212e-01 -3.702253314991887229e-02 3.745383819106432727e-02 -2.226356225601996627e-02 3.877471480047525731e-02 -2.015599443925732426e-01 4.276089307698559550e-01 2.345411040118675246e-03 -1.512480158504410643e-01 -4.424318071033477295e-01 1.011917911543664950e-01 -2.345125527606665705e-01 -7.381451231716813777e-02 1.990495879496226306e-01 9.685354957043555979e-01 -4.428740150128175623e-02 -4.701223627794813564e-02 1.037306514856912443e-01 3.829584388335985357e-02 4.467083499258229784e-01 6.058167428590099934e-01 -4.497937384323843352e-02 -1.111085158434378800e-01 -1.307197758200286455e-02 6.448498311899372726e-02 4.213727859218819455e-02 -7.412389120794339939e-03 -9.253689697205139120e-02 3.952282873846221095e-02 2.753079248893638420e-01 1.544576165873004503e-02 2.207215080915405081e-01 8.690651809001973538e-01 -1.082961387586019175e-01 -1.229523073750109219e-01 3.354909304668209913e-01 8.392837600238204354e-01 1.161092084572444005e-01 1.225899927726504801e-01 3.769738736264505174e-01 -3.524950087680585320e-02 3.775034371859205956e-02 2.248639418720715377e-01 1.326082392227085904e-01 1.117821950361587158e-01 -1.227051271201761579e-01 2.368312598495401350e-02 3.561540514191446349e-01 1.270954918452333882e-01 -1.088891311534114503e-01 -9.992260749547551835e-02 -8.621254983066248267e-02 -3.112152524254000463e-01 8.539547018710787890e-03 2.486434625373232787e-01 1.090057094656770031e-01 -2.916380375128934180e-02 2.407782997266358360e-01 1.183964040363113257e-01 2.192463171744080813e-02 9.591132651904308304e-01 -1.813408162028735671e-01 -2.458184520886446123e-01 1.697645293653802512e-01 -8.572175151683754379e-02 8.462992910623645670e-02 9.716897267168651542e-01 8.264361761751179425e-02 -1.013503979176949288e-01 3.138349038745166797e-01 1.453535442639150577e-01 -8.646411252511929102e-02 8.361682158765681647e-03 8.876403352464147523e-02 3.125612422656933731e-01 -2.485165455551316405e-01 2.215589843310335483e-01 -3.545436725355366470e-01 8.422479128542980087e-01 -2.745167206924926662e-01 7.719320782199909359e-02 -2.466701081684794516e-01 -3.341146085023569690e-01 -1.761525773067695866e-01 6.043420051567648388e-01 -2.079266089336438608e-03 -1.093729195538725857e-01 1.024563461695660871e-01 -2.691681656693638014e-01 9.503180664139814215e-01 3.995723335039086388e-01 -2.060390130962277411e-01 -6.788990895456600838e-02 -1.126958207716900195e-01 -3.327357840148040813e-01 4.501489742925442461e-01 6.548590075554049095e-02 -1.471181625609741805e-01 -6.032040841340231829e-02 -1.322227613387150780e-01 5.404828660235322380e-01 8.836410876136022163e-02 7.860640783748471527e-01 -1.907225373891102138e-01 1.966484341727255114e-01 4.339216955275372323e-01 4.382867361001759887e-01 -4.052397714492350644e-02 -2.354228950656829800e-01 -1.347152460729338086e-01 4.117300611370043606e-02 3.362018215407225341e-01 9.553443612389237449e-01 5.692802930530452832e-01 3.907525547230302106e-03 3.118623494350687177e-03 -6.625429338907970651e-03 -2.555197700485314222e-02 1.138833392607852268e-01 -4.670100314077748477e-02 1.066685774051661165e-02 -1.888704017877482905e-02 7.806628330264582249e-01 -2.020645583044378135e-01 3.249877966577061628e-01 2.567628487182268548e-01 1.965964334210349718e-01 1.760481163213929445e-01 7.131586952518502442e-02
2.071148721935131554e-01 3.272464046792654679e-01 4.639625592031805246e-01 1.000000000000000000e+00 -2.250663363698656438e-01 1.419869634900110256e-01 1.511317298292726152e-01 1.772067763532720330e-01 1.095656537901150696e-01 -1.768321000261416642e-01 2.043864791612421405e-01 4.235432736428929035e-01 7.266301338289286871e-02 -2.100821052351734830e-01 -2.992209962632651488e-01 -3.500701903607798815e-02 8.560632131874766904e-01 -4.153283234540008223e-02 3.183704062077969965e-01 1.474827036402083791e-01 1.689671550863542510e-02 1.801455290264822595e-01 -2.130844640972498483e-01 5.606772825974288832e-01 4.887407385517443248e-01 2.309703921218674572e-01 3.025877875713421372e-01 -1.229474772987630346e-02 -1.925645115890471659e-01 5.443041330187142757e-01 6.997159881255317071e-01 1.583138997763038069e-01 -7.996998803629322417e-02 -1.682253642892871798e-02 9.185658644428679187e-02 2.580705880795549634e-01 1.769464291345312079e-01 -2.215911423518189191e-02 1.461795660171359978e-01 1.211729019243695388e-01 -6.626915309187019886e-04 6.582150752123838711e-01 3.815524350844048951e-01 3.637085071401647829e-01 4.847143793530291067e-02 -5.796514099129113085e-02 5.104430396746137966e-01 2.948726256985521044e-01 -4.156668568441292816e-02 8.639436016023595011e-01 2.057019256935395946e-01 -5.682167328376219739e-02 -1.813195007759314525e-01 8.178101774858444889e-03 1.278200552418801671e-02 5.561548982260563351e-02 -2.145688479435521323e-01 7.477957333600688816e-01 -1.760541330615128242e-01 -1.183402435841041621e-02 3.318562074516945293e-01 9.818344037368920141e-02 1.986303942850792953e-02 3.140905142608205747e-01 -2.259747006677378656e-01 4.948923232974737907e-01 4.055754359432812706e-01 2.725352601826029342e-01 1.555673379545810253e-01 -3.496081581089174328e-01 4.997398457849732689e-01 1.946821826728630522e-01 1.572215142906145668e-01 1.969715139915722280e-01 -2.548813654526485006e-01 1.259852548837341879e-01 4.704551258382497214e-01 1.780188062935599003e-01 4.229957093810159108e-02 6.552231264768135777e-01 -2.260159058109837693e-01 9.462376369787221797e-02 2.114649733275424381e-01 -1.139628831097643478e-02 2.563882932217854127e-01 9.911138944919989369e-02 -3.670235286325459478e-01 -2.507108658618406594e-01 2.426648758351072632e-01 -9.717763854051153505e-02 1.717282150178577604e-01 8.437947747320699576e-02 -1.028507797225784309e-01 1.721805082417943722e-01 3.638771822328726868e-01 -2.190537633855138555e-01 -2.645338492517864196e-02 2.168795307844937140e-02 -1.450965977699717746e-01 5.079102537992564725e-01 1.450538087280588140e-01 4.752562720886899794e-01 5.582571896771435643e-02 2.009702453472810013e-02 2.629715678437039017e-01 2.948829853936751344e-01 1.469258378836961754e-01 9.349614026125593891e-02 1.942451981047668697e-01 2.632913695438869883e-01 -3.865223428945034623e-02 -3.304730135279464187e-02 4.763769682143527140e-01 1.645879323477976164e-01 -1.702648964007339172e-01 1.871131392444933816e-01 3.021754882823754484e-01 2.620725917582150677e-01 3.273650059308626237e-02 -1.662278317355376789e-01 2.161343896557322564e-01 -7.778214845728033400e-02 4.062579723992320591e-01 3.419195682416100723e-01 2.063257914253866995e-02 4.261142771617351110e-01 -1.879687610470333614e-01 8.556181280005578649e-02 -4.216744813880055759e-02 4.222339585744040724e-02 -3.357770816730421687e-02 -1.421800450117649828e-01 4.649880821329427372e-01 1.271469234195230988e-02 8.710541789450287897e-01 6.535817542475264030e-01 4.240113307545524401e-01 2.330945543805291176e-01 1.923849872547903628e-01
-3.004264755446022228e-01 7.458533054754969138e-02 -4.874429904302042538e-02 -2.250663363698656438e-01 1.000000000000000000e+00 3.958300174487300316e-01 -1.327329714597758059e-01 2.417330558955425590e-01 -1.961570662205354421e-01 5.079450082132070943e-01 -5.149110235699179416e-02 -1.187678726796088657e-01 4.373804089918521543e-01 -1.103034386886826007e-01 5.261029996253586694e-01 6.241557120549345861e-02 9.914826431515780247e-02 3.551552933176679305e-01 -3.015670526641873184e-01 -2.100890843045201406e-01 3.000655209557138159e-01 1.723277157622715022e-02 2.562817285942885492e-01 2.525889032855387906e-01 1.486556304787220971e-02 -6.991702376378539086e-02 7.339593657201362586e-02 4.915948235460721460e-01 -7.171224496869474385e-02 4.314386661741687057e-01 2.292963083004040392e-01 -1.332214367212277428e-01 2.578072932656264582e-01 7.374268717772250459e-02 1.667186363363924451e-01 -1.652531340252181846e-01 2.944770173909977418e-01 -8.808734327240690110e-02 1.086728217853993594e-01 -2.508180756033838721e-01 1.803472943489851099e-01 -7.437571287573279885e-03 -2.290276351753545714e-01 4.379457076634690194e-01 -3.105811485815607870e-02 4.089226072074430007e-01 9.075381594247754202e-02 1.765222237160091190e-01 -5.307221955771193947e-03 -4.568810469930409401e-01 2.184839436244786215e-01 -1.366140296575879820e-01 -1.067642712178052261e-01 -3.926939803453296518e-01 -1.007403148605335863e-01 -2.022456689091891024e-01 1.387012540219171031e-01 9.733862760237350920e-02 -1.166048678831688584e-01 -2.567721803455310647e-01 -3.603999658192847400e-01 2.960141791374969467e-01 3.932669809292442809e-01 -1.068488488851943117e-03 -5.569346587007715371e-02 3.029018168708200731e-01 -2.940502616923867940e-01 -3.476776484373190861e-03 -1.613726349194224280e-02 4.994353016528697009e-01 -3.590358913982354735e-03 5.854010874889102878e-01 2.634042330257210240e-01 -2.835790588275074464e-01 -1.773003865744727237e-01 3.557552822456583885e-01 3.430995990646300980e-02 2.088856352382786330e-01 4.172886918607320861e-01 -2.703056786675426260e-01 -5.618586314039275553e-02 4.512106312103433825e-01 2.783104876546139694e-01 1.231620811163271212e-01 -6.025206270142463572e-01 -1.205163554294943762e-01 1.430895825092622919e-01 3.114068667832074477e-01 -6.903346227584675199e-02 6.099582207618687857e-01 2.492167518487208577e-01 5.789170962612137650e-02 -1.344278781840137216e-01 9.122350272978244079e-02 4.191693674688641846e-01 -1.123052156798533402e-01 6.241160511547739764e-01 -8.624436977639549085e-02 3.854880090995523867e-01 -4.685853418293346728e-02 -8.458298630225845327e-02 1.551883509007307704e-01 -1.097667194586147421e-01 -1.484244745240699825e-01 3.936456753218299243e-01 3.590848637014694700e-01 -3.165265510397067272e-01 4.106045761767981861e-02 4.658436177768117692e-01 1.865961288965409803e-01 -8.186103894644800039e-02 1.198301096069206428e-01 -1.146304306990580946e-01 -1.257164027611470114e-01 2.939947185086130843e-01 -1.970173850873586235e-02 1.827422348937268043e-02 2.761764318140934038e-01 1.617570524245000585e-01 -1.960313751533999949e-01 1.822357303655153804e-01 2.738379580391224200e-01 5.443529816571488628e-02 3.796707309308409717e-01 6.515230919385768538e-02 -9.476002751798236201e-02 1.656297354452141712e-01 -2.063668727536938641e-01 -3.148043524088793288e-01 -1.476690007900510193e-01 -2.890518499112731954e-02 4.243381463284536248e-01 3.508399667476197470e-01 4.829781938177657996e-01 -8.893061317522828191e-03 6.103057806366333354e-02 -2.788231126526031778e-01 -4.753594614439047850e-01 1.193963395464033156e-01
-2.875532676707186555e-02 3.326307225382041377e-01 -6.299855453250763349e-03 1.419869634900110256e-01 3.958300174487300316e-01 1.000000000000000000e+00 3.704335471984659955e-01 9.378943905845282814e-01 5.566870346773124950e-02 4.179783641781439907e-01 -8.537310259171922849e-03 5.338764515813082534e-02 9.584619890746413073e-01 -1.633365183046179836e-01 1.467641492447695484e-01 6.143760963255194552e-02 2.223211609612353035e-01 6.922755109991880484e-01 3.263213845383767797e-01 2.108195948493635577e-02 -1.207829364388336157e-01 -1.521955363639212189e-01 1.106842821693062306e-01 6.478357872038367216e-01 5.978972032614822234e-03 3.647063465259078874e-01 8.122231664691199615e-01 8.077654544429352379e-01 -4.455004461352236877e-02 3.703067146256570075e-01 1.137946857179300830e-01 7.254068886969742280e-01 7.259944154534951621e-02 -1.777934941769979474e-02 2.006286937753617994e-01 -3.696389751050820766e-02 6.340756120726941114e-02 -1.206560827766536975e-01 8.546119199843820180e-01 1.815418964967708548e-01 -8.582920691133703872e-02 2.831257030274061948e-01 -2.138343578841439899e-02 5.340033162029090841e-01 1.241793771709891747e-01 2.219961530112448678e-01 3.106927494706233084e-01 8.488563011719578721e-01 -9.772980140498965795e-02 -6.741464860441263862e-02 9.289394966758729444e-01 -6.959760755894479900e-02 -1.478238166455672908e-01 5.088339642200090385e-01 -9.093755575771567123e-02 1.601481399521507282e-02 -8.209156780190920988e-02 5.136030302513648893e-01 -5.850529918654655270e-02 -7.728825857796763066e-02 2.469964303597024513e-01 9.280306992621323303e-01 -2.034596995476545440e-03 4.283162270125046023e-01 -7.443341338192384360e-02 6.151843265346840228e-01 3.720337070045468542e-01 1.132117223163630754e-01 2.142523612512768627e-01 3.206446001755030584e-01 1.261027080463015745e-02 8.114077305220559477e-01 5.959349421620236953e-01 1.515134956319384718e-01 -1.099061631172738862e-01 9.130827753682313475e-01 2.733576224970378846e-02 9.079945417605099767e-01 5.779093294814441339e-01 2.834558072260681127e-01 1.037913045567799911e-02 9.739770602951154377e-01 9.365497275994710824e-01 5.004264582839497155e-01 -1.175677181310205155e-01 -6.390295508518664680e-02 -3.522343447986524961e-02 2.141575828634860804e-02 7.636990996207734979e-03 6.765303923040189016e-01 9.093543409119104748e-01 1.885259960452151662e-01 3.464306440185232483e-01 -6.982268594688359475e-02 7.877623348598977726e-02 -2.084037242412380420e-01 3.641496011026774116e-01 4.075297019222983569e-02 3.237489227787342938e-01 -1.256805917333417180e-04 4.664119801073663973e-01 2.894997017625995372e-01 5.200690868735198535e-02 9.901703916233560443e-02 4.449131426423542091e-01 4.446932669050304154e-01 6.461968786045939606e-01 1.010174509338029464e-01 7.699918660319546859e-01 6.388486260145447293e-01 2.524428365067948321e-01 2.024708272057010316e-01 -7.672538217787323866e-02 8.133757356824458662e-02 4.302316942496551277e-01 5.721400044589831646e-01 2.947704219612211074e-01 9.649292453929969593e-01 7.011158325893560583e-01 -1.477375818970942944e-01 9.562942368364675261e-01 3.452410897230347997e-01 9.122899253924024454e-02 2.172815056740789452e-01 -9.244790001148125991e-02 4.408747610422495411e-01 -1.683901217014033835e-01 -1.454360027184243842e-01 -1.804667436933193592e-01 -7.899480466362576725e-02 -3.825256508743144629e-02 1.291874419343794211e-01 1.832069842464269516e-01 8.167134116258149001e-01 1.081765720979887824e-01 6.190311455160835141e-01 8.458266639015860067e-03 4.553326307497433667e-03 1.628462534073892021e-01
1.828763182160733636e-01 5.708575404474467430e-01 4.976902149202500070e-02 1.511317298292726152e-01 -1.327329714597758059e-01 3.704335471984659955e-01 1.000000000000000000e+00 3.407548326167374464e-01 1.907590806638227443e-01 7.144442698127952129e-02 3.689981485924999083e-01 3.888959590193815513e-02 4.136425173208588824e-01 1.405429552718857333e-01 9.626319210778447322e-02 -3.761025639624390182e-01 1.071068294935320353e-01 6.737891161064329948e-01 2.442579293710388233e-01 3.903820272200252406e-01 2.148083878909126665e-01 8.889354301432647598e-02 1.598715075638890704e-01 2.466914993765123021e-01 7.176837339670562310e-02 1.791634189408188305e-01 3.554947874226678795e-01 1.929198823479923719e-01 1.057116480990921981e-01 2.918434574113790061e-03 -2.217578645023278450e-02 6.178414708434235569e-01 3.571269429984281207e-01 -5.820099549406845124e-02 3.914179563234954085e-02 1.959994413144804659e-01 5.045187262885446611e-01 2.485241346452805172e-02 5.370837704117050748e-01 5.028640998072292367e-01 4.149113586823889865e-01 -3.065458245548265959e-01 2.834008003664176267e-01 1.934177132841192748e-01 -1.646907637457191431e-01 5.439034376560455408e-01 9.998842437111306325e-02 4.008196531703082099e-01 3.202488084102988464e-01 1.336480644291727915e-01 3.227358528874694210e-01 -1.505893159580459495e-01 1.855517372545768540e-01 5.888267433520575356e-01 3.758712830384239867e-01 -1.125723360727762384e-01 -1.553452946385989186e-01 9.505787437043388809e-04 3.669640708223441128e-01 3.739670268902243327e-02 4.062595929438887477e-01 3.303214184029124034e-01 2.285484837491236210e-02 1.552858678732222386e-01 1.857971751903879087e-01 -1.268368406814721905e-01 3.743038960842133278e-01 5.097287361522531146e-01 -6.936318337426553016e-02 -1.735981446575165232e-01 -3.606295945998732461e-02 2.862259358389660988e-02 9.230080291501910339e-02 7.471857170155841166e-01 4.185013876847530900e-01 3.054460783178011840e-01 1.051616693320347740e-01 3.946846596655549932e-01 -3.338065300683226017e-02 1.475663647525038424e-01 2.166917384700829952e-01 2.551660873772212401e-01 3.625840779463526675e-01 1.606739420098657611e-01 8.714464903032256848e-02 3.783083298033131925e-01 2.707671633603991879e-02 1.575597564345077028e-01 2.189098933245002543e-01 1.048874108470616989e-01 3.043535320269284417e-01 2.924780020721758772e-02 5.241849642941870391e-01 2.800861260696679844e-01 2.371871453498365090e-01 1.337742681759657160e-01 1.711414355088522743e-01 -1.577752874261364457e-01 -1.639022134994346791e-01 9.478884646343008202e-02 3.098286887008303014e-01 2.211943478818664821e-01 -9.612420103052993214e-02 4.655186710440295528e-01 2.416163613156288581e-01 3.865075819620115982e-02 4.474500937181830063e-01 4.387347056663111755e-01 2.634619300785652207e-01 -6.084192514777814198e-02 -4.869916686888769997e-02 -2.278792749971546849e-01 1.529492269085688805e-01 -2.776416693845731865e-01 3.125876225009172060e-01 3.177178420720333518e-01 8.818200981096146812e-04 3.879854959034488848e-01 8.739912504987260022e-02 2.499289178872282080e-01 3.927952401655603332e-01 -1.906253509080981234e-01 6.924239418605418472e-02 -1.064485118677812592e-01 3.302014794162015932e-01 3.339552421627795531e-01 5.942366716915947755e-02 -1.628727705945503049e-02 4.861053303237400369e-01 9.105671085887326321e-02 2.415867356523942744e-01 3.656283085021526102e-01 7.253888617740576750e-02 2.508670184106151502e-01 3.014441458373950944e-02 1.387024942507442682e-01 -1.909866694547695809e-01 -2.606670459987577848e-01 6.948928165740447804e-01
7.454556351745141030e-03 1.085707054844426284e-01 2.300254499032267780e-02 1.772067763532720330e-01 2.417330558955425590e-01 9.378943905845282814e-01 3.407548326167374464e-01 1.000000000000000000e+00 2.364159719210315314e-01 4.845830131233089810e-01 3.585818113199011614e-02 2.380373931799039666e-01 8.669886798464412347e-01 -7.209462082938872252e-02 6.237267272275455465e-02 4.553595268126919837e-02 2.695081931065742009e-01 5.270982652585559647e-01 2.108593200790623290e-01 1.496598860898942507e-01 -2.799754607094201431e-01 -1.966587558724550155e-01 4.418750991052268484e-02 7.008605474372495703e-01 4.000700276680232807e-03 3.568844173386359064e-01 9.284855582397877338e-01 8.747626087380805382e-01 -3.001062427629503510e-02 2.648628197481799340e-01 3.034991685186444466e-02 8.361323837952114868e-01 4.719729810687273847e-02 4.431831681324616135e-02 3.480572100150518267e-02 -4.133887473593876594e-02 -1.063032024811643994e-01 -2.051164671160565778e-01 9.530921505024730900e-01 2.014999417406848625e-01 -2.455370463773030865e-01 3.162845731159910634e-01 -4.910841475952662689e-03 5.426633338732791412e-01 2.389318552000111937e-02 1.102448032318146670e-01 3.765516691459564469e-01 9.241762281131364887e-01 -1.593549114388794208e-01 2.387385258596661994e-02 9.783774892633662068e-01 -5.061584767690752162e-02 -5.807178680392288683e-02 6.208164715005033418e-01 -7.970441412026828265e-02 1.131594631316041044e-01 -2.982955743904835283e-02 5.224000004379717454e-01 -5.604004924073806293e-02 5.116656650432532816e-02 4.107202175340635142e-01 8.665839146097400469e-01 -4.987192351250987338e-02 3.763801791608599734e-01 -5.282338104334484419e-02 6.795524707206231918e-01 5.871318922783823613e-01 1.191698783897039843e-01 2.257977521671280796e-01 3.649827042421167067e-01 2.221339166022317721e-02 8.155129956389843837e-01 5.691041481315359807e-01 1.232484573086073121e-01 -1.041875859155361531e-02 9.683108804684710247e-01 1.766461939767288714e-03 9.895747482205463630e-01 5.162617726881189029e-01 4.636150171162388700e-01 1.221612806106818772e-01 9.028287621747226321e-01 9.946786768635599296e-01 3.546023731741914098e-01 5.959281050042201239e-02 -1.136394832132719274e-04 -3.971605650753233865e-03 1.768190866180643223e-02 2.335055819974048239e-03 4.859934950152780542e-01 9.910893971617318332e-01 1.364877566874599935e-01 2.688117721179542619e-01 -1.583610395742558463e-01 -3.832351347089713641e-03 -1.464039043533246764e-01 2.686643266770459282e-01 3.020516276012600448e-02 3.025732348788085502e-01 -9.876705961287184782e-03 5.824674364014883476e-01 3.592424143696889560e-01 1.380480970726990012e-02 -6.508375693329519762e-02 2.919790378483678728e-01 4.168897446938594209e-01 7.887952790073822218e-01 9.187423658199307674e-02 8.436935408474510734e-01 4.698662565503304300e-01 2.248857715216059927e-01 1.988463651493416473e-01 -4.545753522754981957e-02 3.467406819135561424e-02 4.478127823319209000e-01 6.730082974153922537e-01 3.009861229906366509e-01 9.675407796851216435e-01 6.029700611743697980e-01 -2.741191901029430000e-02 9.794411457920159103e-01 3.625172964756825378e-01 7.300493239212527130e-02 6.065963187786287125e-02 -1.748872569994384951e-01 6.028591806628209593e-01 -1.472508502795163432e-01 -5.151325225239270639e-02 -1.427653480080835757e-01 -1.205753514781647412e-01 4.091655985270938045e-02 -4.460384519673803172e-02 7.417312124991777555e-02 6.282988553623179984e-01 1.616830381713784681e-01 7.404664905171773892e-01 4.679699971615836757e-02 2.041170896601136042e-01 -2.842901754385645380e-02
2.350364859313902599e-01 -1.540644769812740678e-01 -3.550575205848230942e-01 1.095656537901150696e-01 -1.961570662205354421e-01 5.566870346773124950e-02 1.907590806638227443e-01 2.364159719210315314e-01 1.000000000000000000e+00 1.013698023708836243e-01 6.013607962955238584e-01 7.905601188896561604e-01 5.300532744273964841e-02 5.215266788087289385e-01 -4.025918992822521275e-02 -3.976730834780003304e-02 1.945004443130038674e-01 -2.560499891400793218e-02 -1.034708452415529917e-01 8.900527206788350076e-01 1.146305330815374085e-01 4.113450254684988261e-01 3.161690433399259592e-01 3.777479609360671620e-01 -4.450135124103326012e-01 3.572503157650704919e-01 3.648638942705822452e-01 1.961462390292903757e-01 4.240899817535903615e-01 -9.042487863363660172e-02 -1.989834432372165063e-01 4.009700333830288344e-01 2.691553610527647189e-01 7.984285840891854058e-02 4.857876823671823663e-02 1.251369133304488512e-01 1.049645172209714428e-01 8.550703334689349622e-02 3.351967629383381109e-01 3.029326206565566282e-01 3.720872164052285713e-02 2.407286398174002251e-01 -1.880559917640547696e-01 1.597267783131010865e-01 -1.010106332003084251e-01 -9.366827287787356238e-02 4.036278786708118183e-02 2.468433879166390954e-01 1.042757900178838543e-01 2.017812347577844501e-01 2.907135242530187735e-01 -6.476226137442385455e-02 4.399625472785961833e-01 2.470866986302818480e-01 2.792157217311734829e-01 6.545201392678042795e-01 2.212056858543053062e-01 8.930649031291619522e-02 4.435135364393925639e-01 6.399560171472256087e-01 6.265064440546319613e-01 1.651608683563806079e-01 4.354855795928861406e-01 2.386980737756013160e-01 2.888325229343373102e-01 2.078161808262894428e-01 7.798159623698922571e-01 -4.732240653273610265e-02 4.774895814860473098e-01 1.174188322230477199e-01 -4.642561948118128501e-01 2.116302750640490227e-01 4.099391709010071772e-01 2.511531446013580693e-01 5.409003255050135461e-01 2.323753698270411561e-01 -4.692522828508666199e-01 2.212386289068105361e-01 2.606724625790630689e-01 4.662996311976030372e-01 3.802688488504253339e-01 1.066371423202461671e-01 2.503203138659240712e-01 -5.748828754960436799e-02 2.392359708896964199e-01 5.889072171596674288e-01 2.603184963029002708e-01 4.513328073354165859e-01 -3.961702359595618561e-01 7.428340051508335040e-02 2.786630123983755980e-01 4.054893930977496730e-01 -1.609305351890258470e-04 2.369353962138438519e-01 -3.005708453982499084e-01 4.799523503448916983e-01 5.790890935154365676e-02 3.848232214521112304e-01 3.902726492879573517e-01 -4.135680767076648223e-01 3.757510419376488414e-02 4.450295583640416774e-01 -3.933690475789486385e-02 1.016034107304733189e-02 9.749246003930830962e-02 -1.428384552518123241e-01 3.399045292444821120e-01 5.461063476331885491e-01 4.322127105054056062e-01 -1.361015603466386170e-01 -2.150447067552590519e-01 3.582229785253749355e-01 -1.027118973598594859e-01 -1.093149727589208184e-02 1.555987319988793582e-01 4.339955742846458853e-02 -1.141278867117797996e-01 2.181261390732420757e-01 -7.658654261723578383e-02 6.434967227583829885e-01 1.896210571969423608e-01 -3.259993796810365385e-01 -3.790701112021167551e-01 -2.531952972603955798e-01 2.016138637232224029e-01 4.187753295084638561e-01 2.991379008879159196e-01 7.052368717563457512e-01 4.105349726256251053e-01 1.523005809722016990e-01 3.828029073090774004e-01 1.006690170225503778e-01 -3.837133654885311329e-01 -3.989076907581068712e-03 1.143588426438844480e-01 4.148936921650731580e-01 1.235907156681757407e-01 4.822450016733001443e-01 -3.935915970656182761e-02
3.397754630598220360e-01 -1.852819979091404057e-01 8.959612275902287259e-02 -1.768321000261416642e-01 5.079450082132070943e-01 4.179783641781439907e-01 7.144442698127952129e-02 4.845830131233089810e-01 1.013698023708836243e-01 1.000000000000000000e+00 9.665352469749802222e-02 1.824235471952046217e-01 3.899597271198527171e-01 2.688495182029316255e-01 6.014242194703737221e-01 3.699388566721241167e-01 2.783002970021833944e-01 2.322247174827055949e-01 -1.666617245185551544e-01 -2.643604770005170135e-02 1.906568359803091639e-01 8.476969861996008423e-03 -2.381263402910066898e-02 5.588723860490285578e-01 6.605053140160023484e-02 7.491625194344606053e-02 5.029341759293505243e-01 8.193791379988706325e-01 1.671645091872973332e-01 9.577460562799004762e-02 8.186866936521919325e-02 3.498305250056292781e-01 3.280253816335130246e-01 2.990279469985284710e-01 1.381423569505292256e-02 -2.113364263743645333e-01 4.127153047709105488e-02 -4.734001826232291099e-02 4.843077871282971958e-01 -2.217507962859250822e-02 2.021130722970717331e-01 -2.257858995161100835e-01 -9.043678717905356823e-02 4.888950371627777125e-01 2.726978020991915885e-01 5.503441560055644111e-01 3.014728820847295543e-01 4.348847285626240011e-01 4.441895153188987200e-01 -3.007247430161441581e-02 3.692845085698573948e-01 3.019103536774199806e-02 2.307402509678069813e-01 2.826391021262126754e-02 3.639917188273388282e-01 1.041174308064603399e-01 3.047444893600969595e-01 1.587555198551963698e-01 2.491821849962056606e-02 2.637445739855112103e-01 3.238983001101274350e-01 2.843938478343184251e-01 2.574264750081656783e-01 -7.968160834823594108e-02 1.507345573312184328e-01 4.637706015794099135e-01 2.761062599825058195e-01 2.788688460013548087e-01 -1.567837159108040421e-03 8.971306145931879916e-01 7.033415571378898168e-02 5.205163178041450900e-01 -7.581596053775516153e-02 1.475927154033943589e-01 2.100209611272830512e-01 6.228561350396789598e-01 5.605275535697876871e-02 5.381350410014305030e-01 2.624279408390896573e-01 1.515962282312536547e-01 2.013765484394586525e-01 3.583486977775071081e-01 4.814430258178045707e-01 -3.117198508465263140e-01 2.486938345482921642e-01 1.407798489495145078e-01 2.567802834508546295e-01 4.815569037339016423e-01 1.756928511798487580e-01 2.802802725977696086e-01 5.234406013289214510e-01 1.905468083027037074e-01 1.071952170448533248e-01 4.973028667947521075e-04 3.712383475702852320e-01 2.508738189674374897e-01 3.079212034305212620e-01 -2.174730428050900277e-01 1.894887498112941479e-02 -4.194306855430805780e-02 5.121071832688059988e-01 2.108058928080393246e-01 3.809334612003067999e-01 1.138670406575122557e-01 -3.159302539017015687e-02 3.968342388875834015e-01 8.901375374131034746e-02 1.670153526184490200e-01 6.211769760781844507e-01 7.126952683977563763e-02 1.601275104781053060e-01 -3.241379634562564782e-02 1.365274573458519769e-01 2.127393328072827161e-01 7.958663522099899135e-01 3.496949284978741468e-01 8.716951766165918769e-02 4.279903539867816464e-01 3.319499075704828717e-01 2.737007966933837078e-01 4.033314424764528061e-01 6.064337912375795669e-01 1.427574250008580362e-02 -9.505193594792088474e-02 2.342335042930903666e-01 4.007877447447482089e-01 3.914440015578926069e-01 1.171765285916880339e-01 1.673277372867217616e-01 -1.637271590139566940e-02 2.307873896025849358e-01 1.672529067250587143e-01 7.847462891991233147e-02 6.375673729014905144e-02 1.599533342070250108e-01 2.806078979748957702e-01 -1.246142967458395978e-01 1.721500033141593056e-01 -2.546829900141915973e-02
1.585082834437042676e-01 -2.325692969398907711e-02 -3.404192765058641212e-01 2.043864791612421405e-01 -5.149110235699179416e-02 -8.537310259171922849e-03 3.689981485924999083e-01 3.585818113199011614e-02 6.013607962955238584e-01 9.665352469749802222e-02 1.000000000000000000e+00 7.348637162860718330e-01 -1.311086195290294687e-01 5.834471134335409426e-01 -3.473783334672938400e-02 3.004998614753636721e-01 2.314909173212086613e-01 1.412521347253869741e-01 1.831943595804765568e-01 7.822101909532092057e-01 1.825254348563213891e-01 2.601280452251305553e-01 4.936295377283184682e-01 4.402237921927395492e-01 -2.739014641408765161e-01 -1.346054648442369384e-01 2.790900974182506378e-01 1.088979743893364431e-02 4.405517608817461905e-01 1.918986708415976461e-01 1.891979176614427549e-01 1.706147195179635034e-01 7.315204351475470546e-01 2.006377137471964667e-01 -3.080390201849700915e-01 1.278743098120973254e-01 2.923104230676093485e-01 9.677295781810393849e-02 1.037629953376401348e-01 -2.247573057807251418e-01 3.427727012670149231e-01 4.698106472135674810e-02 -3.009962671714910831e-01 4.815500018887276523e-01 7.662224647786038123e-02 4.677649099656727705e-02 -1.739239388086536164e-01 1.445381843414086931e-01 1.766767009964126667e-01 3.204919253436367965e-01 1.176170090902847604e-01 -1.483137798363855508e-01 3.361827500880969488e-01 -9.816370992464626410e-02 1.260842818113049879e-01 5.591801119783286200e-01 1.185471530882187957e-01 -7.395771847302012869e-02 3.808068405262239886e-01 6.495704907746422396e-01 6.837590993095763459e-01 -7.230371642467713078e-02 2.116338196963213625e-01 -1.877699286624749386e-01 2.607610164230731442e-01 7.304830054584827981e-02 4.251250241811773134e-01 4.357224672649768205e-01 3.234058581867764182e-01 -1.477489527669441916e-01 -3.058809237053204955e-01 2.032526771249837105e-01 3.250505590516440391e-01 1.707117610066919700e-01 6.489927720382280274e-01 1.957584839307161331e-02 -2.985101962436627621e-01 6.662130011167870236e-02 -2.322030444650023395e-01 4.401705053446394560e-03 3.028313348200792343e-01 -7.612462379785543687e-02 8.971219328655706537e-02 -3.155110796466499279e-01 2.346881442209239610e-01 9.448983317351707933e-01 1.193167482344431179e-01 2.912306932285929628e-01 -1.365509454532527478e-01 -7.048975183963614166e-03 1.519672506543263968e-02 2.278728060306824121e-02 5.028952429442592464e-01 2.822641014803487503e-01 2.595020384532901736e-01 5.815395297058640889e-01 4.110621465549421094e-01 1.517836271430825223e-01 3.734439879393255945e-01 -3.013587539037571039e-01 1.049309118798702062e-01 7.161164594612056122e-01 9.823673388451226174e-02 3.023871690569918114e-01 2.809272453288851334e-01 4.466324069476147740e-02 -6.346289926987262742e-02 8.387908819218921064e-01 3.146966256719291866e-01 1.394974442206545250e-03 -2.979171605412712642e-01 1.299950786399956815e-01 -1.076004042160215446e-01 7.374741955193456211e-02 -1.082456502604964010e-01 2.518130146548389764e-02 -7.327834698276976255e-02 8.838520764472365676e-02 1.719004904476575946e-01 7.196435893114594418e-01 -8.567054328983963064e-04 -7.801703355846778543e-02 -2.997655636784187783e-01 -1.206718294182852064e-01 1.271106764102707121e-01 3.789285357396757759e-01 6.606769235603502377e-01 5.843418666011586105e-01 2.221735495419571715e-01 5.645568708475199454e-02 5.019346831128437270e-01 8.101624971380248785e-02 -2.838453438516693253e-02 -8.040352289974492250e-02 3.307881669338362807e-01 4.490414357442766569e-02 2.084742355173831996e-01 2.455740711827696099e-02 2.752175404770868528e-01
