1.000000000000000000e+00 6.048298774336303696e-01 7.954422327314424057e-02 4.848505402320640312e-01 4.044571617098039612e-02 3.266528282042969189e-01 4.521368961210609494e-01 3.301659543926485640e-01 3.737270700903951304e-01 4.910512017206306590e-01 3.613562055795797590e-01 3.652012149292190313e-01 3.288417720893799800e-01 2.335495234618745752e-01 3.446254605869699117e-01 4.721608054404027865e-01 6.291278903203274542e-01 2.740518900534966162e-01 6.317257924580151895e-01 3.038342703246718624e-01 5.332477879028220125e-01 5.834834761534830605e-01 -1.207522390742966634e-01 4.836266473230212415e-01 3.787954433324373926e-02 7.063931218717895977e-01 4.030314088467938372e-01 3.673635022580898357e-01 2.614058134408268064e-01 3.258520466530909765e-01 3.982458791053146707e-01 4.240958472736516827e-01 2.901997014849874157e-01 9.105524884518559348e-02 6.184136657205018262e-01 1.493560140918788193e-01 4.618741485242718880e-01 3.957396386727332627e-01 3.544030300056545957e-01 5.446234091522377252e-01 5.705650731851037438e-01 2.455575244878573926e-01 9.408776261069085045e-02 3.895044137005523877e-01 8.239856250460532161e-01 5.735543878769133741e-01 3.893607953656486598e-01 3.242168252689214825e-01 8.263535193331446038e-01 6.270337674418564600e-01 2.962410365527450296e-01 2.781185175523443465e-01 1.569736069897606223e-01 2.291029842843769482e-01 7.811361971500903056e-01 3.257487329512595009e-01 -1.420502343366999987e-01 5.581703261854475961e-01 1.567349106726199370e-01 4.138304208885439373e-01 5.905484003392869052e-01 3.091876012312342326e-01 5.483523378420323002e-01 6.028689462957347311e-01 8.690491071508618659e-02 4.981902981783247197e-01 5.138014340262367918e-01 3.915077705166981059e-01 2.475778925797775254e-01 5.045363828610489598e-01 4.168444968081896213e-02 3.290863428153203429e-01 1.288221306196246363e-01 7.520380620666361482e-01 1.279063896127258237e-01 3.603351939531183601e-01 5.548837390046910956e-02 3.429259793064783346e-01 3.555427139524718894e-01 5.906792734043333493e-01 -1.168132060372696623e-01 3.027937170970100289e-01 3.299326655981019707e-01 5.583292031909263542e-02 5.395311478015070161e-01 3.464636496240925956e-01 -5.881085468295303709e-02 5.059182613057047195e-01 8.346156394788684096e-02 2.985250129582886491e-01 3.327948076505387043e-01 6.307670982655384506e-01 3.164108029696208746e-01 4.455912360628791480e-01 2.810725494134777569e-01 1.830234541563261208e-01 2.191342169753629499e-01 5.423790341737705356e-02 -4.718564912359364538e-02 6.651322915851524964e-02 3.397463982090968004e-01 3.658291406337233487e-01 9.061153734845875940e-01 7.390374623783074748e-01 2.710449382839957844e-01 2.849446954171033219e-01 2.655323597528289059e-01 4.193609716962187761e-01 3.557306370678282592e-01 4.203577317441679062e-01 2.065667474098305811e-01 8.557912533917583220e-02 3.271833554125888610e-01 8.599074233160003411e-01 5.480681382945251645e-01 2.318678684987797722e-01 1.799403052455480212e-01 3.663022201810500755e-01 3.893098196713068448e-01 2.906165275109687252e-01 3.569294931118264791e-01 2.320216617186277586e-01 -3.088143439907764954e-03 5.636874233504671899e-02 7.067057105655981664e-01 4.314208414346475395e-01 1.328565915012733523e-01 3.692986008400522269e-01 6.539411706367176391e-01 4.795665491233228050e-01 8.425693961844693547e-02 3.486643129147940501e-01 1.116798400079403175e-01 2.222910869474766238e-01 5.592173851349203639e-01 4.509128226862129662e-01 2.285380228002034109e-01 5.252223766423342877e-01 4.660758559591174910e-01
6.048298774336303696e-01 1.000000000000000000e+00 1.435735790806002277e-01 5.118807664030867732e-01 4.340667237236424114e-01 6.751585565228986896e-01 8.316742558372143268e-01 6.225662313302894324e-01 4.063988261720082873e-01 5.510241271691951326e-01 3.851778097146859037e-01 3.884199261970738837e-01 7.090790902176704602e-01 2.108633902537050964e-01 6.066369733410863496e-01 2.601699693909634292e-01 6.031867862362754185e-01 7.615013552314440215e-01 7.041091000094430452e-01 4.107864245690061589e-01 6.587180351522999855e-01 5.860405344105241721e-01 3.787283414341302556e-01 6.745810889912966513e-01 1.317298431051542873e-01 8.074161639811270330e-01 6.069526488570928802e-01 6.159059845116489074e-01 4.245600131726740001e-01 6.144002328936926105e-01 4.373812827570559003e-01 6.540900496669698194e-01 3.366366680955544810e-01 1.410835890823348981e-01 8.542423243021453061e-01 1.281888460962840315e-01 7.927613516214508937e-01 1.979633509495441201e-01 6.377172322573805285e-01 8.287957426491269208e-01 7.161938312857480948e-01 4.887020027255215560e-01 2.988037613831614481e-01 5.916066912943410694e-01 6.006962774513968650e-01 8.508021089223779532e-01 6.192065551416686686e-01 6.239758003070806636e-01 7.002666661038868812e-01 3.948595664528195548e-01 6.182429361619810049e-01 5.954841645594703692e-02 2.060293457662379646e-01 5.978384465638132417e-01 6.041322357137087762e-01 4.389009632562651531e-01 1.488469881733631497e-02 6.831308510682265744e-01 4.553811095988987145e-01 3.534519194912700280e-01 5.697511424908312527e-01 6.840365729757167390e-01 5.488533360327589872e-01 8.274441611974523436e-01 2.879876396752339973e-01 5.876652689009216335e-01 5.732311073008865554e-01 5.565618838122288192e-01 5.771519484238855080e-01 5.365294223581408284e-01 1.046595514738400678e-01 5.960931104689481952e-01 5.705242299981170273e-01 9.127045422140087627e-01 1.679928410553784557e-01 6.368560498604629583e-01 1.671708745796188222e-01 6.211830275607501672e-01 7.005688902847528876e-01 5.659485975878064679e-01 4.700675190758520083e-02 6.678318836846521833e-01 6.253928016209814311e-01 6.782233434433458941e-01 2.799983828033063005e-01 2.961058967796045271e-01 1.451498993633048573e-01 5.465127164722640707e-01 2.357947259649505189e-01 7.103379753309956302e-01 6.226787669193536434e-01 7.644218680008917355e-01 6.295009049306822257e-01 5.110915108683575792e-01 3.575818531262604516e-01 1.807353619916287624e-01 4.846233135032814721e-01 4.272544291427028407e-01 3.697705777634253677e-01 1.734621207458547365e-01 5.826671669977147028e-01 5.151936218874253459e-01 5.294628106699972303e-01 8.547397330760621026e-01 6.820523462198537779e-01 6.053584332359208675e-01 5.760476613308902483e-01 5.648082085755429249e-01 6.229609150123247563e-01 7.301814396345378544e-01 5.584147888407693383e-01 4.826930946036404602e-01 3.908396810121885778e-01 4.928624403866608827e-01 7.326865855324451449e-01 5.558184114674262766e-01 5.187469925053558306e-01 6.683246009863504922e-01 6.530348962741330254e-01 2.621541630644560472e-01 6.600140893042383272e-01 3.887936578789209507e-01 2.451328899370362469e-01 5.380241905306032413e-01 7.000650920420123935e-01 5.545073939185466427e-01 1.231278947449300498e-01 3.805329655880590467e-01 6.333099722943563714e-01 3.831883747073422386e-01 6.944326588079705043e-02 7.684235345993457589e-01 4.302587403445990999e-01 6.996565130897562934e-01 4.607507812397725888e-01 6.254320983704271253e-01 3.573471679152238067e-01 3.756388624872713522e-01 8.874516931831161193e-01
7.954422327314424057e-02 1.435735790806002277e-01 1.000000000000000000e+00 5.604458717144688018e-01 -5.882598639014187392e-02 3.062359630203701985e-02 4.019889367586405859e-02 4.721231209510471510e-02 5.357675036890585663e-02 1.019456876798783551e-01 5.131986823875096804e-02 1.870619019836631536e-01 2.690346408318209509e-02 1.521571266910498876e-01 -3.244313342257445880e-03 7.432325887270700704e-02 4.636483684938613736e-01 1.587929868333106537e-02 6.439780337208876604e-02 -4.362440109944449446e-02 7.128005300481510265e-02 -3.177496740930969149e-02 -1.199451439468090554e-02 1.816555912513265203e-01 9.917645122424965098e-01 3.556696990123393159e-02 7.426511603963907582e-02 5.656224398542510079e-02 1.408227760244329108e-01 4.785465030810697185e-01 7.355752261647520163e-01 2.275408467287431263e-02 4.201600582267543682e-02 1.674330131429476592e-02 1.752156508745973326e-02 1.598008189714538729e-01 1.249853058537108222e-02 1.712719123190861725e-02 5.185561010135164572e-02 1.064907734287245944e-01 5.742781251866437703e-02 3.509623090856607286e-01 9.319889207614904247e-01 4.004064776512637064e-02 1.241517653278914439e-02 1.769324901254713533e-01 5.534719081879819758e-01 1.239671718948242018e-01 1.299581146877960003e-01 5.868584917246175703e-01 4.675131414397398072e-02 -1.438643621849385323e-01 2.686269410639007815e-01 9.967648179197163838e-02 1.663829972404016755e-01 1.125776960145293132e-01 8.755434822988233945e-02 3.225982085668773758e-01 1.876647040227364116e-01 1.785777798063641342e-01 1.362965092419994306e-01 2.409265380274959369e-03 -1.845727645195741062e-01 4.990490984657670881e-02 2.627430708226784484e-01 1.482587021705336350e-01 1.242351878547005156e-01 4.847553513808808279e-01 2.041666867323806700e-01 -4.791788249690895514e-03 9.853544839943625400e-01 -2.331826626314023490e-04 -5.534439485663043140e-02 1.733276672460708490e-01 7.590971157677425807e-02 6.101615180482209549e-02 9.853244575772560632e-01 7.442975307539761998e-02 -2.460464351020642121e-02 3.151921111222995564e-01 1.148944944195724460e-01 -4.597959463844299328e-03 3.882385460722321407e-02 -4.652110675305369536e-02 5.687848860376001348e-01 1.050781649066590412e-01 1.953399624810537305e-01 -2.047233110506573583e-01 9.127832189154304610e-01 -5.960323445085063954e-02 6.288638554026523830e-02 -7.241022194294326197e-02 -1.099633581472048566e-01 -9.399579660464135733e-02 7.884112593511557465e-01 1.944113054280080799e-01 -1.191691137109373855e-01 1.635031515583303396e-01 -1.598671512499311720e-01 9.867147510967653190e-01 3.200107354182576413e-01 5.829019695338519963e-02 5.049780968892723931e-02 1.974674752099392708e-02 -7.191277490635608616e-02 4.226228384994439868e-01 8.951367941509207060e-02 1.095382876199327143e-01 5.875142261839144675e-02 1.076935998210702163e-02 4.853746675338327377e-01 9.311469034881307560e-02 8.354526332600016314e-01 -4.031970194298480081e-02 1.157017179137140445e-01 3.228503961531713484e-01 4.677745767023931411e-01 3.460518689267038511e-02 -1.118792771575889168e-02 1.120168768673646120e-01 5.558107492317228976e-02 3.205129916060266426e-01 9.613100465695476604e-01 5.794560929220958778e-01 7.390172667525532479e-02 1.786041459284232191e-01 1.635193427477219519e-01 2.222145099482815689e-01 1.168676750424365168e-01 -2.074237609690136180e-02 8.514779199079747229e-02 -8.245774532882871322e-02 8.263932937673953427e-01 -7.389199920018876822e-02 4.816742179700678195e-01 2.281382459482860503e-01 5.076725282339017431e-01 3.463672502907938489e-01 1.143260289680158720e-01
4.848505402320640312e-01 5.118807664030867732e-01 5.604458717144688018e-01 1.000000000000000000e+00 1.220414794417390009e-01 5.036994225343274234e-01 4.747304956312502489e-01 5.381078231669442768e-01 5.444662593602729306e-01 4.769171972246600832e-01 5.766847495445781568e-01 7.490744662534369880e-01 4.659673562531690960e-01 2.192930835216740371e-01 1.762748846540394265e-01 4.085866710890161402e-01 9.502887116116836008e-01 4.005019164427431333e-01 5.307241213757893927e-01 5.019916544746823028e-01 2.359468368146692419e-01 3.822395104163257562e-01 2.020652619107837222e-01 7.398901517189576671e-01 5.397800709505662375e-01 5.636334890598810876e-01 6.107639668228753704e-01 5.211365104932028647e-01 3.260004170207727592e-01 8.283825368605945982e-01 8.691481969836301058e-01 5.276915825262105120e-01 2.802719950567176821e-01 8.435547773879190081e-02 3.555578254312943831e-01 2.516569752688445627e-01 3.451517000339345276e-01 1.434006411534355929e-01 5.321522155217525141e-01 4.294802685622471361e-01 2.372728399018314005e-01 8.443271707736720311e-01 5.221856134261333438e-01 6.545374704915494224e-01 3.919261632415685370e-01 3.911971251582252451e-01 8.218994212203127869e-01 5.952445648147748347e-01 3.158473863064200637e-01 9.267909863355969780e-01 5.437474345367272477e-01 -1.716734972274923665e-01 2.051618978629877188e-01 4.378479486471794080e-01 3.067527608804050399e-01 5.758178622821978898e-01 -7.580693819963088553e-02 8.589515525448364608e-01 2.359374980843393921e-01 5.325728997712996238e-01 7.185300143785118276e-01 4.758741940962208927e-01 2.719086869600705336e-01 5.861466292735648675e-01 1.651302108283819459e-01 7.419997316758567552e-01 7.075387229584759741e-01 6.639239673919974383e-01 6.126599641717853650e-01 3.192679974928791520e-01 5.652328510036213061e-01 5.638702809852591535e-01 4.936834833384043941e-01 5.462732764467443936e-01 9.436144735494478297e-02 5.448749654901200445e-01 5.158108436692548926e-01 5.529607047471083447e-01 4.577927676653070210e-01 8.480137188857398423e-01 3.862058029548123828e-02 4.727195377589733516e-01 5.446804232212173469e-01 2.919337483604850236e-01 6.577168304020752920e-01 4.722768860218676812e-01 -5.163115361010715484e-03 1.756010042182831188e-01 4.392696493918740730e-01 3.667826628219305607e-01 5.520921857685102685e-01 4.525270504224437884e-01 3.112800074590335586e-01 2.407944651674095160e-01 6.321587854293581055e-01 1.928272832035117790e-01 3.225258473601425036e-01 4.254288612087399057e-01 3.059233267851653171e-01 5.661428908210452970e-01 6.327081921153803190e-01 7.406190728293271519e-01 3.817303902235236190e-01 3.580961268788474539e-01 4.776400801774380867e-01 6.820665455760897000e-01 5.118730960804687147e-01 5.218286981491261356e-01 5.935319100202394171e-01 5.445301027022688700e-01 4.784824445666225889e-01 4.542364111853524622e-01 6.973948418830138163e-01 4.481420387556697693e-01 4.518562742071409732e-01 6.012681557574757196e-01 6.534625351932767945e-01 5.520950027988382747e-01 4.743828645001114674e-01 3.204088671485193496e-01 5.443818079936003640e-01 4.762607065157882791e-01 5.673710959953680577e-01 6.330677258279299169e-01 2.806754817234353716e-01 6.861406708179281777e-01 1.821053975251577528e-01 5.403417620723125481e-01 2.738337817192323387e-01 2.075718564746135419e-01 1.168298983153910064e-01 1.545274658574444515e-01 7.024795852162198928e-01 3.730707349290536823e-01 9.633993018800112162e-01 7.732754482059711609e-01 7.125914139829350180e-01 6.998058523243620987e-01 4.041578717291877121e-01
4.044571617098039612e-02 4.340667237236424114e-01 -5.882598639014187392e-02 1.220414794417390009e-01 1.000000000000000000e+00 7.142004598131422854e-01 5.138742029274616652e-01 6.654145613456294850e-01 3.469531289683642217e-01 7.477793747960553850e-01 2.891046020389507754e-01 2.990015625134370691e-01 7.320243202115329639e-01 6.978961375657442845e-02 8.040552444109216879e-01 3.924207952467700933e-01 3.217106646425399452e-01 7.577107614731637408e-01 2.716620125285525988e-01 3.357484024698235703e-01 3.284584789055745024e-01 2.865461004112430099e-01 4.782365656184592306e-01 5.920171099904272261e-01 -4.073147694168222088e-02 4.390953444911852577e-01 6.026659735024108011e-01 7.211232675777959900e-01 2.522377260970504187e-01 4.967366652970259255e-01 1.825876235514721779e-01 5.596729105659404846e-01 3.113303268662519496e-01 2.658062636880316187e-01 4.969918424131772872e-01 -6.111247633069137597e-02 5.074411661285838093e-01 -4.911412455991723096e-03 6.353595241742199251e-01 3.235937643818009857e-01 3.518600350593820703e-01 3.875344318189359871e-01 -8.884647266938780485e-02 6.809232600675153568e-01 2.754037697289423714e-01 6.551245327987978984e-01 4.307643673506952875e-01 6.578384712855669392e-01 2.385805666528029167e-01 -5.709917645521770529e-02 6.666399364342596723e-01 5.014147911035733707e-02 4.893551782202709699e-02 4.963470806025311322e-01 1.429550340970234812e-01 3.237473006490015903e-01 1.846279743980717147e-01 4.614197596926883915e-01 2.373320550449914967e-01 2.128299011097592730e-01 3.604428094024195728e-01 7.119956891101496543e-01 5.106794300491698246e-01 4.855483583924924962e-01 1.425234278893547368e-01 5.486893022204089032e-01 4.114332527870830924e-01 4.731198532968657888e-01 4.627096227620705049e-01 7.610167325805271554e-01 -4.700799448158129307e-02 7.133181661899185011e-01 6.509202393510505891e-01 3.680736180810800784e-01 1.092395955507233785e-01 6.833914847082670496e-01 -1.579922600900339827e-02 6.535508166625778603e-01 7.390207182696908461e-01 2.690040906907691931e-01 1.025954055523342900e-01 7.306243833881145289e-01 6.672150896050108582e-01 6.325059376661241739e-01 -3.099102124104832073e-02 1.520429295906541856e-01 2.199027556956542340e-01 6.179810190916688040e-01 8.017348632143825315e-02 8.016585137528691174e-01 6.634733759725827129e-01 5.680114771197481982e-01 6.060600983739659053e-01 2.397335414263762898e-01 2.840191295078288158e-01 1.135744666283663024e-01 6.445668507083477383e-01 3.045407194880836999e-01 5.820706105621625825e-01 -5.649573850129818720e-02 5.769756899152472807e-01 5.311964958364790990e-01 1.569527726300167236e-01 3.861305468382559836e-01 7.375236714446351538e-01 6.517618107891895995e-01 5.219413879480392371e-01 3.845578488121000338e-01 6.903713592491100837e-01 6.672544500422625813e-01 4.613967054428081971e-01 4.827952991992952581e-01 1.791277722852540888e-01 1.530093895121202585e-01 7.139626298851622366e-01 5.800446892196666759e-01 5.434178251631743839e-01 6.750835415169026410e-01 6.840949563689110446e-01 1.666987345928872544e-01 6.590388021181760037e-01 6.499602535015112093e-01 9.920447992940409354e-02 4.886755691575765392e-01 3.130097856870747153e-01 5.448270530768900555e-01 2.057200167580584826e-01 1.811692486483464093e-01 1.059527256699499542e-01 2.338198536577332579e-02 1.784655518771893212e-01 6.407981446930917091e-01 3.088702958728259396e-01 7.622037959849333744e-01 2.169203226848619437e-01 5.283230524259623362e-01 2.536876623076752546e-01 1.380265036233117582e-01 5.353276992343812823e-01
3.266528282042969189e-01 6.751585565228986896e-01 3.062359630203701985e-02 5.036994225343274234e-01 7.142004598131422854e-01 1.000000000000000000e+00 8.563534644509067650e-01 9.913619717931849706e-01 6.544505449512554307e-01 8.830788046701579797e-01 4.857810540485407169e-01 6.184673651721994680e-01 9.946688847927445121e-01 1.696076852010595937e-01 6.595256648812670708e-01 5.165363113447755117e-01 6.323988708876644438e-01 9.502726569494044373e-01 6.981814987798707905e-01 6.193570354108157705e-01 1.933238697409197515e-01 3.129126260448006347e-01 4.905494995120538992e-01 9.187564564512413767e-01 1.320102483064318141e-02 8.236060116135449638e-01 9.695497400089572171e-01 9.783374455682525284e-01 3.767654577188526699e-01 6.970255551216256729e-01 3.291609401756774855e-01 9.620545462061699249e-01 3.232970180733135135e-01 1.254079276228847184e-01 6.049210750440474627e-01 1.121574533652372752e-01 4.643705241653158788e-01 2.215466301020506054e-02 9.837059791396303154e-01 6.813370799934730382e-01 2.680025372501524950e-01 7.266556366651483190e-01 9.763184245050721133e-02 9.268942884800704940e-01 4.753973674878164135e-01 6.695849180383596222e-01 7.211067720086982158e-01 9.839585709867521013e-01 2.685403735115373114e-01 3.132569400988679531e-01 9.906851879908769032e-01 -3.409549284935868736e-03 1.194470304145788531e-01 9.271842207867659891e-01 2.509365489777370950e-01 5.985588573376441346e-01 9.187466371705413359e-02 8.445951470844781372e-01 3.328356079865232853e-01 4.664210954010375443e-01 7.920791355979285298e-01 9.935838050789407294e-01 4.482507924667795685e-01 8.717990941337092625e-01 1.846793077557350726e-01 8.972004737318923784e-01 8.524750153278477516e-01 6.686194220249216391e-01 7.252467956109871494e-01 8.338633292156950594e-01 2.428093401479026331e-02 9.767538935227504382e-01 9.159541638525684482e-01 6.897853387534634839e-01 1.936158467070566991e-01 9.883505905039745576e-01 2.882691154482438026e-02 9.873671024745875879e-01 9.391048497573439846e-01 7.361649076619313226e-01 1.610085573911357315e-01 9.976740430905461920e-01 9.900287472512061537e-01 8.549168117615438822e-01 3.765788493018166205e-01 3.244840913443297614e-01 1.590371472243966022e-01 5.713562837323503674e-01 1.574806240484588060e-01 9.328221825609318563e-01 9.880614754750505213e-01 7.645734956116204684e-01 8.660515624211715391e-01 1.770309815829190225e-01 2.270988237979857105e-01 1.272201069654455563e-01 6.639270228152940323e-01 4.812277269377414624e-01 7.134321047998790633e-01 5.343589062106392229e-02 9.182529742838454467e-01 8.184802420871207795e-01 3.712957666235601195e-01 5.546191433447288377e-01 8.823573043199075538e-01 8.674019692260435122e-01 9.526576328719021935e-01 5.826912915142200555e-01 9.714170361151877042e-01 9.477499573765957308e-01 7.133943378538819546e-01 6.752407824633370748e-01 3.119696233827058407e-01 4.270838152076820160e-01 8.976414400140821925e-01 9.197212052842290708e-01 7.954242069102817059e-01 9.954102574201957321e-01 9.658394497608181473e-01 3.059485566936576695e-01 9.944734739097125242e-01 7.883084957037786999e-01 1.870042125413367562e-01 5.331632484049191323e-01 3.075492133100198311e-01 9.083693497167926179e-01 1.059490860989431293e-01 3.842977975782333466e-01 2.578853637730554871e-01 8.286584347780970305e-02 1.547410650726778192e-01 5.591327497371073596e-01 3.552591832938303273e-01 9.636047676939263340e-01 5.069912252182666723e-01 9.106163696305994426e-01 5.382663887903128552e-01 5.984544407826184464e-01 6.088731480609357316e-01
4.521368961210609494e-01 8.316742558372143268e-01 4.019889367586405859e-02 4.747304956312502489e-01 5.138742029274616652e-01 8.563534644509067650e-01 1.000000000000000000e+00 8.429155048195393629e-01 6.428922511497313641e-01 7.295322409756719306e-01 5.426306507879182783e-01 5.504707539461113353e-01 8.692149638495958452e-01 3.018448574715608679e-01 5.902796639669798395e-01 2.622203644161745784e-01 5.879634594456242258e-01 8.882274655189151824e-01 6.728847641813830993e-01 6.619692811759335660e-01 3.728127552112180387e-01 4.316033626093821463e-01 4.727655430991408170e-01 8.081650477428830026e-01 1.973473311973741526e-02 8.329178474491394368e-01 8.353377996150941343e-01 8.202619119782262880e-01 4.213370512254416278e-01 6.045618409457140796e-01 3.108140164108803560e-01 8.916414781832147085e-01 4.573333729170371842e-01 1.301035822514028661e-01 6.318583603524657866e-01 1.046307086144021153e-01 6.432183994930711357e-01 1.306708918518501572e-01 8.737040890620562106e-01 8.250870026319299111e-01 4.679265219056968350e-01 5.386580516138703700e-01 2.009765785640815761e-01 7.816890539149865536e-01 4.111583527166190466e-01 7.757139303474966940e-01 6.307367339339708945e-01 8.401398478152316551e-01 4.551165520613341120e-01 3.315852963931967823e-01 8.385092825714689502e-01 4.789873404937152607e-02 2.435916159741919329e-01 8.565735542834369554e-01 4.646017913946240974e-01 5.196831800771641863e-01 8.688123305976731825e-02 7.323760024878975816e-01 4.667823897647899178e-01 4.487497973013908625e-01 7.586940404447328756e-01 8.535629185921533857e-01 5.068212684783456323e-01 8.528819168527842498e-01 2.813884348889597597e-01 7.294750834175367515e-01 7.990442793292222845e-01 6.874028729865142573e-01 6.289585105982727908e-01 6.607654434220607831e-01 -9.339853650215141235e-04 7.972451871659826939e-01 7.680765357678464023e-01 8.646196281786184823e-01 3.481374857931650579e-01 8.426806426045805321e-01 4.937373268253502506e-02 8.473862696994025612e-01 7.945525457622478749e-01 6.872872582043008105e-01 2.179827920364424687e-01 8.456394588852859107e-01 8.476996973279726788e-01 7.611775465817208763e-01 3.572862571198148762e-01 4.386033835562260785e-01 1.947663867074644894e-01 5.992150325377532116e-01 1.882082965749515557e-01 7.964731517504153313e-01 8.397947528557423436e-01 7.329506587656693384e-01 8.127936547116032528e-01 3.515332484447612482e-01 2.837870659459346134e-01 2.074262470667850855e-01 6.435777385965618658e-01 4.066053368226437148e-01 5.635478029934671840e-01 7.244610841055749983e-02 7.777572634953118236e-01 7.142803419858059222e-01 3.581227227460773710e-01 6.771644278769177738e-01 7.812795652374413535e-01 7.069691959229704725e-01 8.356651487810277112e-01 6.620333988732918229e-01 8.301646916359322059e-01 7.766156432183163316e-01 5.705475214183526322e-01 5.445933314268590619e-01 3.163765139211296429e-01 3.391919900324861237e-01 8.265426514304771155e-01 7.742420400952942927e-01 6.199631842453103836e-01 8.592003371917178445e-01 7.859540484067707444e-01 3.956892597157284364e-01 8.571706342304654669e-01 5.081680405481512341e-01 1.665354801737436719e-01 4.150476796921319655e-01 4.982611374712682673e-01 7.938627440630707799e-01 1.552091876450055197e-01 3.934505563823823548e-01 5.165867418144570733e-01 2.147834841677868645e-01 1.811608579261064222e-01 6.643511294504615972e-01 3.264131312329313639e-01 8.292559654447966278e-01 4.370737537584147847e-01 7.821113658907019595e-01 3.887546986174369446e-01 4.601901191044193706e-01 7.752919412186118908e-01
3.301659543926485640e-01 6.225662313302894324e-01 4.721231209510471510e-02 5.381078231669442768e-01 6.654145613456294850e-01 9.913619717931849706e-01 8.429155048195393629e-01 1.000000000000000000e+00 6.887575958810321364e-01 8.935777805107779637e-01 5.060031727659299872e-01 6.682399678600221549e-01 9.787622684438026521e-01 1.888057156540248749e-01 6.028845505811835093e-01 5.054147469278392757e-01 6.609908891916449480e-01 9.123387688437990528e-01 6.711195972914379970e-01 6.438126440316696009e-01 1.321422862657520292e-01 2.767954902720500265e-01 4.692377507757614086e-01 9.337224232757712628e-01 2.264343401755355631e-02 8.212767570891111868e-01 9.891709354985621649e-01 9.877388111593999875e-01 3.752635366208116330e-01 7.014602981051545338e-01 3.395012571811809599e-01 9.784459948125885376e-01 3.310950747545969852e-01 1.075997259140503842e-01 5.469855981755724628e-01 1.190541798733552731e-01 4.007339598508461442e-01 5.172621877886887827e-03 9.958372549008640551e-01 6.739613321881496866e-01 1.979808804409852463e-01 7.484036156704705345e-01 1.058741152083489678e-01 9.384481761626366492e-01 4.417558874302735528e-01 6.266666573540594642e-01 7.437997055600008567e-01 9.922701236896314114e-01 2.278909204380568654e-01 3.513134501962053569e-01 9.972666563791928729e-01 -1.703366194806902809e-02 1.399716367255413874e-01 9.366669133726486240e-01 2.372213721494584315e-01 6.195155540780007408e-01 9.276183365788649715e-02 8.647883982091022492e-01 3.198380487253525972e-01 4.953642353606106385e-01 8.301064336192665039e-01 9.794982159311038661e-01 4.183863062924988441e-01 8.650893559250416587e-01 1.824469574342892364e-01 9.263610993345141598e-01 8.956102214447418941e-01 6.605638181704364120e-01 7.278814011810939011e-01 8.320395797872972565e-01 3.725776332335266339e-02 9.848299643936140324e-01 9.142830519314190107e-01 6.653081130750967409e-01 2.113642648027584947e-01 9.973415000558365495e-01 2.947431323317874566e-02 9.989293057442957258e-01 9.175528585692621641e-01 7.892599620494786805e-01 1.897840047018252152e-01 9.863360657528067454e-01 9.994430750925754614e-01 8.159446106092597129e-01 4.142477064493531591e-01 3.512572928093879443e-01 1.582916017049038060e-01 5.378223898558018856e-01 1.486401187318931449e-01 8.882613945170181324e-01 9.990554359783274663e-01 7.325568691897494933e-01 8.277370681503706251e-01 1.243142830901323020e-01 2.222880446992832881e-01 1.300507011952850844e-01 6.641037124048477791e-01 4.771502829165601978e-01 7.176550370975094406e-01 6.463289360185894838e-02 9.310838062061804754e-01 8.449156360017739953e-01 3.545275308884811016e-01 4.905157427547160998e-01 8.421273370649016154e-01 8.595114279887857700e-01 9.700440311467934951e-01 5.867221075439578160e-01 9.832319504771744878e-01 9.184854231375242373e-01 6.936633460729348943e-01 6.751201345865753822e-01 3.133144963505235525e-01 4.168776142638521698e-01 8.845592038277345637e-01 9.301741022618272847e-01 7.881209689423572806e-01 9.965649902645988822e-01 9.455328975760715071e-01 3.288899445815207656e-01 9.981788144422425457e-01 7.876208078917772415e-01 1.900559706819022754e-01 5.012003364996188148e-01 2.582753309392980534e-01 9.316193933481177192e-01 1.059474060274708390e-01 4.020848139393453091e-01 2.426150825576501580e-01 6.007866713078071491e-02 1.719659208141643414e-01 4.861446916459190026e-01 3.469647440346873002e-01 9.278064783836736940e-01 5.421170915367121701e-01 9.380922259685599007e-01 5.398978472478961343e-01 6.463360554768239341e-01 5.391518407646145317e-01
3.737270700903951304e-01 4.063988261720082873e-01 5.357675036890585663e-02 5.444662593602729306e-01 3.469531289683642217e-01 6.544505449512554307e-01 6.428922511497313641e-01 6.887575958810321364e-01 1.000000000000000000e+00 6.271830577048631561e-01 8.340333764739144007e-01 8.736318901448945073e-01 6.480927482642636628e-01 6.342731310612665929e-01 4.252656616795199573e-01 4.610159002065549738e-01 6.360685466823039480e-01 6.153955804514477101e-01 4.352688944996542797e-01 9.717494204189882634e-01 3.047797121526262254e-01 5.420713745770761038e-01 5.820080611796083492e-01 7.738209967895022245e-01 5.174629031116116662e-03 7.007338942456724507e-01 7.290439619685036288e-01 6.748658842131758373e-01 6.292670069925938581e-01 5.941036749200303557e-01 3.855102275175287807e-01 7.113847912899654569e-01 5.555660636922837847e-01 1.056043533309040938e-01 4.336790090590925684e-01 2.216415494975538802e-01 4.421366219575249557e-01 2.441293614308169269e-01 7.043572095404461164e-01 5.885348436657513727e-01 3.183554457854073649e-01 7.152906928917360796e-01 1.234449049702939921e-01 7.001028822475703350e-01 3.138732747389502142e-01 4.243781796634565895e-01 5.993303006487236129e-01 7.250063519790500566e-01 3.158999317357656933e-01 5.234656437205229551e-01 7.110011390723860458e-01 2.081387527156465175e-02 5.471108405572457922e-01 6.722642103967039207e-01 3.777417661807717653e-01 8.244424639523482146e-01 1.806525447312323784e-01 6.604945954906407124e-01 6.223901652799886941e-01 8.200449287661462083e-01 8.466136237165567957e-01 6.694856715887171905e-01 6.131644884602123202e-01 6.761817385263044766e-01 4.802614665438069141e-01 6.918360422137345145e-01 8.693927749106074021e-01 6.142342900043569198e-01 7.650113355710546070e-01 5.881628815483976869e-01 -5.511332070435969854e-04 6.863120617790929856e-01 7.429905444214378596e-01 6.080216704069416611e-01 6.285656107918192737e-01 6.882421665699727242e-01 7.356398446908413158e-03 6.915084300155915908e-01 6.828600468462298068e-01 7.373708958359979082e-01 4.135292130511966091e-01 6.542764098286367735e-01 6.932359770820475386e-01 5.176097055120940649e-01 6.260535012980842362e-01 7.596517169000296388e-01 4.210249548856148105e-01 6.543519047377059916e-01 1.491049477861983719e-01 6.257196371399854629e-01 7.000240449627432859e-01 6.923888015484396252e-01 5.775730071896134632e-01 3.144928014772432889e-01 2.642097087957054891e-01 5.962530861204031751e-01 5.049382201929469849e-01 6.224789332771974992e-01 6.827578656175746774e-01 6.416913039171055766e-02 6.977101189680400273e-01 7.836802575802763737e-01 2.764036308109645290e-01 4.365707584634758720e-01 6.370410638901503608e-01 6.631217768903863163e-01 7.030168917633086156e-01 8.181695112562739070e-01 7.502572027315669301e-01 5.941566448571488079e-01 5.092218845373333025e-01 6.891851741219872096e-01 4.434434335599262700e-01 3.294669754180117316e-01 6.420327470686341131e-01 7.070593277677288402e-01 6.388701445576180360e-01 6.896607079988306133e-01 6.047815040088582172e-01 7.700500561437153557e-01 6.821208688449901247e-01 4.334157101672176937e-01 1.570984373808369805e-01 4.200805746920526218e-01 3.736867172328038333e-01 8.016835630872366503e-01 5.214997155983414068e-01 7.935149385399554722e-01 5.039807121351901342e-01 1.690635100272139257e-01 5.056460530446381663e-01 4.295366397704557526e-01 2.757460141862481118e-01 5.995835621997782638e-01 5.404021001878296371e-01 7.625905197429658777e-01 6.707515328002646715e-01 7.884788950895587067e-01 4.577710642081666004e-01
4.910512017206306590e-01 5.510241271691951326e-01 1.019456876798783551e-01 4.769171972246600832e-01 7.477793747960553850e-01 8.830788046701579797e-01 7.295322409756719306e-01 8.935777805107779637e-01 6.271830577048631561e-01 1.000000000000000000e+00 4.993959924680467788e-01 6.270040906287074334e-01 8.729578617442722566e-01 2.557989035255864296e-01 7.345511334458076913e-01 6.203654328019946318e-01 6.869105477442027929e-01 8.062067583808831817e-01 5.650886984155938375e-01 5.484570434181483822e-01 2.819369431874845788e-01 3.458013102885241774e-01 3.647575704881115266e-01 8.861262671585821149e-01 7.748439272065246741e-02 7.601129436224099978e-01 8.984072666101191595e-01 9.457428044288456181e-01 3.908471944332334025e-01 6.620994866132322576e-01 3.950513905533794556e-01 8.664627009610201824e-01 4.217094604693606419e-01 2.251436443946549792e-01 5.616339965472298967e-01 9.732895784896757052e-02 4.343494045903229517e-01 9.608637282785890965e-02 8.887981027141602652e-01 5.844149979361171754e-01 3.286332737475089472e-01 6.043012100447294754e-01 8.981782466523340058e-02 8.944802024903166782e-01 5.578235247186736911e-01 7.455333364078506886e-01 7.220530623146870219e-01 8.879979863184495059e-01 4.422449387065910398e-01 3.834325769636380277e-01 8.751133498804130051e-01 1.432093572205710985e-01 2.042997299415009460e-01 7.513009239107837356e-01 4.396706812157077371e-01 5.709962750640353857e-01 1.378530395695207744e-01 8.009289227276156220e-01 2.956713622700602451e-01 5.238255586018142340e-01 7.984405862952562716e-01 8.569699793218479300e-01 5.231133380685584200e-01 7.508126246665270953e-01 2.091332795178290627e-01 8.828498957352749477e-01 8.201399657450204606e-01 6.949655556300159409e-01 6.294670386864418266e-01 9.625372579935425055e-01 8.991554613834944198e-02 9.036041116836794895e-01 7.354372375607223233e-01 6.651073956068145332e-01 2.530179954360026184e-01 9.165457515986638048e-01 8.268592597122108312e-02 9.003415437459427739e-01 8.359549778327991509e-01 7.328486205500415185e-01 1.690174620759432311e-01 8.714903127160793517e-01 8.927083441393881547e-01 5.977904627614025745e-01 4.638114039994198912e-01 3.837864694080963535e-01 2.132459281277263030e-01 6.536343169634197814e-01 2.051053375343430962e-01 8.086659742287574115e-01 8.981272202582613051e-01 7.319599172002242415e-01 7.222212063069952670e-01 1.654164018088224997e-01 3.796963248841426219e-01 2.170813945106714049e-01 6.673023633903338858e-01 3.564424243313322194e-01 5.691871673775027451e-01 9.188871033047354975e-02 8.721764299149610267e-01 7.796577598569394141e-01 5.269606439397129805e-01 5.425389893309986444e-01 7.233916358065692886e-01 8.157782581827847102e-01 7.972998329921973104e-01 5.815377399372366751e-01 9.127563850456997807e-01 8.162106894437416438e-01 6.267477675570558571e-01 5.552124979271952920e-01 3.813171439375359073e-01 5.208147643415341754e-01 9.383845416050320409e-01 8.206480111400284994e-01 6.959877439007168265e-01 8.904785991056642924e-01 8.629311856054086016e-01 3.854063417634822630e-01 8.877701214593990420e-01 8.405389480654326118e-01 1.888568672894919698e-01 4.352444111545459293e-01 4.086035071133354291e-01 8.668568412538510959e-01 2.362995952893830742e-01 4.178520786650238295e-01 3.545495194150972695e-01 1.470994538503026527e-01 2.599641068489488283e-01 5.065444535057604947e-01 3.627329075607802489e-01 7.824331469714984610e-01 5.755682274519845487e-01 8.517184807875037844e-01 4.581639253972533687e-01 6.189513751944943909e-01 5.177876368855690581e-01
3.613562055795797590e-01 3.851778097146859037e-01 5.131986823875096804e-02 5.766847495445781568e-01 2.891046020389507754e-01 4.857810540485407169e-01 5.426306507879182783e-01 5.060031727659299872e-01 8.340333764739144007e-01 4.993959924680467788e-01 1.000000000000000000e+00 8.832855417825504762e-01 4.548991991465657359e-01 7.569518713414342681e-01 2.975915040632560737e-01 5.576516519416714335e-01 6.279178008952338574e-01 4.793433446044547130e-01 4.462251098782230585e-01 8.692606260857157485e-01 3.758926690424306272e-01 4.586153078879798839e-01 6.702536548085634704e-01 6.991911142590043760e-01 2.750151479283986442e-02 4.778039247753471663e-01 5.751855630623250448e-01 5.073772286563295042e-01 7.473291251657492307e-01 6.875233753939361536e-01 5.654669186952421267e-01 5.194355096752489853e-01 8.283577578619141235e-01 2.069913381669548080e-01 2.780512150471495803e-01 1.961953863175482649e-01 4.450341187786713282e-01 3.104875861880622701e-01 5.125725412029017436e-01 3.246946634025843492e-01 3.930603544061382904e-01 6.422296047266969898e-01 8.322991842822727304e-02 6.390157420869512217e-01 3.836809911586006039e-01 3.936011846700743222e-01 5.280445245541882660e-01 5.488510139299557222e-01 3.561823736712194655e-01 5.736823680483087440e-01 5.361695253244981307e-01 4.067057945601666724e-02 6.378705393233016219e-01 4.110344366227710600e-01 3.335586175476984439e-01 8.522324599840134240e-01 2.034230847365872952e-01 5.616018693998758859e-01 6.649814998380342290e-01 8.909847216260153857e-01 8.085785225208569349e-01 4.720448501511276262e-01 4.637323507598824501e-01 4.652568779787348840e-01 5.833931199496890097e-01 5.831792617704854020e-01 7.182087644369443691e-01 6.248486618038581186e-01 7.471600918132333957e-01 3.935286072886053921e-01 4.484583518839043575e-02 5.471664490461225494e-01 6.306710326073308170e-01 4.978359338744137164e-01 7.303974123588651279e-01 5.166048001908922771e-01 3.332593439367595445e-02 5.139892712340151659e-01 4.468216921732972580e-01 5.652050192575966969e-01 5.224407941689808155e-01 4.665984498863622321e-01 5.191533329202617786e-01 3.353256976691379454e-01 5.723509812319044210e-01 9.593409606767258069e-01 4.791542455614862250e-01 4.777349619247791002e-01 1.603572272126592979e-01 4.554242656632848107e-01 5.183330838711688315e-01 5.018537354764011083e-01 5.530442215412882945e-01 3.285802788510790440e-01 4.722069685031705655e-01 7.303687596872903143e-01 6.679903345758801958e-01 6.297167072237537244e-01 6.784744894240063440e-01 6.565247378217065055e-02 5.554531909086056762e-01 7.779878535001301110e-01 3.284733665335922148e-01 4.676364213482568921e-01 5.185433280285676183e-01 5.574003937311154955e-01 4.571673084787707397e-01 9.317846047051336900e-01 6.010937265235543059e-01 5.017528774172174133e-01 3.717223540134265147e-01 6.547345668009018071e-01 3.864599660414374527e-01 3.651989333845352403e-01 4.457835344959609758e-01 5.320302599192094917e-01 4.953561874519848418e-01 5.173090988970022730e-01 5.010774772027557500e-01 8.613123084463871759e-01 5.034115858634413687e-01 3.879333959738028303e-01 1.563084883875957010e-01 4.518652659221242263e-01 3.096671210516585004e-01 6.296560071973644757e-01 7.512006448166397288e-01 8.561010228966041691e-01 4.495214215519300893e-01 2.093564174513637133e-01 6.166905021641967410e-01 3.467961655675129151e-01 4.082633558651483918e-01 4.216890653544289047e-01 5.975480744873463701e-01 5.961734976475187020e-01 6.130530022956810487e-01 6.011663561481885854e-01 4.468735801098399074e-01
