1.000000000000000000e+00 6.432786458139201358e-01 7.703307592991216757e-02 5.503831308498672303e-01 1.530537082844578012e-01 4.445223639431346574e-01 5.210579087816581412e-01 4.461471357073746313e-01 5.088734485643765515e-01 5.402041304936009425e-01 4.650131817053280159e-01 4.648644775261231432e-01 4.470314053581912472e-01 3.048159534036575802e-01 4.068435501966248813e-01 4.893421093176672509e-01 6.674109762685449532e-01 3.937682885269251365e-01 6.867406935917290678e-01 4.562410645138822440e-01 5.612584228491639404e-01 6.435903509772137321e-01 5.149889816068995568e-02 5.760207810224933223e-01 7.436601878247498312e-03 7.611304319566862819e-01 5.037652704956074867e-01 4.673100051725826987e-01 3.747147591870773620e-01 3.886852777000467940e-01 4.180245878716757346e-01 5.246218758207620292e-01 3.306574907305103728e-01 3.023238895246398508e-02 6.799406901000827341e-01 2.802722466868968754e-01 5.190802931173786883e-01 4.189364323405649349e-01 4.616662262876423672e-01 6.299121319695847321e-01 5.553391490920583928e-01 3.949396454950929725e-01 1.232375482422860269e-01 4.924480465763537151e-01 8.414030304054392895e-01 5.963849001628381830e-01 4.712010948525671705e-01 4.313243469587794143e-01 8.256399777215375213e-01 6.483282345662175761e-01 4.234836920218478795e-01 3.320553019613423779e-02 2.533357779644273000e-01 3.436198721993212191e-01 7.295621038964522631e-01 4.635106429737092526e-01 8.610701653577254588e-02 6.506055516577091691e-01 2.816123752207940756e-01 5.018051183605061194e-01 6.683265943935643438e-01 4.397481665186587785e-01 6.280934351761477963e-01 6.916408120376957847e-01 1.990137923757658300e-01 5.878827781544208042e-01 6.167552894032864996e-01 3.708231407664833723e-01 4.040693527284950903e-01 5.510755789200565413e-01 2.152905869485189500e-02 4.401757153082419549e-01 3.025482422411459038e-01 7.735017983431120570e-01 1.952096852616494738e-01 4.724483572382303653e-01 3.224135704964853355e-02 4.490961517212720411e-01 4.932065001716304242e-01 6.752857884930392185e-01 -1.089793382141442980e-02 4.268707550281932717e-01 4.450041786970514446e-01 2.211642865592756135e-01 5.856306835045248516e-01 4.244714973247381562e-01 5.046002467685684056e-02 5.612091918769638310e-01 6.194074458522678961e-02 4.306881527439803681e-01 4.496139990740158909e-01 7.101579626272819246e-01 3.986196969139356172e-01 4.897026220717723421e-01 2.654260238029837460e-01 2.774317413164422708e-01 2.886242537461113367e-01 2.509501680179310190e-01 1.485264867430181046e-01 2.594383418748212253e-02 4.146487533325393104e-01 4.873823380121774518e-01 9.157734762117797356e-01 7.425901464527966400e-01 4.178231840821005072e-01 3.474406565178903006e-01 3.915237531665515247e-01 5.127591988398251255e-01 4.578206844485679383e-01 5.384213512944311386e-01 3.075602242983361823e-01 2.663760457983039842e-01 3.436487469875071921e-01 8.765737096433617870e-01 6.131371056000173292e-01 3.247012341385330236e-01 2.659140959430431606e-01 4.835016915388856695e-01 4.939085315871168946e-01 3.819852781650593943e-01 4.738763270081414736e-01 2.786021094869560732e-01 3.280436329632509945e-02 1.912792901493901021e-01 7.432077975393966973e-01 5.132440946099996459e-01 1.977429987738219819e-01 4.701471776347195264e-01 7.015910793583826077e-01 4.325966091478217201e-01 2.130267415669443720e-01 4.138137087583523832e-01 1.631936574481886171e-01 3.651274972851185630e-01 6.041935793847102998e-01 5.642449645862770424e-01 3.186432523936237327e-01 6.080859144463113264e-01 5.197255182381920191e-01
6.432786458139201358e-01 1.000000000000000000e+00 1.479396291263362362e-01 5.512977088606370035e-01 5.318807408065107101e-01 7.444792977371076370e-01 8.490354336430344651e-01 6.870897017087482794e-01 5.121072561700050763e-01 6.022522852582761210e-01 4.991265568338800196e-01 4.558758507138615523e-01 7.702402838224158277e-01 2.545419990584348868e-01 6.576649799024475440e-01 3.647431559801964651e-01 6.151297906305038810e-01 8.147259267493176527e-01 7.949130997803496301e-01 5.320614439175879173e-01 7.158689278757008889e-01 6.514461995809084360e-01 4.858127865732286277e-01 7.257035182642390669e-01 1.023565513986608028e-01 8.274641407999879794e-01 6.646442122987294976e-01 6.770100593866128502e-01 5.185431036369168023e-01 6.406261607817983483e-01 4.789877213455419058e-01 7.066803758963292603e-01 4.053336548206691314e-01 1.119316247907780892e-01 8.983633339431735809e-01 1.481796327047685546e-01 8.178404174242300817e-01 4.293695301015934551e-01 6.899599353785351719e-01 8.551598108558293720e-01 7.290512517463894060e-01 5.614067302782862479e-01 2.926951676225215127e-01 6.542420650609968025e-01 7.134632064472172797e-01 8.604571447494995251e-01 6.421716137272142078e-01 6.767198250856455433e-01 7.487579784127256222e-01 4.337849206015964576e-01 6.887077168198321164e-01 1.061135316045255933e-01 2.806380397345418776e-01 6.440255974651895032e-01 6.198767047678884756e-01 5.409940432890597561e-01 3.909094277869905321e-02 7.229880412093783182e-01 5.423358886745507368e-01 4.521408730368871032e-01 6.460277516662527031e-01 7.560659089800167987e-01 6.287453571292699328e-01 8.574517488627002582e-01 3.796266621984618062e-01 6.375458314899893342e-01 6.406928074937427997e-01 5.067757721022791984e-01 6.554742776079440780e-01 5.990635398869251782e-01 8.523944558952152584e-02 6.471256767073760852e-01 6.782631706317067133e-01 9.188370882786716098e-01 2.502326771838218056e-01 6.998830774462941884e-01 1.717612108658429226e-01 6.753051315221393347e-01 7.726942311330284863e-01 5.955312830130423674e-01 1.376179736634725592e-01 7.372386846849749986e-01 6.885324326797910288e-01 7.748032201275287800e-01 3.387401151059097337e-01 3.918760687328519121e-01 2.438346885295806510e-01 6.059676054540494849e-01 2.339690151754537928e-01 7.902843381871200723e-01 6.841837429365285050e-01 8.230368455296332986e-01 7.104897417773544666e-01 5.619555664734188216e-01 3.672750946561736951e-01 2.706220776681827478e-01 5.597019139476137051e-01 5.428285003812666210e-01 5.092555579518811548e-01 1.560238475824789750e-01 6.030560189311138242e-01 5.963655355557653248e-01 6.150818026097171209e-01 8.981967269002323340e-01 7.734184495469074161e-01 6.070292546786856258e-01 6.369582182899800049e-01 6.533134874080394061e-01 6.671989667362080434e-01 8.086642354390909393e-01 6.110774551112043707e-01 5.846067694925329850e-01 3.854440966430011661e-01 6.026845576250805525e-01 7.708690701198180895e-01 5.888093574168726807e-01 5.432678082167766709e-01 7.320993030228301057e-01 7.373716465486334082e-01 3.515230163477315317e-01 7.254898716883141363e-01 4.338796832223179578e-01 2.719649271522429634e-01 6.139291992874416071e-01 7.789309983591218289e-01 5.883275987991043454e-01 2.095337252821623808e-01 4.693931676643249840e-01 6.792602497999153943e-01 2.354448780974209010e-01 2.080344473084866641e-01 7.989111219173645750e-01 4.589853815647624846e-01 7.836996585528960280e-01 4.977577962448949123e-01 6.805107469870982362e-01 4.176760429809566189e-01 4.455488110422163861e-01 8.935215349752787528e-01
7.703307592991216757e-02 1.479396291263362362e-01 1.000000000000000000e+00 6.568826394184236195e-01 -3.485973532113490619e-02 9.918466175553146413e-02 1.100025567644309782e-01 1.251760016558597366e-01 2.397085037878517733e-01 1.582454051500229164e-01 2.413128685499593973e-01 3.996587264058342193e-01 9.045972117082676234e-02 3.201957844571959866e-01 4.576837775812801767e-02 7.743537053153370930e-02 5.450997298064723662e-01 8.817172554844539267e-02 6.319772420546397595e-02 1.590878079132206913e-01 1.440859464512958821e-01 3.197167678300834315e-02 2.326437554675439556e-01 2.937626951308254797e-01 9.833559088501612200e-01 8.886151148531219734e-02 1.577187987477938202e-01 1.367825084939673641e-01 3.257611847836456298e-01 5.756412210056971457e-01 7.602593091830368577e-01 9.617299637397205836e-02 2.081449626753245075e-01 2.610285852243144356e-01 5.944044019598759832e-02 -1.601923886749647141e-01 8.322760350565369669e-02 1.692779599643405297e-01 1.298059443480181208e-01 1.867319783140695688e-01 1.074210669581449340e-01 4.901693744546844478e-01 9.340240397544338213e-01 1.369910624339078231e-01 1.231314280372071239e-02 1.981729280221873057e-01 6.386535580619294716e-01 2.136577217789375482e-01 1.615107298712647466e-01 6.490454225413233580e-01 1.371789245599804308e-01 -1.576719069558414899e-01 4.369545628288659112e-01 1.879501801289678586e-01 1.695782501367410489e-01 2.997722705388664588e-01 2.051426583481489874e-01 3.972572839235956055e-01 3.553985383554276734e-01 3.618541829604473570e-01 2.601046618142191513e-01 7.455605630470744927e-02 -8.890868712690988551e-02 9.118021893316771709e-02 4.301595630514110091e-01 2.426008925674560390e-01 2.568166250594902111e-01 4.589836795287481896e-01 3.791050950859139457e-01 5.344373386148663918e-02 9.805330997654865266e-01 7.497355711691161551e-02 1.204777517216047977e-01 1.925980264967530886e-01 2.826662124855676694e-01 1.387798739634688583e-01 9.805913697001266138e-01 1.551199116147550794e-01 5.884038212074249596e-02 4.203089857723295575e-01 3.566257001472083465e-01 6.502340210106595519e-02 1.211359903817354755e-01 4.842101584505022899e-02 6.030662963684785272e-01 2.886372506095243318e-01 3.942853601428278898e-01 -1.014026680656124613e-01 8.776502888588026963e-01 2.018932543741149520e-03 1.525239148405313216e-01 6.176868301520666363e-03 -3.963097445898183802e-02 1.979434053347280467e-02 7.820270891948614134e-01 3.774523132130623848e-01 4.314396466184487744e-02 3.549930822349083859e-01 6.365248729438793829e-02 9.737633941413615934e-01 3.802438315521348144e-01 2.089690871681119666e-01 4.508411316506848177e-02 6.255092426800447358e-02 3.222421044655276925e-03 4.481251511543137833e-01 1.704342765979239283e-01 2.749653352773814285e-01 1.542897816103148967e-01 6.777125488601505598e-02 4.951497649634891696e-01 2.991549250467354648e-01 8.376783952661840393e-01 -4.669386212971238237e-02 1.612644878770900791e-01 3.910428157353399992e-01 4.938798942091153776e-01 1.055684808652497947e-01 3.446307860035245640e-02 3.274328191052519044e-01 1.283728317323022394e-01 3.195042376832276099e-01 9.572814090501168272e-01 6.329724898206429140e-01 1.119236960911998702e-01 2.532290864912288830e-01 3.820956101013431305e-01 4.067081725536499381e-01 2.176603706069942246e-01 -5.429639568603730065e-02 3.281710277309876633e-01 1.199660445593807995e-02 8.347087540742643696e-01 -2.809381974508111477e-03 5.636505551980489637e-01 3.370655891017145800e-01 5.519448812719843778e-01 4.430536326859877971e-01 1.619566397102125133e-01
5.503831308498672303e-01 5.512977088606370035e-01 6.568826394184236195e-01 1.000000000000000000e+00 1.931346875446919298e-01 5.318672657995690001e-01 5.110594717476770743e-01 5.617701983405372079e-01 6.512229286327844147e-01 5.129429527116937670e-01 6.584361099460538380e-01 7.834120155642493311e-01 5.035172360800804769e-01 3.789304985030645945e-01 2.644181776616580937e-01 4.317029854766629704e-01 9.488449912252422402e-01 4.502216091070975201e-01 5.692827904548914963e-01 6.167639312252641837e-01 3.633965538926263728e-01 4.556110280363469545e-01 3.430141978240899836e-01 7.533001127287042298e-01 6.330135264195444478e-01 5.983296919762153276e-01 6.263031086446447793e-01 5.496312055459620094e-01 4.583390952268297514e-01 8.363773027795268211e-01 8.886711684195425232e-01 5.551250527097224552e-01 3.937136850252448417e-01 1.338767726947731607e-01 4.421711912410294376e-01 1.558128199018691262e-01 4.262271068190478518e-01 2.313786630553869017e-01 5.577252706716977482e-01 5.157444347832060849e-01 3.372773408506192228e-01 8.657787880744235443e-01 5.909540572759337529e-01 6.527727394666276162e-01 4.699806931443265556e-01 4.576500251660569063e-01 8.434301059058739725e-01 6.221029274762484018e-01 4.256826125323315280e-01 9.463256886003810209e-01 5.724573061269287999e-01 -1.767535643176317006e-01 3.654043555125709442e-01 4.794598167791688792e-01 3.888293468813354137e-01 6.430732616178709282e-01 1.615504974592131826e-01 8.646133715731980640e-01 3.984012559212774529e-01 6.253630528715674597e-01 7.489989310465595684e-01 5.087387851759657131e-01 3.753141030905082776e-01 6.081482303321593674e-01 3.406808152920800525e-01 7.495446666068159569e-01 7.416282018820903321e-01 6.351086811848679625e-01 6.737043187719017334e-01 3.848017391643617224e-01 6.494779855248824507e-01 5.701959470399411423e-01 5.547159556234169120e-01 5.953366431473445797e-01 2.714715487781146352e-01 5.696044590898872162e-01 6.249316138451781466e-01 5.752920955985152407e-01 5.045859622165207448e-01 8.638975868779599221e-01 1.831990679747845241e-01 5.018546640549892413e-01 5.675025029069716842e-01 3.693119304007616566e-01 7.252172530217962931e-01 5.713198862107108367e-01 1.982756110410390238e-01 2.753336026823168803e-01 5.375532914718370581e-01 4.223218732861587776e-01 5.790715386107397888e-01 5.130169037962848400e-01 3.627218565893476354e-01 3.108733784268833400e-01 7.100094394351141869e-01 3.612025769990007129e-01 3.970888115008680552e-01 5.301085078879852475e-01 4.043408182382158822e-01 6.714182454246223619e-01 6.412594035152670013e-01 7.506541632966852173e-01 4.694216473092572839e-01 4.470004093174794191e-01 5.110398980356688492e-01 6.834460518604739132e-01 5.433156425714336102e-01 6.180219727199697255e-01 6.113585536813164190e-01 5.663215983453530056e-01 5.435202486822515722e-01 5.437844761414748485e-01 7.398872052992470083e-01 4.966130973514004121e-01 5.105466083687749679e-01 6.267412606469536795e-01 6.626298220509729830e-01 5.720409814288677230e-01 5.003486355245961859e-01 4.711377384837986959e-01 5.703960187294583317e-01 4.823385852206305557e-01 6.662205196727559731e-01 7.012101107780700504e-01 4.120266563456265740e-01 6.973709716676280701e-01 3.482475471847925053e-01 6.341169037758384031e-01 4.195590605603998213e-01 1.930861935993846701e-01 3.288308178005209803e-01 2.637656274021654146e-01 7.622549269190808108e-01 4.205837917553839067e-01 9.615072049445133606e-01 7.967391181660332666e-01 7.399124674562119752e-01 7.355975802807770414e-01 4.775760600038662096e-01
1.530537082844578012e-01 5.318807408065107101e-01 -3.485973532113490619e-02 1.931346875446919298e-01 1.000000000000000000e+00 7.715545796551459556e-01 6.111840066097733448e-01 7.263829206187184528e-01 4.269942739643108887e-01 7.870786402413145755e-01 3.333092948793985877e-01 3.417239694297644625e-01 7.899162527512667564e-01 8.482075556421481144e-02 8.190663158449144055e-01 4.870217825138341006e-01 4.046888425739538775e-01 7.988500545615251358e-01 4.160661924949408119e-01 4.145954233210897288e-01 3.932276165711007243e-01 3.311286629911275314e-01 4.862532786725987100e-01 6.435751844941630662e-01 1.343250329010401388e-02 5.327487534109754952e-01 6.767729687654785442e-01 7.680923625543034650e-01 2.818521751997419278e-01 5.414191885905728086e-01 2.458167240478437710e-01 6.439068764694272362e-01 3.575974458406664946e-01 4.200380949193921465e-02 5.708869201510488045e-01 2.672633040413759445e-02 5.581144297320146386e-01 8.488373189717239586e-02 7.066594853190852898e-01 4.306776296432420215e-01 4.355820889090341597e-01 4.411747109927111055e-01 -6.536773917380063470e-02 7.185221155576402285e-01 3.999741869009073580e-01 7.139091307019315158e-01 4.597641165824124521e-01 7.144401050474402659e-01 3.441248887287348679e-01 1.656137617323452313e-02 7.252001002137656860e-01 -1.298251115751613005e-01 5.655981109054201289e-02 5.957178655031825087e-01 3.221267338637773814e-01 3.471409783246706127e-01 9.460500015651967728e-03 5.253564815899162133e-01 2.734957397087651731e-01 2.560770721604472278e-01 4.393531108691739462e-01 7.640171317205289858e-01 5.785997994667072541e-01 5.599151126558096214e-01 1.650483519849825220e-01 6.245259573143322473e-01 4.931157939806118939e-01 5.247087411779485233e-01 4.883977015327996551e-01 8.120653989713264576e-01 -2.206667351797727411e-02 7.774941398114421087e-01 7.027836442669533890e-01 4.785732878442273686e-01 1.264223980451638085e-01 7.398361082520481524e-01 2.537460902463832893e-02 7.156649150480738353e-01 7.751228538864792794e-01 3.420228759149332443e-01 1.129353819442971141e-01 7.853493903718172797e-01 7.270185089630113451e-01 6.489065597033493171e-01 4.989711069178035668e-02 1.851036195676155072e-01 2.233653150526976883e-01 6.929060182552457814e-01 1.797404214942924239e-01 8.374305388953267038e-01 7.211234729932186616e-01 6.179433932641617000e-01 6.875814640736551686e-01 2.672501439299278525e-01 3.525017211601871869e-01 1.238191761577030203e-01 7.005761382319357633e-01 3.215775018076371117e-01 6.076933426751583989e-01 -9.910070650231595987e-03 6.142711989197884304e-01 5.743700106354318047e-01 2.758040391024833560e-01 4.992672971909997703e-01 7.789669805360232013e-01 7.060179574899410060e-01 6.126503192398203845e-01 4.290024590085421141e-01 7.561647129010273805e-01 7.071815766061904096e-01 5.231729552702832908e-01 5.018691145472814474e-01 1.921126177772996546e-01 2.807022746064483099e-01 7.561967437675437553e-01 6.332036747375898722e-01 5.840621615098759989e-01 7.359636319956743833e-01 7.426654784439417067e-01 1.949372737091299990e-01 7.202815919311530424e-01 6.789572888193826650e-01 1.616086121360898742e-01 5.138683534044571344e-01 4.153515150285370661e-01 6.056762919739138162e-01 1.895522545432506145e-01 2.197018250807792339e-01 1.554955078582346828e-01 -3.357351680604821892e-02 1.179806349927259301e-01 6.963770495046096576e-01 3.697707906906531616e-01 8.088438305289515906e-01 2.809904071205900356e-01 5.924774158424772619e-01 3.291396462341809603e-01 2.198283267431266896e-01 5.962947704737935339e-01
4.445223639431346574e-01 7.444792977371076370e-01 9.918466175553146413e-02 5.318672657995690001e-01 7.715545796551459556e-01 1.000000000000000000e+00 8.830844531554609134e-01 9.914969994820020949e-01 6.906182313462758682e-01 9.042636119422956531e-01 5.271204648185318087e-01 6.324064971194109930e-01 9.959987189850997291e-01 1.981848999770120801e-01 7.363467237089467154e-01 5.954213103163127352e-01 6.619946194968147068e-01 9.565981091396611458e-01 7.640939681206203593e-01 6.696149235801844846e-01 3.452112607706926406e-01 4.066480668485278338e-01 5.385959276398267770e-01 9.193918445993809474e-01 8.904942349958555603e-02 8.358790737459873554e-01 9.717799764910907134e-01 9.807199795169688761e-01 4.430148299320982863e-01 6.956954334065507117e-01 3.882267709779657072e-01 9.685330081985537021e-01 3.805205801975936053e-01 7.465985695650315113e-02 7.019625791816741511e-01 1.713529026762634633e-01 5.629611681239673482e-01 1.356306546824238846e-01 9.852801108680818709e-01 7.535762771154060902e-01 3.998237745352073991e-01 7.348703806223914059e-01 1.221514869694868555e-01 9.321409639508045908e-01 6.034821452877818793e-01 7.598514225731527461e-01 7.440782541969552799e-01 9.798550380356049194e-01 4.259622610640969032e-01 3.608657946103178693e-01 9.908198820707843080e-01 -3.448760377159876180e-03 1.757253539603787496e-01 9.342912906369464920e-01 3.676740952629956038e-01 6.237103714709957281e-01 4.608918280791256955e-02 8.433237625295871842e-01 4.089248827984531265e-01 5.091530282843260702e-01 8.127039335100748607e-01 9.940532294957421522e-01 5.461380747538446823e-01 8.666256092388125998e-01 2.656727979925762595e-01 8.976973531799405936e-01 8.656809091586920024e-01 6.677335907494351686e-01 7.404030977935301960e-01 8.766075376871592661e-01 8.867536814236867682e-02 9.720978443903826038e-01 9.318069789433843786e-01 7.639997007162804277e-01 2.440107369967698947e-01 9.891200648491412784e-01 1.144488137058693455e-01 9.864356201132349344e-01 9.518794411401214628e-01 7.384342980688074487e-01 1.771924849362355725e-01 9.979731377096323630e-01 9.903540809930528876e-01 8.620996919732203390e-01 4.362453678766671783e-01 3.632249233589534554e-01 2.230376956838270586e-01 6.519433231481491786e-01 2.738605900569131002e-01 9.472703925285100857e-01 9.879421358455278135e-01 8.116476188231684930e-01 8.919886881345091556e-01 2.321428249554190193e-01 3.206268039770573952e-01 1.930653089893507313e-01 7.002484008214188149e-01 5.319987625399138498e-01 7.437641011839097871e-01 1.180346741965754009e-01 9.036760360529048075e-01 8.286758548060138008e-01 4.930136367193466151e-01 6.632306194523264198e-01 9.065525396413063319e-01 8.609181802318663923e-01 9.577503814778545177e-01 6.251424075614955278e-01 9.667492159304144073e-01 9.519636538095508360e-01 7.591291820559880055e-01 7.043913483257583374e-01 3.583079420631553602e-01 5.428840718381644503e-01 9.246729828382042049e-01 9.102259573385726998e-01 7.951364861650158655e-01 9.954057030511798132e-01 9.736249888176622402e-01 3.541703865400941398e-01 9.948610201238086148e-01 7.996140703880995071e-01 2.796732607400452819e-01 6.012504769225344159e-01 4.594382003354993138e-01 9.023299942067153356e-01 1.535830112919317758e-01 4.358475815035459666e-01 3.549042199189385016e-01 4.801691503043005460e-02 2.185078757904855284e-01 6.483261909293400738e-01 4.365786374073813425e-01 9.686646992541746437e-01 5.459012607638860093e-01 9.094390159266205753e-01 5.764783910727123706e-01 6.272633464719056251e-01 6.803492627762929290e-01
5.210579087816581412e-01 8.490354336430344651e-01 1.100025567644309782e-01 5.110594717476770743e-01 6.111840066097733448e-01 8.830844531554609134e-01 1.000000000000000000e+00 8.665492479430124684e-01 6.796269898309741375e-01 7.768185766958443095e-01 5.951234811962967663e-01 5.790774785646067846e-01 8.924383287114878716e-01 2.824378044839498392e-01 6.952889843851297602e-01 3.649427464074549432e-01 6.139002614343169739e-01 9.188614621209554301e-01 7.244024707022486131e-01 7.185859069318353276e-01 4.911980557973363304e-01 5.148672643026960261e-01 5.480844289157907889e-01 8.288242918104428147e-01 8.337221348710212310e-02 8.134243783083148216e-01 8.525610399964105302e-01 8.499234738661860522e-01 4.846049666412762247e-01 6.045359310908802186e-01 3.552484827144800628e-01 9.023221698878369779e-01 4.832927627305066420e-01 1.070421071046903511e-01 7.085964282197750874e-01 1.743979970931411327e-01 7.228653276029823882e-01 3.083732104092491988e-01 8.885758430928127893e-01 8.594299885564898878e-01 5.694573215125581234e-01 5.706322074196557015e-01 2.287701868454556087e-01 8.211040853027041786e-01 5.296934497061982494e-01 8.465661429227596679e-01 6.821593683796127738e-01 8.600649586518069878e-01 5.767403321263160354e-01 3.747063367860314909e-01 8.644156880041358182e-01 1.009306242622396710e-01 2.844368646190364447e-01 8.694993434193577508e-01 5.577600218788034692e-01 5.690468373874745245e-01 1.070566792693266461e-02 7.331148046046245259e-01 5.301812051903873613e-01 4.946163771397090736e-01 7.851627107838117237e-01 8.840625469571088413e-01 5.939842483806272444e-01 8.254320672972719208e-01 3.536932860317215099e-01 7.321342799302797966e-01 8.116957715668066120e-01 6.838380356547787420e-01 6.713914209236353514e-01 7.219095529819641310e-01 5.665907664826209944e-02 8.065884282385260562e-01 8.188157984728402505e-01 8.979686751200282036e-01 3.975166444227616891e-01 8.662769313746014888e-01 1.342272069974857762e-01 8.661572289693607596e-01 8.383518755227423735e-01 6.778365436302030700e-01 2.329878945783395161e-01 8.720406874007695652e-01 8.703112864227676715e-01 7.965978235812959385e-01 4.128430266863067355e-01 4.713490542666645133e-01 2.713286799523871862e-01 6.786373583670659571e-01 2.770293969896638897e-01 8.439370513127710804e-01 8.622519798607826136e-01 7.867360725377722241e-01 8.610150907346765248e-01 4.179967844787192410e-01 3.515481533270857217e-01 2.698248015760377760e-01 6.611463232756057407e-01 4.897890138357746670e-01 6.280095621828002406e-01 1.288908458183053996e-01 7.950483800218035579e-01 7.567697595030413726e-01 4.552010392538421435e-01 7.538811076841169800e-01 8.436192073584116713e-01 7.197767627706243010e-01 8.549236978846183055e-01 6.934439347140175514e-01 8.429083194741762153e-01 8.188604749467941479e-01 6.427321618858098384e-01 6.078450137095753325e-01 3.756077533282936587e-01 4.395593952466847476e-01 8.686774135556565302e-01 7.909067525472458504e-01 6.507056355778504386e-01 8.832701464595176244e-01 8.312843570907878510e-01 4.412597106082552512e-01 8.795117069437405899e-01 5.643920915849945930e-01 2.546880756200685658e-01 5.189128281490864580e-01 6.146466047149335976e-01 8.028350028571441532e-01 2.136483803682417693e-01 4.460620717788871259e-01 5.791779563930010699e-01 1.188511912181501734e-01 2.826315703848530925e-01 7.393962003584146903e-01 4.009595423552482774e-01 8.658099943124865083e-01 4.907051076565480119e-01 7.962075936497349238e-01 4.430547113398507486e-01 5.082577584688383610e-01 8.226770426361571520e-01
4.461471357073746313e-01 6.870897017087482794e-01 1.251760016558597366e-01 5.617701983405372079e-01 7.263829206187184528e-01 9.914969994820020949e-01 8.665492479430124684e-01 1.000000000000000000e+00 7.230578194002734715e-01 9.170792381622870915e-01 5.454413827647932589e-01 6.802770689395241099e-01 9.803986657112098158e-01 2.223247253903126719e-01 6.890867898182441165e-01 5.901608784701500854e-01 6.885730384130448467e-01 9.224280732493452817e-01 7.329973873905956117e-01 6.934717718985450308e-01 2.837699834840589075e-01 3.677597703416800590e-01 5.215494142153079826e-01 9.328827762250376798e-01 1.111973104928938721e-01 8.264762930774282035e-01 9.902925378906536347e-01 9.902527117731262374e-01 4.414637351138944732e-01 6.952628655413736203e-01 3.949308841161937034e-01 9.823443860017876395e-01 3.863120466231157457e-01 8.122072404960031800e-02 6.434320676845434184e-01 1.883687733136563680e-01 5.018544132728990359e-01 9.653027684670620334e-02 9.967602938770749876e-01 7.403298941878975192e-01 3.318769370323197965e-01 7.564916523761986422e-01 1.314481984818730853e-01 9.446539257778718834e-01 5.694686692189763200e-01 7.198121710581767418e-01 7.683308179190123655e-01 9.900059716969259460e-01 3.855786477052439154e-01 3.973957726454882544e-01 9.975173148526133016e-01 -2.429343268624958169e-02 1.970996284831725287e-01 9.436812516470129975e-01 3.450733466584950948e-01 6.445455537796649370e-01 6.076334606442351793e-02 8.601417107750618518e-01 3.965941629869725871e-01 5.373038430029818402e-01 8.470563041183736264e-01 9.810873644558061324e-01 5.137693407421866088e-01 8.518833022612357642e-01 2.655202260303938799e-01 9.235029159867691462e-01 9.044777769507513776e-01 6.725137170907983242e-01 7.438435388027849759e-01 8.757040928947666947e-01 1.150174791718438644e-01 9.799287856252559825e-01 9.299384517228302949e-01 7.385169029726629253e-01 2.669762268137764183e-01 9.975109828282784363e-01 1.248545863259639815e-01 9.987278517792124166e-01 9.321269286957765132e-01 7.863330725805920407e-01 2.038501668608055373e-01 9.869863082522968289e-01 9.994775236370874172e-01 8.223654440040482072e-01 4.813438042006435436e-01 3.872791125561366177e-01 2.269219982557792170e-01 6.194651663916277418e-01 2.778064259257521096e-01 9.072701461918745158e-01 9.989097642440191160e-01 7.818010760422384742e-01 8.576985755230726038e-01 1.823699259940678163e-01 3.213181307878466564e-01 2.016681276030570236e-01 6.935677865558377286e-01 5.288873053036203808e-01 7.483477493159449434e-01 1.359914546372597566e-01 9.236077305176996211e-01 8.562048025151931530e-01 4.755982637626792742e-01 6.002554918146464358e-01 8.702719345449894117e-01 8.596882555741579557e-01 9.746900413665573470e-01 6.253055336508230866e-01 9.788640638826416884e-01 9.260695497466695514e-01 7.480038834346339760e-01 7.054858208433458788e-01 3.678368188714328801e-01 5.292039957251211124e-01 9.140163397022295078e-01 9.264299239159214938e-01 7.960338546068490562e-01 9.961294269654347167e-01 9.559859388037900141e-01 3.789547844682447653e-01 9.979029480381113038e-01 8.093882139144448207e-01 2.908829839722651966e-01 5.738829098417115304e-01 4.112176392373990685e-01 9.298160700521282962e-01 1.587280784963587266e-01 4.535777863531983423e-01 3.375714891688464392e-01 2.914304188428742254e-02 2.410004046527547406e-01 5.782638442070999751e-01 4.319057676183112870e-01 9.341095188688598450e-01 5.799233736443781817e-01 9.347772397797671218e-01 5.848189466608644249e-01 6.749107914749309378e-01 6.148539418655382116e-01
5.088734485643765515e-01 5.121072561700050763e-01 2.397085037878517733e-01 6.512229286327844147e-01 4.269942739643108887e-01 6.906182313462758682e-01 6.796269898309741375e-01 7.230578194002734715e-01 1.000000000000000000e+00 6.784888867371413612e-01 8.416897382764455537e-01 8.859093323773065132e-01 6.835021604595713507e-01 6.209135816290906051e-01 4.875003402801354468e-01 5.252940382256031659e-01 7.309020379099232523e-01 6.513098144265095923e-01 5.372053188963646919e-01 9.686539192293519562e-01 4.463917920884377111e-01 5.697311990204628751e-01 6.377843936841052219e-01 8.189215118098862600e-01 1.890235617967606641e-01 7.469936173984047523e-01 7.631358945691535389e-01 7.146467132702094549e-01 6.951436858483674985e-01 6.875738700242953749e-01 5.277134840925361559e-01 7.456705867227941820e-01 6.172864215307665159e-01 1.718816151463315178e-01 5.391708837218838202e-01 3.173320864403085806e-01 5.154991457044929559e-01 2.511438351010817915e-01 7.371868937986725268e-01 6.667623712854877649e-01 4.312069656151558128e-01 7.754301017841643828e-01 2.663987875138266181e-01 7.274576047066405593e-01 4.690724736701304964e-01 5.506095063716800464e-01 7.220624947829712426e-01 7.554468497898385593e-01 4.803100052662823138e-01 6.177385848243384103e-01 7.436083066531307129e-01 -1.676823864361353528e-02 5.968569131783707515e-01 6.973098183363328761e-01 4.864870439888980824e-01 8.384147409017010943e-01 2.372263359079029299e-01 7.419778113005838227e-01 6.823118369236970127e-01 8.338967431664521257e-01 8.736136636957031465e-01 6.969483869084541761e-01 6.461228643549927764e-01 7.151159816794272484e-01 5.612255630324747280e-01 7.455388906602433696e-01 8.924788626606650066e-01 6.127688663641851496e-01 8.136515256408050067e-01 6.430977306710348174e-01 1.779711569409986871e-01 7.158921101815810539e-01 7.783065389280823254e-01 6.940207864638970880e-01 6.553929341870128322e-01 7.288315661737753137e-01 1.939857190820892530e-01 7.253261404687351144e-01 7.090452051457403204e-01 7.987040136479351959e-01 4.519021127451036679e-01 6.865083614759466268e-01 7.242870971678658787e-01 5.599405091021247838e-01 6.990679086198179348e-01 7.695503471404256945e-01 5.095793805674558863e-01 6.615561039401339771e-01 3.120382566710514505e-01 6.570268559359019322e-01 7.387088036260410773e-01 7.169164857946771496e-01 5.964449467638199831e-01 3.929997884359296978e-01 4.235902320613532668e-01 6.386011890661105195e-01 5.945997131227362953e-01 6.961370287377132149e-01 7.300405339416137229e-01 2.207438966964566929e-01 7.327263643462710307e-01 8.057426827035196748e-01 4.205686951719279643e-01 5.407594550299050784e-01 6.590343512274813298e-01 7.045273484453360435e-01 7.335187565016145772e-01 8.414911214114816351e-01 7.777287016032520262e-01 6.414618393319407863e-01 6.130093695357314854e-01 7.450783621179704053e-01 5.202415450289549215e-01 4.526950625590130395e-01 6.971970123302516642e-01 7.390155305689942722e-01 6.708908791258381132e-01 7.216757737136584305e-01 6.466244298331302875e-01 7.884272293010856636e-01 7.191008108553885725e-01 5.036691797192733855e-01 3.469834801681693226e-01 5.684204489991306897e-01 4.862147929543344516e-01 8.034176803359105445e-01 5.417475877342853297e-01 8.138672224451637405e-01 5.796882085398357143e-01 1.353668853379530190e-01 5.088647417111291649e-01 5.003164337980103848e-01 4.557516898916244008e-01 6.302982351678274586e-01 6.400073589514583272e-01 8.163923832728119390e-01 7.026329721378505866e-01 8.249027854274914029e-01 5.276658769634976487e-01
5.402041304936009425e-01 6.022522852582761210e-01 1.582454051500229164e-01 5.129429527116937670e-01 7.870786402413145755e-01 9.042636119422956531e-01 7.768185766958443095e-01 9.170792381622870915e-01 6.784888867371413612e-01 1.000000000000000000e+00 5.400310363790528090e-01 6.634724836896698230e-01 8.967291072741497837e-01 2.917810081857414861e-01 7.777970318808576922e-01 6.574993266164353978e-01 7.181961302736901143e-01 8.373599598273108180e-01 6.143176176256232024e-01 6.223533549750739358e-01 3.680287883124936377e-01 3.932665902861295359e-01 4.510419676735075711e-01 8.997908897323394495e-01 1.580435832334355917e-01 7.605581744248426368e-01 9.227795973480128477e-01 9.582420355225167441e-01 4.414290125537695397e-01 6.653659790815161790e-01 4.237261369216646090e-01 8.921278996961575780e-01 4.626020048927263484e-01 1.007107710557047786e-01 6.147780786008633092e-01 1.594167896927614902e-01 5.125326352561272447e-01 1.394347093309915020e-01 9.161964692354997997e-01 6.536995088861882186e-01 4.111968985516840647e-01 6.559660106665606838e-01 1.134548082046007017e-01 9.163065086510364665e-01 6.109776226287395584e-01 7.955913934283009858e-01 7.488463377018920175e-01 9.120474015907655829e-01 5.262972795261423586e-01 4.118137351562236037e-01 9.028712801580953684e-01 -8.943193787409443873e-02 2.497930690676086196e-01 8.029132289359598440e-01 5.017644353922702249e-01 6.055167299877903808e-01 9.472978520154219650e-02 8.113935472925188908e-01 3.686351940483293954e-01 5.544019218550074735e-01 8.161966154601045798e-01 8.816549284494117344e-01 5.849814961853770923e-01 7.469725591229693373e-01 2.799225002077749269e-01 8.979660235242021837e-01 8.495669225324252727e-01 7.178112198262192045e-01 6.712287056733405866e-01 9.669876083977616554e-01 1.509419860114234735e-01 9.279909127015033565e-01 7.959118452047120318e-01 7.143887730319462559e-01 2.998538406704127079e-01 9.354838946345408468e-01 1.506860506410481748e-01 9.248665857596500839e-01 8.630304744346186663e-01 7.484960993465642476e-01 2.154374174951418364e-01 8.950983131439755880e-01 9.172627201838465805e-01 6.228079679983069550e-01 5.146325071149850938e-01 4.114014364369537047e-01 2.701726415150479954e-01 7.093518816509651881e-01 3.218849428530183854e-01 8.373670568259962144e-01 9.218505236724670038e-01 7.539813165264674932e-01 7.614451739654557461e-01 2.193099444943730492e-01 4.502266827200976929e-01 2.744174257386940430e-01 6.998093171629411469e-01 4.356338305312645320e-01 6.420069809219196566e-01 1.429731627181905218e-01 8.842638537698114254e-01 8.197063381150128114e-01 5.762356227035225764e-01 6.001559363137054515e-01 7.749442218479085653e-01 8.392375618865648423e-01 8.418629211335504348e-01 6.069037062843278818e-01 9.373086583636046631e-01 8.316898234928377098e-01 6.858748793809944511e-01 6.189915258734421943e-01 4.150526834983231383e-01 5.619632047108974460e-01 9.408541144325365257e-01 8.499771120359689291e-01 7.308818944492410097e-01 9.121084970168407136e-01 8.793895176012556103e-01 4.288887748849377068e-01 9.091157909332023834e-01 8.499063638752180072e-01 2.839859061729448908e-01 5.120555570328375605e-01 5.062478220857558053e-01 8.885984734308156607e-01 2.727305256916882081e-01 4.632976623567494068e-01 3.977040464149269039e-01 7.268118603520737353e-02 3.048722231014868167e-01 5.771142300982111673e-01 4.417717227128975521e-01 8.138549651466508994e-01 6.080153425825449709e-01 8.723372669853807215e-01 5.227546497752229016e-01 6.504254007323522213e-01 5.826168434113083716e-01
4.650131817053280159e-01 4.991265568338800196e-01 2.413128685499593973e-01 6.584361099460538380e-01 3.333092948793985877e-01 5.271204648185318087e-01 5.951234811962967663e-01 5.454413827647932589e-01 8.416897382764455537e-01 5.400310363790528090e-01 1.000000000000000000e+00 9.016517120309556210e-01 5.023859260206164912e-01 7.919977860357667598e-01 3.587440783573913050e-01 5.885515395041023279e-01 7.007513534259917076e-01 5.310016087695639264e-01 5.122408714289390375e-01 8.827070192349701916e-01 5.249027652400288790e-01 5.078765387111718876e-01 7.340219688751092875e-01 7.510986474821387260e-01 2.211358912587142456e-01 5.226692868022904115e-01 6.130154212427703087e-01 5.525386771576211720e-01 7.951290645564098591e-01 7.478385905613187390e-01 6.606265007728280292e-01 5.551459100287254866e-01 8.547983207681278950e-01 1.655586130995690963e-01 3.930992872650313497e-01 3.219224340820111552e-01 5.416070331935870508e-01 2.686444004832831411e-01 5.511725814297057102e-01 4.455082508409757835e-01 5.329628889994433294e-01 7.059318799402978239e-01 2.240012888358076937e-01 6.695871009777067950e-01 4.805826327494372441e-01 5.185507219667996326e-01 6.487569345622038464e-01 5.912989451051637868e-01 5.061605826930197782e-01 6.453335347747249928e-01 5.762859646958482518e-01 -1.775278022826064922e-02 6.973964844077197300e-01 4.482544041924818035e-01 4.603808449746870646e-01 8.719359860129335393e-01 3.224660314891776292e-01 6.255624709173999154e-01 7.395282809275366409e-01 8.954628194398066565e-01 8.325241986634767111e-01 5.104698141886786500e-01 4.951282438377071493e-01 5.148081609273418291e-01 6.649756533287900506e-01 6.293690558310516270e-01 7.459494224701488374e-01 6.408760379469693458e-01 7.983588280240192514e-01 4.356220632234289458e-01 2.137444973199524867e-01 5.824317547180765109e-01 6.774814916392670749e-01 5.974762693981189310e-01 7.657759170668636539e-01 5.610288860906100794e-01 2.188576658711198775e-01 5.526974118356841048e-01 4.911378977996928019e-01 6.215373118577266487e-01 5.305257490500785433e-01 5.041608927107541493e-01 5.574815035701858879e-01 4.049335121344087574e-01 6.351010671422019360e-01 9.628116655524516787e-01 5.597438484545105286e-01 4.861010967349795320e-01 3.330944195909616434e-01 4.969095339732590988e-01 5.617464307810581259e-01 5.374171073937781262e-01 5.578342910428213397e-01 3.888890463993642244e-01 6.053745885951357097e-01 7.668327827099321592e-01 7.024688555405316226e-01 7.214888634537991452e-01 7.304462341146629178e-01 2.691239064243468038e-01 6.029534745003509721e-01 8.065068337483548566e-01 4.237894297793854959e-01 5.570998074836710501e-01 5.470739635006323098e-01 6.168632797636965925e-01 4.958575577459368167e-01 9.394894965357434291e-01 6.445684231898741734e-01 5.486098977195860149e-01 4.997081882299106992e-01 7.258145838657175108e-01 4.636892001746237280e-01 4.314920589181088784e-01 5.052353875431914165e-01 5.842707631568834215e-01 5.537735164088074535e-01 5.561313839151815763e-01 5.385923537420940210e-01 8.821713507996420400e-01 5.470980245977787870e-01 4.607875458591886852e-01 3.551565460661235130e-01 6.000987359854368375e-01 4.398170525433395817e-01 6.429620058482080625e-01 7.727705514229420425e-01 8.718122354262527463e-01 5.455793468165478499e-01 1.576258260240007425e-01 6.841737758203503272e-01 4.290607327838938945e-01 5.686953867725603740e-01 4.644704840888024266e-01 6.720780148011661348e-01 6.494653896268884896e-01 6.576294700109233116e-01 6.582903263438989461e-01 5.407353461296811048e-01
