9.999999999999997780e-01 8.727272727272725183e-02 -2.206060606060605556e-01 2.278787878787878751e-01 -4.763636363636362669e-01 -7.151515151515150381e-02 6.303030303030301984e-02 1.939393939393937311e-02 1.963636363636363513e-01 3.321212121212121504e-01 1.999999999999999833e-01 2.557575757575757391e-01 -5.212121212121212377e-02 1.587878787878787834e-01 -1.309090909090909194e-01 -2.254545454545454353e-01 2.242424242424242153e-01 -2.496969696969696118e-01 1.466666666666666674e-01 4.121212121212120688e-02 -2.775557561562891505e-18 -2.424242424242418169e-03 -5.915151515151513273e-01 3.769696969696968991e-01 -3.187878787878787867e-01 5.236363636363635665e-01 2.278787878787879306e-01 8.484848484848483974e-02 2.981818181818181590e-01 -2.375757575757576068e-01 9.454545454545451588e-02 2.145454545454545114e-01 6.666666666666666574e-02 -1.563636363636363436e-01 1.648484848484848553e-01 7.684848484848483263e-01 -1.745454545454545592e-01 4.521212121212120350e-01 1.139393939393939653e-01 2.448484848484847320e-01 0.000000000000000000e+00 -2.884848484848483996e-01 -9.939393939393935395e-02 1.987878787878787634e-01 2.181818181818181296e-02 2.181818181818181990e-02 -4.133333333333332749e-01 -3.103030303030302473e-01 5.539393939393939537e-01 3.709090909090909105e-01 -7.393939393939392979e-02 7.878787878787878451e-01 -2.327272727272727271e-01 -3.321212121212121504e-01 6.654545454545452987e-01 2.206060606060606111e-01 -8.484848484848489178e-03 2.424242424242423893e-02 -2.533333333333332993e-01 3.490909090909091184e-01 4.690909090909090584e-01 -1.248484848484848475e-01 1.575757575757575635e-01 4.024242424242423510e-01 -3.248484848484848309e-01 7.030303030303029777e-02 3.260606060606059953e-01 -1.042424242424242475e-01 4.242424242424240599e-02 3.151515151515150714e-01 -1.284848484848484795e-01 -3.636363636363637662e-03 -3.939393939393939226e-01 4.763636363636362669e-01 -1.163636363636363635e-01 8.848484848484847176e-02 -2.484848484848484751e-01 -1.006060606060605878e-01 -2.424242424242423546e-02 1.951515151515151314e-01 -1.830303030303030154e-01 -1.103030303030303194e-01 1.090909090909090821e-02 -5.030303030303029388e-01 1.406060606060605678e-01 3.187878787878787312e-01 -2.096969696969696595e-01 1.333333333333333072e-02 -7.648484848484847776e-01 -1.939393939393939115e-01 -2.424242424242426842e-03 3.066666666666666430e-01 -4.848484848484860624e-03 5.539393939393939537e-01 7.393939393939394367e-02 1.781818181818181634e-01 -3.939393939393939226e-01 3.272727272727271597e-02 -5.454545454545453032e-01 -2.181818181818181990e-02 -3.430303030303030187e-01 8.969696969696967781e-02 3.781818181818181746e-01 1.078787878787878796e-01 -1.127272727272727176e-01 -5.636363636363637131e-01 -1.503030303030302717e-01 1.563636363636363713e-01 -1.224242424242424077e-01 1.321212121212121393e-01 -5.260606060606060064e-01 -2.327272727272727271e-01 -3.636363636363641565e-03 1.599999999999999756e-01 3.769696969696968991e-01 -5.187878787878787978e-01 -4.484848484848484307e-01 4.121212121212121382e-02 1.006060606060605878e-01 6.181818181818182767e-02 8.121212121212120771e-02 -3.393939393939393590e-01 -6.606060606060604190e-01 -5.333333333333333259e-01 6.048484848484847465e-01 3.757575757575756098e-02 1.248484848484848336e-01 2.933333333333333348e-01 9.333333333333330983e-02 6.290909090909091450e-01 6.424242424242423977e-02 -3.721212121212121304e-01 -2.569696969696969591e-01 -3.575757575757575468e-01 2.727272727272726516e-01 -7.757575757575756181e-02 -2.799999999999999711e-01 -9.090909090909089774e-02 -2.218181818181818310e-01
8.727272727272725183e-02 9.999999999999997780e-01 -2.412121212121212110e-01 -1.054545454545454675e-01 -1.818181818181818094e-02 1.575757575757575843e-02 3.878787878787878229e-01 -2.072727272727272751e-01 -9.212121212121208991e-02 -2.981818181818182145e-01 1.103030303030303055e-01 -8.969696969696967781e-02 2.290909090909090950e-01 1.236363636363636137e-01 -1.454545454545455238e-02 -2.448484848484848153e-01 -3.406060606060605789e-01 3.890909090909089874e-01 2.727272727272726516e-01 -1.103030303030303055e-01 9.939393939393939559e-02 3.999999999999999389e-02 -7.636363636363636964e-02 -1.284848484848484795e-01 -2.921212121212120594e-01 1.296969696969696439e-01 -1.987878787878787912e-01 -1.648484848484848275e-01 4.969696969696968392e-02 -6.060606060606060774e-02 -2.242424242424242153e-01 -1.503030303030302994e-01 -1.212121212121211877e-01 -3.418181818181817988e-01 4.254545454545454741e-01 2.218181818181817755e-01 1.406060606060605678e-01 1.999999999999999833e-01 -1.975757575757575712e-01 5.575757575757575024e-01 2.242424242424242153e-01 4.969696969696969086e-02 1.066666666666666596e-01 -4.024242424242423510e-01 2.133333333333332915e-01 3.078787878787878074e-01 -7.393939393939394367e-02 -2.533333333333332993e-01 3.272727272727272707e-01 -1.612121212121211955e-01 -1.139393939393939237e-01 1.781818181818181634e-01 -8.484848484848483974e-02 7.515151515151513584e-02 8.727272727272725183e-02 1.987878787878787912e-01 -7.999999999999998779e-02 -3.006060606060605989e-01 3.151515151515151270e-01 2.666666666666667185e-02 6.060606060606057999e-03 8.363636363636361981e-02 -3.163636363636362914e-01 2.339393939393938915e-01 1.769696969696969435e-01 -4.096969696969696706e-01 -1.078787878787878657e-01 -2.048484848484847798e-01 3.636363636363628554e-03 -3.418181818181817988e-01 -1.733333333333332837e-01 -1.733333333333332837e-01 1.212121212121212120e-02 4.460606060606059908e-01 1.212121212121222745e-03 -6.666666666666666574e-02 -2.096969696969696595e-01 -2.678787878787878829e-01 1.345454545454544959e-01 -3.090909090909090273e-01 -1.248484848484848475e-01 6.060606060606059386e-02 -2.145454545454545114e-01 4.799999999999998712e-01 -2.448484848484848153e-01 -6.545454545454544582e-02 3.757575757575756792e-02 -1.030303030303030554e-01 -2.424242424242423546e-02 2.266666666666667107e-01 -1.539393939393939315e-01 5.818181818181816789e-02 2.472727272727271719e-01 4.727272727272726488e-02 -1.745454545454545314e-01 1.090909090909090856e-01 -2.145454545454545114e-01 2.630303030303030032e-01 -4.242424242424240599e-02 8.484848484848492647e-03 -2.545454545454545192e-01 -1.575757575757575635e-01 -1.672727272727272396e-01 4.896969696969697416e-01 2.133333333333332915e-01 -2.533333333333332993e-01 -1.830303030303030154e-01 -9.818181818181817566e-02 -1.212121212121211877e-01 1.781818181818181634e-01 1.212121212121214289e-03 -2.036363636363636154e-01 -2.072727272727272196e-01 -2.278787878787878474e-01 -8.848484848484848564e-02 -2.266666666666666552e-01 -1.442424242424242276e-01 -1.151515151515151436e-01 -1.818181818181818094e-02 -2.545454545454545886e-02 -3.636363636363636881e-02 -3.175757575757575113e-01 2.181818181818182684e-02 9.696969696969695574e-02 2.145454545454545114e-01 -3.721212121212120749e-01 -1.381818181818181557e-01 1.393939393939393478e-01 2.375757575757575513e-01 1.987878787878787912e-01 -2.581818181818181790e-01 1.309090909090908916e-01 8.484848484848480504e-03 3.199999999999999512e-01 -3.030303030303029277e-01 -3.866666666666666585e-01 -2.230303030303029954e-01 -2.703030303030303227e-01 3.866666666666666030e-01
-2.206060606060605556e-01 -2.412121212121212110e-01 9.999999999999997780e-01 2.896969696969696750e-01 2.303030303030302317e-01 -3.636363636363636881e-02 1.418181818181817877e-01 1.345454545454545237e-01 2.206060606060605556e-01 -6.060606060606066672e-03 -1.636363636363636076e-01 1.284848484848484795e-01 -1.381818181818181557e-01 -1.563636363636363713e-01 -2.387878787878788267e-01 -1.854545454545454553e-01 3.587878787878787668e-01 -2.872727272727272352e-01 -2.400000000000000466e-01 3.515151515151515027e-01 -2.169696969696969513e-01 -1.539393939393939315e-01 4.363636363636362592e-02 -2.242424242424242153e-01 5.321212121212121060e-01 -3.999999999999999389e-02 1.393939393939394034e-01 2.424242424242424934e-02 -3.309090909090908750e-01 7.393939393939394367e-02 3.393939393939392896e-02 2.606060606060605633e-01 -4.606060606060606577e-02 4.593939393939392990e-01 -4.424242424242423866e-01 -3.321212121212121504e-01 1.187878787878787756e-01 -3.393939393939392896e-02 2.424242424242424310e-01 -1.624242424242424154e-01 -1.175757575757575280e-01 2.775757575757575868e-01 2.121212121212120716e-01 7.393939393939392979e-02 -4.630303030303029033e-01 -7.878787878787876786e-02 2.799999999999999711e-01 4.472727272727272663e-01 -3.078787878787878629e-01 3.224242424242423910e-01 1.842424242424242353e-01 -1.369696969696969635e-01 3.563636363636362714e-01 3.309090909090908750e-01 -1.381818181818181557e-01 -1.903030303030302794e-01 1.975757575757575712e-01 5.018181818181817189e-01 -8.484848484848482586e-02 -1.636363636363636354e-01 -5.575757575757576273e-02 -1.018181818181818077e-01 1.745454545454545314e-01 -1.018181818181817799e-01 7.757575757575754793e-02 1.975757575757575712e-01 3.309090909090908750e-01 2.654545454545454430e-01 -2.545454545454545192e-01 -1.406060606060605955e-01 1.309090909090909194e-01 -1.333333333333333072e-02 1.054545454545454397e-01 -1.187878787878787479e-01 -7.151515151515150381e-02 3.757575757575757486e-02 6.145454545454545059e-01 3.078787878787878629e-01 -2.206060606060605556e-01 5.490909090909090740e-01 3.927272727272727026e-01 -4.848484848484848481e-02 1.515151515151514916e-01 -1.733333333333332837e-01 3.284848484848484906e-01 1.090909090909092036e-02 -2.848484848484847953e-01 2.945454545454544992e-01 2.460606060606060352e-01 -2.884848484848484551e-01 1.757575757575757514e-01 -3.527272727272727226e-01 -3.442424242424241276e-01 9.696969696969695574e-02 1.151515151515151575e-01 -8.848484848484847176e-02 9.454545454545452976e-02 -1.709090909090909272e-01 7.393939393939394367e-02 2.909090909090908950e-01 3.345454545454544792e-01 8.484848484848494382e-03 -6.060606060606059386e-02 -4.436363636363635510e-01 -1.915151515151514716e-01 1.781818181818181634e-01 3.418181818181817433e-01 -2.545454545454545192e-01 -4.242424242424241987e-02 -4.315151515151514627e-01 -7.393939393939394367e-02 -1.939393939393939392e-01 3.006060606060605433e-01 -1.624242424242424154e-01 -1.357575757575757436e-01 4.387878787878786713e-01 1.478787878787878873e-01 5.575757575757574885e-02 -3.260606060606059953e-01 3.151515151515151270e-01 4.606060606060606577e-02 7.151515151515150381e-02 3.709090909090909105e-01 3.757575757575757486e-02 -1.078787878787878657e-01 4.884848484848484107e-01 -1.939393939393940433e-02 -1.660606060606060475e-01 6.181818181818181379e-02 -5.696969696969696878e-02 2.387878787878787712e-01 -1.018181818181818077e-01 -1.090909090909089954e-02 -2.048484848484848353e-01 2.496969696969696950e-01 5.684848484848484818e-01 1.769696969696969435e-01 4.969696969696968947e-01 -9.939393939393938171e-02
2.278787878787878751e-01 -1.054545454545454675e-01 2.896969696969696750e-01 9.999999999999997780e-01 -3.636363636363636465e-01 -4.654545454545454541e-01 -6.060606060606059386e-02 -3.187878787878787312e-01 -2.060606060606060552e-01 -2.036363636363636154e-01 2.327272727272727271e-01 3.030303030303030387e-01 -5.369696969696968747e-01 1.078787878787878796e-01 -2.981818181818182145e-01 1.030303030303029999e-01 8.193939393939393412e-01 -4.945454545454545103e-01 4.969696969696969086e-02 3.151515151515150992e-02 1.054545454545454675e-01 -1.212121212121214289e-03 -1.115151515151514977e-01 -1.212121212121212467e-02 -9.939393939393938171e-02 -1.127272727272727176e-01 -2.230303030303029954e-01 -3.381818181818181390e-01 9.333333333333333759e-02 5.951515151515149871e-01 7.624242424242422267e-01 -1.733333333333332837e-01 2.072727272727272196e-01 8.121212121212119384e-02 -3.236363636363636109e-01 8.606060606060605966e-02 1.539393939393938759e-01 2.400000000000000466e-01 -2.496969696969696673e-01 -1.624242424242424154e-01 1.200000000000000233e-01 4.751515151515151025e-01 4.109090909090908350e-01 -2.181818181818181296e-02 -1.915151515151514994e-01 -3.272727272727271597e-02 3.430303030303029077e-01 9.696969696969693492e-03 1.369696969696969358e-01 8.424242424242424088e-01 -3.551515151515151070e-01 5.818181818181816789e-02 -3.139393939393939070e-01 -2.787878787878787512e-01 1.309090909090909194e-01 -9.696969696969693492e-03 -3.054545454545453675e-01 5.078787878787878185e-01 -7.272727272727270986e-02 -5.090909090909090384e-02 8.121212121212119384e-02 -5.672727272727271508e-01 4.121212121212120688e-02 -2.557575757575757391e-01 -2.351515151515150559e-01 1.527272727272726838e-01 -1.393939393939393756e-01 3.757575757575756792e-01 1.090909090909090856e-01 -2.739393939393939270e-01 1.187878787878787756e-01 -3.406060606060606344e-01 -3.490909090909090073e-01 7.757575757575756181e-02 -2.133333333333333748e-01 -3.866666666666666030e-01 -2.666666666666666491e-02 -2.206060606060605556e-01 -4.703030303030302228e-01 4.036363636363636265e-01 -2.824242424242423555e-01 -5.151515151515151381e-01 -3.030303030303029277e-01 -3.963636363636363624e-01 4.048484848484847909e-01 3.151515151515150714e-01 -3.636363636363636187e-02 -2.557575757575757391e-01 -1.890909090909090595e-01 -4.836363636363636975e-01 -3.503030303030302828e-01 -2.096969696969696595e-01 -2.763636363636363114e-01 1.878787878787878396e-01 6.715151515151515094e-01 2.981818181818182145e-01 -7.393939393939392979e-02 1.563636363636363436e-01 -1.866666666666666474e-01 2.303030303030302872e-01 1.745454545454545037e-01 5.939393939393937394e-02 -7.030303030303029777e-02 -8.969696969696969169e-02 -3.866666666666666030e-01 1.151515151515151436e-01 -2.799999999999999711e-01 -5.551115123125783010e-18 -2.860606060606060153e-01 -3.199999999999999512e-01 -4.969696969696969779e-02 1.090909090909090128e-02 4.484848484848484307e-01 6.303030303030300596e-02 -3.187878787878787867e-01 1.054545454545454397e-01 7.030303030303028389e-02 -3.806060606060605034e-01 -3.769696969696969546e-01 -1.733333333333333115e-01 -3.830303030303030543e-01 1.393939393939394034e-01 6.424242424242423977e-02 2.290909090909090673e-01 1.127272727272727454e-01 2.024242424242423954e-01 2.169696969696969513e-01 2.569696969696969591e-01 1.721212121212121193e-01 2.436363636363636509e-01 4.484848484848484584e-02 -1.939393939393939392e-01 5.660606060606060419e-01 -5.721212121212120305e-01 8.484848484848483974e-01 2.848484848484848508e-01 3.175757575757575113e-01 2.763636363636362558e-01 -7.757575757575756181e-02
-4.763636363636362669e-01 -1.818181818181818094e-02 2.303030303030302317e-01 -3.636363636363636465e-01 9.999999999999997780e-01 1.333333333333333592e-01 2.096969696969697150e-01 1.212121212121208868e-03 6.424242424242423977e-02 -1.333333333333333245e-02 -2.096969696969697150e-01 -4.290909090909090229e-01 2.593939393939393434e-01 -2.315151515151515071e-01 4.436363636363635510e-01 -1.878787878787878951e-01 -1.757575757575757236e-01 4.036363636363635155e-01 -3.551515151515151070e-01 1.272727272727272596e-01 2.593939393939393989e-01 2.436363636363635954e-01 2.933333333333333348e-01 -4.678787878787878940e-01 3.309090909090909305e-01 -1.309090909090908916e-01 -6.060606060606058693e-02 -6.424242424242423977e-02 -5.236363636363635665e-01 -2.848484848484847953e-01 -3.660606060606060308e-01 -6.181818181818181379e-02 -4.484848484848484584e-02 4.327272727272727382e-01 1.393939393939393756e-01 -4.872727272727271908e-01 4.048484848484846799e-01 -1.454545454545454197e-02 5.090909090909090384e-02 -7.151515151515151769e-02 3.248484848484848309e-01 -3.042424242424242031e-01 -2.121212121212120993e-01 -1.357575757575757436e-01 1.115151515151514977e-01 2.363636363636363313e-01 -4.969696969696968392e-02 1.890909090909090595e-01 -1.442424242424242276e-01 -4.193939393939393190e-01 4.000000000000000083e-02 -2.909090909090908950e-01 3.939393939393938671e-01 8.848484848484847176e-02 -9.212121212121211766e-02 -3.672727272727272507e-01 1.272727272727272596e-01 -7.515151515151513584e-02 2.739393939393938160e-01 -4.315151515151515182e-01 -5.066666666666665986e-01 2.606060606060605633e-01 1.187878787878787756e-01 -9.454545454545452976e-02 2.169696969696969790e-01 -1.563636363636363713e-01 -8.242424242424241376e-02 8.242424242424242764e-02 -4.230303030303030343e-01 7.393939393939392979e-02 1.430303030303030076e-01 5.939393939393940169e-02 1.636363636363636354e-01 -1.745454545454545037e-01 -5.090909090909090384e-02 -4.969696969696969779e-02 3.442424242424241831e-01 9.333333333333333759e-02 3.272727272727272707e-01 -1.769696969696969435e-01 3.284848484848484351e-01 2.060606060606060552e-01 1.454545454545454544e-02 3.757575757575756792e-01 -3.369696969696969191e-01 -2.060606060606060552e-01 -1.854545454545454553e-01 4.278787878787877474e-01 4.775757575757575424e-01 3.636363636363635909e-01 2.909090909090909435e-02 4.606060606060605189e-02 7.030303030303028389e-02 -1.199999999999999678e-01 -3.636363636363629422e-03 -3.345454545454545348e-01 3.139393939393938515e-01 -2.424242424242423755e-01 7.757575757575756181e-02 -1.503030303030302717e-01 -1.066666666666666596e-01 -2.072727272727272196e-01 -1.757575757575757514e-01 4.969696969696970473e-02 3.454545454545454031e-01 1.696969696969696795e-01 1.696969696969697489e-02 -2.206060606060606111e-01 4.848484848484847787e-02 -1.515151515151514638e-01 7.636363636363636964e-02 -1.903030303030303072e-01 -1.818181818181818232e-01 -2.145454545454545114e-01 1.878787878787878673e-01 7.151515151515150381e-02 7.636363636363635576e-02 7.515151515151516359e-02 -1.284848484848484795e-01 3.018181818181818188e-01 -4.848484848484846399e-02 -4.606060606060605189e-02 1.393939393939393756e-01 2.363636363636363313e-01 -1.078787878787878796e-01 9.696969696969698696e-03 -2.060606060606059997e-01 -4.363636363636363424e-01 3.878787878787878785e-02 -1.527272727272727393e-01 5.575757575757576273e-02 5.442424242424241942e-01 -4.727272727272726488e-02 4.303030303030302983e-01 -3.224242424242424465e-01 -5.333333333333332288e-02 -2.303030303030302872e-01 -2.072727272727272196e-01 4.472727272727272663e-01
-7.151515151515150381e-02 1.575757575757575843e-02 -3.636363636363636881e-02 -4.654545454545454541e-01 1.333333333333333592e-01 9.999999999999997780e-01 1.903030303030302517e-01 8.618181818181817055e-01 -3.636363636363628554e-03 4.642424242424242342e-01 -4.739393939393939381e-01 -4.048484848484847909e-01 8.606060606060605966e-01 -4.569696969696969147e-01 -1.018181818181817799e-01 -8.969696969696967781e-02 -3.090909090909090828e-01 5.066666666666665986e-01 1.709090909090908994e-01 -2.545454545454545192e-01 -3.478787878787878429e-01 -4.521212121212120350e-01 -3.975757575757575824e-01 2.169696969696969513e-01 3.709090909090908550e-01 5.042424242424241587e-01 7.030303030303028944e-01 8.230303030303028899e-01 -3.733333333333332393e-01 -3.357575757575757547e-01 -5.721212121212120305e-01 6.860606060606058154e-01 -3.903030303030302628e-01 -2.145454545454545392e-01 2.678787878787878829e-01 -1.830303030303030154e-01 -2.775757575757575868e-01 -1.163636363636363635e-01 7.515151515151513584e-01 2.436363636363635676e-01 -3.248484848484848309e-01 -2.569696969696969591e-01 -4.872727272727273018e-01 4.666666666666666186e-01 2.266666666666666552e-01 1.696969696969696795e-02 -8.484848484848483974e-02 5.272727272727271153e-01 -2.424242424242423755e-01 -5.260606060606061174e-01 8.072727272727272529e-01 4.606060606060605883e-02 1.503030303030302994e-01 6.618181818181818610e-01 -1.612121212121212233e-01 -2.921212121212121149e-01 2.048484848484847798e-01 2.545454545454545192e-01 -5.696969696969695907e-01 -1.963636363636363513e-01 4.848484848484854552e-03 8.690909090909091361e-01 -2.327272727272727271e-01 5.466666666666666341e-01 -1.212121212121211947e-02 4.436363636363635510e-01 2.303030303030303150e-01 -1.927272727272726915e-01 -2.327272727272727271e-01 3.806060606060605034e-01 9.696969696969695574e-02 7.066666666666666652e-01 3.030303030303030387e-01 2.315151515151515071e-01 -2.606060606060605633e-01 8.545454545454544970e-01 -3.878787878787879478e-02 7.660606060606058865e-01 5.406060606060605345e-01 8.969696969696967781e-02 2.169696969696969790e-01 9.418181818181816656e-01 8.157575757575756814e-01 1.418181818181817877e-01 -2.569696969696969591e-01 -4.121212121212121104e-01 -2.824242424242423555e-01 -8.484848484848483974e-03 -1.078787878787878657e-01 4.557575757575757502e-01 8.230303030303028899e-01 2.024242424242423954e-01 2.896969696969696750e-01 -6.545454545454545969e-02 -5.490909090909090740e-01 -7.587878787878786779e-01 -6.181818181818180685e-02 -5.490909090909089629e-01 -1.709090909090908994e-01 2.484848484848484473e-01 1.600000000000000311e-01 -2.909090909090907701e-02 2.678787878787878829e-01 -6.060606060606060774e-02 3.442424242424242387e-01 6.060606060606062162e-02 7.660606060606059975e-01 -4.109090909090908350e-01 6.012121212121210867e-01 6.169696969696969457e-01 -2.909090909090909088e-02 -3.345454545454545348e-01 -4.327272727272726272e-01 9.818181818181817566e-02 3.418181818181817433e-01 1.442424242424242276e-01 1.078787878787878657e-01 8.969696969696967503e-01 6.993939393939394567e-01 -1.187878787878787756e-01 9.090909090909089496e-01 5.454545454545454281e-02 -1.551515151515151514e-01 -3.175757575757575113e-01 -7.757575757575757569e-02 2.969696969696969946e-01 -4.036363636363636265e-01 -5.793939393939393501e-01 -4.060606060606060663e-01 -1.333333333333333315e-01 -2.533333333333332993e-01 -7.757575757575756181e-02 -6.654545454545454097e-01 5.854545454545452277e-01 -3.515151515151515027e-01 2.945454545454545547e-01 -2.763636363636363114e-01 -1.090909090909090856e-01 -1.309090909090909194e-01
6.303030303030301984e-02 3.878787878787878229e-01 1.418181818181817877e-01 -6.060606060606059386e-02 2.096969696969697150e-01 1.903030303030302517e-01 9.999999999999997780e-01 1.393939393939393756e-01 3.151515151515150992e-02 1.224242424242424077e-01 7.272727272727270986e-02 -2.351515151515151114e-01 3.599999999999999867e-01 2.060606060606060691e-02 7.999999999999998779e-02 -6.133333333333331749e-01 -1.696969696969696448e-02 4.133333333333332749e-01 8.363636363636364757e-02 7.272727272727272374e-02 9.454545454545452976e-02 -9.454545454545455752e-02 -3.042424242424242586e-01 -1.466666666666666397e-01 3.878787878787878091e-02 2.533333333333332993e-01 2.593939393939393434e-01 1.793939393939393834e-01 -4.096969696969696706e-01 -1.466666666666666674e-01 -2.351515151515151114e-01 3.709090909090908550e-01 2.666666666666666491e-02 3.757575757575757486e-02 2.036363636363636154e-01 7.999999999999998779e-02 4.654545454545454541e-01 4.593939393939392990e-01 3.624242424242424265e-01 4.945454545454545103e-01 1.163636363636363635e-01 -2.933333333333332793e-01 -3.127272727272726871e-01 8.484848484848483974e-02 3.636363636363637662e-03 5.660606060606059309e-01 -1.248484848484848475e-01 1.878787878787878396e-01 1.709090909090909549e-01 -1.272727272727272596e-01 1.248484848484848475e-01 2.339393939393939470e-01 5.090909090909092466e-02 3.406060606060605234e-01 3.636363636363635909e-01 -4.654545454545454541e-01 -1.212121212121211877e-01 4.242424242424241987e-02 -1.212121212121211600e-02 -3.866666666666666030e-01 7.272727272727269252e-03 1.478787878787878873e-01 4.121212121212121382e-02 3.418181818181817988e-01 -1.212121212121211947e-02 1.042424242424242475e-01 2.715151515151514316e-01 2.618181818181818388e-01 -4.618181818181817389e-01 -1.224242424242424354e-01 -6.060606060606059386e-02 2.242424242424242153e-01 -1.199999999999999678e-01 6.812121212121209357e-01 -2.327272727272727271e-01 2.581818181818181790e-01 -6.303030303030303372e-02 1.987878787878787634e-01 1.066666666666666596e-01 9.939393939393939559e-02 4.363636363636363980e-02 2.521212121212120794e-01 2.230303030303029954e-01 1.490909090909091073e-01 -3.042424242424242586e-01 -2.424242424242423893e-02 -4.351515151515151780e-01 2.569696969696969591e-01 -1.806060606060606033e-01 1.236363636363636137e-01 1.393939393939393478e-01 -3.030303030303029693e-02 3.115151515151514672e-01 2.763636363636363114e-01 1.139393939393939237e-01 -4.109090909090908350e-01 1.115151515151514977e-01 -2.339393939393939470e-01 -3.915151515151514272e-01 -1.199999999999999956e-01 -2.230303030303030509e-01 1.030303030303030276e-01 -7.030303030303031164e-02 2.436363636363635954e-01 2.557575757575757391e-01 -2.909090909090908950e-01 5.090909090909090384e-02 -2.763636363636363669e-01 1.757575757575757236e-01 -1.321212121212121116e-01 -4.315151515151514627e-01 -4.993939393939393900e-01 -4.072727272727272307e-01 -3.066666666666666430e-01 3.212121212121211711e-01 -2.533333333333332993e-01 -2.545454545454545192e-01 1.927272727272727193e-01 -1.721212121212121193e-01 2.909090909090907701e-02 2.412121212121212110e-01 -4.581818181818181346e-01 -2.593939393939393989e-01 -1.321212121212121116e-01 3.454545454545455141e-01 1.212121212121211877e-01 -1.333333333333333037e-01 -3.696969696969696906e-01 1.624242424242424154e-01 2.606060606060606188e-01 -2.012121212121211755e-01 2.290909090909090673e-01 -2.254545454545454353e-01 2.145454545454545392e-01 2.424242424242417735e-03 -6.303030303030303372e-02 -5.745454545454544704e-01 -4.230303030303029788e-01 3.478787878787878429e-01
1.939393939393937311e-02 -2.072727272727272751e-01 1.345454545454545237e-01 -3.187878787878787312e-01 1.212121212121208868e-03 8.618181818181817055e-01 1.393939393939393756e-01 9.999999999999997780e-01 1.660606060606060475e-01 5.806060606060604590e-01 -4.145454545454545503e-01 -1.478787878787878596e-01 6.484848484848483308e-01 -4.230303030303030343e-01 -2.909090909090908950e-01 -9.818181818181817566e-02 -1.393939393939393478e-01 1.830303030303030154e-01 6.181818181818181379e-02 -3.757575757575757486e-02 -4.606060606060604634e-01 -5.139393939393939181e-01 -4.024242424242422400e-01 4.339393939393939026e-01 4.545454545454544748e-01 3.999999999999999667e-01 8.799999999999998934e-01 9.018181818181817411e-01 -3.745454545454545703e-01 -2.375757575757576068e-01 -4.436363636363635510e-01 8.181818181818181213e-01 -3.539393939393938870e-01 -8.848484848484847176e-02 -3.878787878787878091e-02 -1.430303030303030076e-01 -3.830303030303029432e-01 -5.696969696969696184e-02 8.993939393939391902e-01 9.696969696969696961e-02 -5.284848484848484462e-01 -1.175757575757575557e-01 -4.169696969696969902e-01 7.018181818181817855e-01 -9.212121212121211766e-02 -7.878787878787876786e-02 4.363636363636363286e-02 7.248484848484847420e-01 -3.212121212121211711e-01 -3.418181818181817433e-01 9.260606060606060286e-01 1.103030303030302639e-01 1.212121212121211877e-01 6.800000000000000488e-01 -1.454545454545454475e-01 -2.024242424242423954e-01 2.230303030303029954e-01 3.709090909090908550e-01 -7.127272727272726538e-01 -7.272727272727272374e-02 1.915151515151515271e-01 7.224242424242424132e-01 -9.939393939393938171e-02 3.684848484848484707e-01 -1.672727272727272396e-01 6.642424242424240788e-01 4.618181818181817389e-01 8.484848484848475300e-03 -1.903030303030302517e-01 3.709090909090908550e-01 9.575757575757574969e-02 8.436363636363635177e-01 3.272727272727272152e-01 1.381818181818181279e-01 -2.545454545454545747e-01 9.272727272727271375e-01 -4.727272727272727876e-02 9.139393939393937183e-01 3.430303030303030187e-01 3.115151515151514672e-01 2.533333333333332993e-01 7.987878787878786024e-01 9.672727272727273951e-01 -1.078787878787878657e-01 -5.090909090909090384e-02 -3.296969696969695995e-01 -4.193939393939394300e-01 7.030303030303031164e-02 -2.060606060606060552e-01 1.296969696969696995e-01 9.454545454545455474e-01 1.333333333333333245e-02 8.606060606060605966e-02 5.212121212121212377e-02 -4.787878787878787068e-01 -6.666666666666666297e-01 -6.545454545454545969e-02 -5.478787878787878540e-01 -1.078787878787878657e-01 3.127272727272726871e-01 3.527272727272727226e-01 2.690909090909090473e-01 2.921212121212121149e-01 -3.648484848484848664e-01 1.466666666666666674e-01 1.260606060606060397e-01 8.860606060606059931e-01 -3.854545454545453831e-01 7.381818181818180502e-01 4.230303030303029788e-01 -1.369696969696969635e-01 -2.812121212121212466e-01 -2.072727272727272196e-01 5.575757575757574191e-02 2.557575757575757391e-01 3.212121212121211711e-01 2.072727272727272751e-01 9.406060606060606677e-01 5.915151515151515493e-01 -3.636363636363635493e-02 9.369696969696968969e-01 1.648484848484848275e-01 -1.418181818181818155e-01 -4.339393939393939026e-01 -1.381818181818182112e-01 5.696969696969695907e-01 -3.115151515151514672e-01 -4.860606060606060264e-01 -3.842424242424241632e-01 -7.393939393939391591e-02 -7.151515151515148994e-02 -2.896969696969696750e-01 -6.460606060606058909e-01 2.436363636363635954e-01 -1.369696969696969635e-01 5.393939393939393145e-01 -1.139393939393939376e-01 1.090909090909090856e-01 -3.684848484848484707e-01
1.963636363636363513e-01 -9.212121212121208991e-02 2.206060606060605556e-01 -2.060606060606060552e-01 6.424242424242423977e-02 -3.636363636363628554e-03 3.151515151515150992e-02 1.660606060606060475e-01 9.999999999999997780e-01 1.418181818181817877e-01 2.666666666666666630e-01 4.727272727272726627e-01 -8.727272727272726571e-02 -6.181818181818182767e-02 -1.478787878787878596e-01 -4.606060606060605744e-01 -1.842424242424242353e-01 -2.399999999999999911e-01 -3.212121212121211711e-01 7.769696969696967548e-01 -2.533333333333332993e-01 3.272727272727272985e-02 1.939393939393939115e-01 2.715151515151514872e-01 -3.030303030303029693e-02 1.442424242424241998e-01 2.048484848484847798e-01 5.090909090909090384e-02 1.915151515151514994e-01 -3.830303030303029432e-01 -3.272727272727272707e-01 1.951515151515151314e-01 -3.636363636363632024e-03 4.606060606060607271e-02 -2.496969696969696673e-01 1.975757575757575712e-01 -2.121212121212120993e-01 -2.048484848484848353e-01 2.484848484848484751e-01 2.666666666666665450e-02 -3.442424242424242387e-01 -8.727272727272727959e-02 -1.127272727272727176e-01 1.078787878787878796e-01 -6.278787878787877030e-01 -2.775757575757575313e-01 -3.636363636363636465e-01 2.909090909090909088e-02 -1.139393939393939376e-01 -1.466666666666666674e-01 2.812121212121211911e-01 8.727272727272725183e-02 2.060606060606059997e-01 1.769696969696969435e-01 -2.303030303030302595e-02 3.527272727272726671e-01 2.569696969696969591e-01 -2.181818181818181712e-01 8.727272727272725183e-02 3.915151515151514272e-01 3.115151515151514672e-01 4.242424242424242681e-02 2.303030303030302872e-01 7.030303030303028389e-02 -8.000000000000000167e-02 1.333333333333333245e-02 6.339393939393938027e-01 -3.539393939393938870e-01 2.715151515151514872e-01 7.515151515151516359e-02 -4.024242424242423510e-01 3.236363636363636109e-01 4.145454545454545503e-01 -1.721212121212121471e-01 3.539393939393938870e-01 1.151515151515151436e-01 7.151515151515150381e-02 1.078787878787878796e-01 -1.212121212121212120e-02 1.127272727272727038e-01 3.078787878787878074e-01 4.363636363636363286e-02 1.599999999999999756e-01 -1.854545454545454275e-01 -6.909090909090909172e-02 2.969696969696969946e-01 -1.381818181818181557e-01 5.163636363636363580e-01 -2.024242424242423954e-01 -1.854545454545454553e-01 2.606060606060606188e-01 -1.515151515151514916e-01 -3.939393939393939226e-01 1.466666666666666674e-01 -3.818181818181817233e-01 1.648484848484848275e-01 2.666666666666666144e-02 1.818181818181817955e-01 2.618181818181817833e-01 -3.684848484848484707e-01 -2.557575757575757391e-01 4.084848484848483952e-01 -5.575757575757576273e-02 -4.000000000000000222e-01 -2.545454545454545192e-02 -3.660606060606059753e-01 2.509090909090909149e-01 2.363636363636363313e-01 2.593939393939393989e-01 -3.030303030303029832e-01 -5.478787878787878540e-01 1.830303030303030154e-01 1.224242424242424077e-01 -2.836363636363635754e-01 4.000000000000000777e-02 -6.545454545454543194e-02 -3.018181818181818188e-01 6.424242424242423977e-02 -2.557575757575757391e-01 5.806060606060605700e-01 1.442424242424242276e-01 -3.345454545454544792e-01 -8.363636363636361981e-02 -4.460606060606059908e-01 5.333333333333334370e-02 3.151515151515150992e-02 1.018181818181818077e-01 3.478787878787877874e-01 -1.066666666666666596e-01 -1.139393939393939237e-01 2.824242424242423555e-01 -2.739393939393939270e-01 -3.418181818181817988e-01 -1.527272727272727115e-01 -2.084848484848484396e-01 5.575757575757576273e-02 -5.939393939393938782e-02 1.042424242424242475e-01 -2.690909090909090473e-01
3.321212121212121504e-01 -2.981818181818182145e-01 -6.060606060606066672e-03 -2.036363636363636154e-01 -1.333333333333333245e-02 4.642424242424242342e-01 1.224242424242424077e-01 5.806060606060604590e-01 1.418181818181817877e-01 9.999999999999997780e-01 -2.169696969696969513e-01 6.060606060606060601e-03 3.454545454545453476e-01 1.939393939393939045e-02 3.757575757575757486e-02 -9.333333333333330983e-02 5.090909090909090384e-02 -7.878787878787878174e-02 -3.151515151515150992e-02 -1.236363636363636276e-01 -3.648484848484848664e-01 -4.618181818181817389e-01 -5.393939393939393145e-01 5.115151515151514783e-01 2.048484848484847798e-01 3.527272727272726671e-01 7.284848484848482908e-01 7.406060606060606011e-01 -1.333333333333333315e-01 -3.163636363636362359e-01 -2.375757575757574958e-01 6.690909090909089585e-01 -9.696969696969695227e-03 1.769696969696969435e-01 -5.939393939393938782e-02 3.175757575757575113e-01 -3.054545454545454786e-01 1.018181818181818077e-01 6.703030303030302894e-01 -6.545454545454543194e-02 -4.060606060606059553e-01 -5.163636363636362470e-01 -4.872727272727271908e-01 6.921212121212121371e-01 1.078787878787878657e-01 2.533333333333332993e-01 -1.151515151515151436e-01 2.921212121212121149e-01 1.236363636363636276e-01 -6.181818181818180685e-02 4.412121212121212221e-01 4.242424242424241987e-01 2.303030303030302872e-01 1.903030303030302794e-01 2.799999999999999156e-01 -1.551515151515151236e-01 2.836363636363635754e-01 2.266666666666666552e-01 -6.206060606060604945e-01 1.272727272727272596e-01 3.745454545454545148e-01 2.812121212121211911e-01 5.696969696969698266e-02 3.030303030303029832e-01 -1.696969696969696517e-01 5.624242424242422711e-01 4.557575757575756947e-01 1.369696969696969635e-01 -2.048484848484848353e-01 7.696969696969695462e-01 1.381818181818181279e-01 5.539393939393939537e-01 -2.266666666666666552e-01 2.448484848484847876e-01 -1.490909090909090795e-01 6.545454545454545414e-01 -9.212121212121211766e-02 5.212121212121211267e-01 1.139393939393939376e-01 2.642424242424242786e-01 2.303030303030303150e-01 3.842424242424241632e-01 5.733333333333332504e-01 -4.521212121212120350e-01 1.018181818181818354e-01 -2.424242424242425541e-03 -2.363636363636363313e-01 2.012121212121211755e-01 -3.890909090909090984e-01 -7.757575757575757569e-02 5.296969696969696662e-01 3.636363636363636187e-02 8.727272727272725183e-02 7.030303030303031164e-02 -1.490909090909090795e-01 -4.036363636363636265e-01 -5.090909090909090384e-02 -5.684848484848485928e-01 -3.903030303030303183e-01 1.309090909090909194e-01 1.163636363636363635e-01 1.963636363636363513e-01 5.503030303030302939e-01 -2.060606060606059997e-01 -1.236363636363636137e-01 -2.218181818181817755e-01 4.036363636363635155e-01 -2.351515151515151114e-01 4.254545454545454186e-01 1.684848484848484873e-01 -3.757575757575757347e-01 -2.412121212121212110e-01 -3.660606060606060308e-01 5.333333333333332288e-02 5.672727272727271508e-01 -4.242424242424241987e-02 -1.369696969696969635e-01 5.987878787878786468e-01 3.660606060606059753e-01 -3.030303030303029346e-02 5.842424242424241188e-01 9.090909090909091161e-02 -4.327272727272727382e-01 -5.684848484848484818e-01 1.818181818181817955e-01 4.533333333333332549e-01 2.169696969696969513e-01 -3.066666666666666430e-01 -1.490909090909090795e-01 1.066666666666666596e-01 2.048484848484847520e-01 -3.284848484848484906e-01 -5.309090909090908861e-01 -1.454545454545454475e-01 3.757575757575758180e-02 1.890909090909090595e-01 -3.478787878787877874e-01 -6.303030303030301984e-02 -4.157575757575758257e-01
1.999999999999999833e-01 1.103030303030303055e-01 -1.636363636363636076e-01 2.327272727272727271e-01 -2.096969696969697150e-01 -4.739393939393939381e-01 7.272727272727270986e-02 -4.145454545454545503e-01 2.666666666666666630e-01 -2.169696969696969513e-01 9.999999999999997780e-01 4.836363636363635310e-01 -4.884848484848484662e-01 3.987878787878787468e-01 -1.515151515151515194e-01 -8.484848484848483974e-02 5.454545454545454974e-02 -3.369696969696969191e-01 1.054545454545454397e-01 4.290909090909090229e-01 1.636363636363636354e-01 2.460606060606060352e-01 2.399999999999999911e-01 1.430303030303030076e-01 -4.375757575757576179e-01 -3.260606060606060508e-01 -2.448484848484848153e-01 -3.345454545454545348e-01 3.139393939393939625e-01 1.624242424242424154e-01 3.030303030303030387e-01 -2.872727272727272352e-01 3.345454545454545348e-01 -1.478787878787878873e-01 -2.787878787878787512e-01 4.109090909090907795e-01 1.054545454545454397e-01 1.842424242424242076e-01 -3.357575757575757547e-01 -2.133333333333332915e-01 7.151515151515150381e-02 9.575757575757574969e-02 1.684848484848484595e-01 -9.575757575757577744e-02 -2.193939393939393911e-01 -1.236363636363636276e-01 -2.460606060606060352e-01 -2.969696969696969946e-01 1.660606060606060197e-01 2.509090909090908594e-01 -3.903030303030303183e-01 2.060606060606060691e-02 -2.303030303030302872e-01 -3.357575757575757547e-01 1.442424242424242276e-01 3.539393939393939426e-01 -1.866666666666666474e-01 -2.775757575757574758e-01 2.848484848484847953e-01 2.375757575757576068e-01 3.733333333333332948e-01 -5.381818181818180946e-01 5.696969696969696184e-02 -2.751515151515151469e-01 -2.060606060606060552e-01 -2.193939393939393911e-01 1.406060606060605955e-01 1.333333333333332725e-02 3.369696969696969746e-01 -4.036363636363636265e-01 -3.987878787878787468e-01 -1.830303030303030154e-01 -9.090909090909089774e-02 3.878787878787878785e-02 3.648484848484848109e-01 -3.478787878787878429e-01 -2.824242424242423555e-01 -4.387878787878788378e-01 -4.715151515151514983e-01 -1.478787878787878596e-01 -1.503030303030302994e-01 -4.618181818181817389e-01 -3.684848484848485262e-01 -1.987878787878787912e-01 1.042424242424242475e-01 6.957575757575756858e-01 9.454545454545451588e-02 7.878787878787878174e-02 -2.375757575757574958e-01 -3.236363636363636109e-01 -4.181818181818181546e-01 -2.763636363636363114e-01 6.303030303030301984e-02 9.454545454545452976e-02 2.193939393939393356e-01 3.721212121212120194e-01 1.018181818181818077e-01 4.290909090909090229e-01 1.042424242424242475e-01 -3.975757575757575268e-01 -3.236363636363636109e-01 4.121212121212122215e-01 -1.539393939393939037e-01 5.333333333333332288e-02 -1.236363636363636137e-01 -3.527272727272726671e-01 -4.521212121212120350e-01 4.545454545454545858e-01 -1.393939393939393478e-01 -3.018181818181818188e-01 -3.733333333333333504e-01 2.012121212121212310e-01 7.151515151515150381e-02 -2.448484848484848153e-01 -3.963636363636363624e-01 -2.509090909090908594e-01 -2.690909090909091028e-01 -4.763636363636362669e-01 -3.515151515151514472e-01 1.127272727272727176e-01 -3.842424242424242187e-01 -2.230303030303029954e-01 -1.478787878787878596e-01 -2.424242424242424240e-02 1.333333333333333315e-01 -1.987878787878787634e-01 2.836363636363636309e-01 5.454545454545453032e-01 -4.848484848484857154e-03 1.442424242424242276e-01 2.290909090909090950e-01 -2.593939393939393434e-01 2.412121212121212110e-01 -3.672727272727272507e-01 2.290909090909090950e-01 -3.745454545454544593e-01 8.363636363636361981e-02 -1.381818181818181557e-01 -4.242424242424241987e-02
