9.999999999999997780e-01 7.745454545454544260e-01 4.763636363636363780e-01 6.678787878787877386e-01 -1.187878787878787756e-01 5.503030303030301829e-01 7.721212121212119861e-01 6.096969696969696262e-01 5.866666666666665586e-01 8.496969696969696173e-01 6.121212121212119550e-01 5.684848484848484818e-01 4.448484848484848264e-01 5.309090909090908861e-01 3.151515151515151270e-01 7.466666666666665897e-01 7.878787878787878451e-01 3.478787878787878429e-01 8.933333333333333126e-01 5.830303030303030098e-01 7.369696969696968303e-01 8.230303030303028899e-01 2.460606060606060352e-01 7.163636363636363136e-01 4.545454545454545858e-01 9.296969696969694663e-01 6.860606060606059264e-01 6.557575757575756503e-01 5.515151515151515138e-01 6.109090909090907351e-01 6.496969696969696617e-01 7.296969696969697328e-01 6.048484848484847465e-01 3.672727272727272507e-01 6.981818181818180147e-01 3.660606060606060863e-01 6.375757575757574624e-01 5.915151515151514383e-01 6.230303030303029344e-01 7.769696969696968658e-01 7.636363636363634466e-01 5.454545454545453032e-01 5.115151515151515893e-01 7.454545454545453698e-01 9.187878787878787090e-01 7.078787878787876631e-01 5.721212121212120305e-01 5.927272727272725472e-01 9.030303030303030720e-01 7.284848484848482908e-01 5.187878787878787978e-01 3.272727272727272291e-02 5.103030303030302584e-01 3.018181818181817078e-01 8.496969696969696173e-01 5.781818181818180191e-01 3.490909090909090073e-01 7.709090909090907662e-01 5.345454545454544348e-01 6.145454545454545059e-01 7.224242424242424132e-01 4.412121212121212221e-01 7.478787878787878096e-01 9.139393939393938293e-01 4.921212121212120705e-01 7.539393939393939092e-01 6.824242424242423777e-01 6.739393939393939492e-01 5.115151515151514783e-01 6.824242424242422667e-01 4.642424242424242342e-01 6.278787878787878141e-01 3.006060606060605989e-01 8.921212121212119817e-01 4.703030303030303338e-01 6.399999999999999023e-01 4.678787878787878940e-01 6.206060606060606055e-01 4.472727272727271552e-01 7.733333333333332060e-01 3.369696969696970301e-01 4.375757575757575069e-01 6.121212121212120660e-01 -3.757575757575758180e-02 6.533333333333333215e-01 6.181818181818179436e-01 3.648484848484847554e-01 5.442424242424241942e-01 4.460606060606061019e-01 2.909090909090908950e-01 6.036363636363635266e-01 7.575757575757574580e-01 5.575757575757575024e-01 7.345454545454542794e-01 6.327272727272725827e-01 5.636363636363634910e-01 5.260606060606061174e-01 4.436363636363635510e-01 1.975757575757575435e-01 4.642424242424241787e-01 5.284848484848484462e-01 6.278787878787877030e-01 9.515151515151515360e-01 8.363636363636363091e-01 3.757575757575757347e-01 5.090909090909090384e-01 4.412121212121211111e-01 6.545454545454544304e-01 6.012121212121213087e-01 6.521212121212121016e-01 3.733333333333332393e-01 3.745454545454545148e-01 5.684848484848484818e-01 9.503030303030304271e-01 7.806060606060605256e-01 4.145454545454544393e-01 3.757575757575756237e-01 6.739393939393938382e-01 6.472727272727271108e-01 5.721212121212120305e-01 6.642424242424241898e-01 3.890909090909090429e-01 3.842424242424241632e-01 4.606060606060605744e-01 8.096969696969695818e-01 7.406060606060604901e-01 5.612121212121211622e-01 6.024242424242423066e-01 7.987878787878787135e-01 6.630303030303029699e-01 3.890909090909090429e-01 4.290909090909089119e-01 5.078787878787878185e-01 1.951515151515151314e-01 7.163636363636362026e-01 7.078787878787877741e-01 5.490909090909090740e-01 6.496969696969696617e-01 6.448484848484848930e-01
7.745454545454544260e-01 9.999999999999997780e-01 4.812121212121210911e-01 5.987878787878787579e-01 2.436363636363635954e-01 7.818181818181816345e-01 8.412121212121211888e-01 6.909090909090906951e-01 5.224242424242422356e-01 7.975757575757574935e-01 5.454545454545454142e-01 5.163636363636362470e-01 7.478787878787878096e-01 4.860606060606059708e-01 6.206060606060604945e-01 7.357575757575756104e-01 6.969696969696969058e-01 7.309090909090908417e-01 8.436363636363635177e-01 5.357575757575756548e-01 8.969696969696968614e-01 8.618181818181817055e-01 4.436363636363635510e-01 7.090909090909091050e-01 4.569696969696970257e-01 8.557575757575758280e-01 6.424242424242423422e-01 7.212121212121210823e-01 5.866666666666666696e-01 6.266666666666665941e-01 6.109090909090908461e-01 6.642424242424243008e-01 5.478787878787878540e-01 3.939393939393938671e-01 9.442424242424241054e-01 2.739393939393939270e-01 8.860606060606059931e-01 5.660606060606061529e-01 6.703030303030301784e-01 9.054545454545455119e-01 9.236363636363635887e-01 5.563636363636363935e-01 5.806060606060605700e-01 7.296969696969697328e-01 8.715151515151514650e-01 9.490909090909089851e-01 6.218181818181818254e-01 6.993939393939394567e-01 9.006060606060604101e-01 6.242424242424242653e-01 6.436363636363635621e-01 1.503030303030302994e-01 4.921212121212120150e-01 5.127272727272725872e-01 8.242424242424242209e-01 5.563636363636362825e-01 3.551515151515151070e-01 7.090909090909089940e-01 6.109090909090908461e-01 5.599999999999999423e-01 6.412121212121212332e-01 7.563636363636363491e-01 7.951515151515151647e-01 8.836363636363634422e-01 5.236363636363636775e-01 6.715151515151512873e-01 5.987878787878788689e-01 7.248484848484848531e-01 5.575757575757573914e-01 7.648484848484847776e-01 4.545454545454544748e-01 6.799999999999999378e-01 4.945454545454544548e-01 9.139393939393940514e-01 4.290909090909091894e-01 7.139393939393938737e-01 5.030303030303029388e-01 6.896969696969696972e-01 7.672727272727272174e-01 6.424242424242423422e-01 3.212121212121211711e-01 7.224242424242424132e-01 6.884848484848482553e-01 3.951515151515151425e-01 5.903030303030302184e-01 5.393939393939393145e-01 4.412121212121212221e-01 6.921212121212121371e-01 5.442424242424241942e-01 6.557575757575756503e-01 6.763636363636362780e-01 9.103030303030301695e-01 8.351515151515149782e-01 7.939393939393938338e-01 6.145454545454543949e-01 5.466666666666666341e-01 5.187878787878786868e-01 5.127272727272726982e-01 3.236363636363636109e-01 4.921212121212120150e-01 6.157575757575757258e-01 5.806060606060605700e-01 8.193939393939393412e-01 9.624242424242426264e-01 6.933333333333331350e-01 6.424242424242423422e-01 5.090909090909090384e-01 6.254545454545453742e-01 6.727272727272726183e-01 9.175757575757573781e-01 6.327272727272725827e-01 4.690909090909089474e-01 6.218181818181818254e-01 8.036363636363634821e-01 9.212121212121211489e-01 5.430303030303029743e-01 5.745454545454544704e-01 7.818181818181817455e-01 8.715151515151513539e-01 5.272727272727272263e-01 7.575757575757575690e-01 5.515151515151514028e-01 4.654545454545454541e-01 6.242424242424241543e-01 8.690909090909089141e-01 6.896969696969696972e-01 5.127272727272726982e-01 5.624242424242422711e-01 8.121212121212121327e-01 6.193939393939392746e-01 4.109090909090908350e-01 7.684848484848483263e-01 5.684848484848482597e-01 5.660606060606060419e-01 6.193939393939393856e-01 6.921212121212121371e-01 5.963636363636363180e-01 6.133333333333332860e-01 9.187878787878787090e-01
4.763636363636363780e-01 4.812121212121210911e-01 9.999999999999997780e-01 9.042424242424240699e-01 -3.369696969696969191e-01 3.430303030303029077e-01 3.672727272727273062e-01 5.490909090909090740e-01 5.430303030303029743e-01 4.387878787878786713e-01 6.157575757575756148e-01 6.715151515151515094e-01 1.854545454545454275e-01 6.206060606060606055e-01 -1.430303030303030076e-01 7.878787878787878451e-01 8.145454545454546835e-01 1.187878787878787756e-01 6.448484848484847820e-01 5.115151515151515893e-01 4.424242424242424976e-01 3.490909090909090073e-01 5.030303030303029388e-01 7.127272727272726538e-01 9.854545454545453609e-01 4.933333333333331794e-01 6.496969696969695507e-01 5.200000000000000178e-01 6.424242424242424532e-01 8.836363636363634422e-01 9.078787878787878407e-01 4.630303030303030143e-01 6.218181818181817144e-01 6.048484848484847465e-01 3.018181818181818188e-01 7.272727272727272374e-02 2.751515151515150914e-01 2.327272727272727271e-01 5.163636363636363580e-01 4.193939393939393190e-01 4.472727272727272663e-01 8.618181818181817055e-01 9.563636363636360826e-01 6.424242424242423422e-01 6.133333333333332860e-01 3.381818181818181945e-01 9.151515151515148272e-01 7.030303030303028944e-01 4.787878787878788178e-01 8.618181818181817055e-01 5.818181818181817899e-01 4.484848484848485972e-02 6.606060606060605300e-01 3.806060606060605589e-01 4.448484848484848264e-01 6.703030303030302894e-01 3.369696969696969191e-01 8.278787878787877696e-01 5.939393939393939892e-01 6.860606060606059264e-01 6.993939393939393456e-01 1.975757575757575435e-01 1.709090909090908439e-01 5.042424242424241587e-01 6.787878787878787179e-01 7.806060606060605256e-01 6.399999999999999023e-01 8.593939393939391547e-01 7.103030303030302139e-01 1.842424242424242631e-01 9.878787878787876897e-01 5.539393939393939537e-01 4.896969696969697416e-01 5.006060606060606100e-01 5.612121212121211622e-01 5.478787878787878540e-01 9.890909090909090207e-01 6.121212121212120660e-01 1.260606060606060397e-01 7.793939393939391946e-01 6.096969696969696262e-01 1.854545454545454553e-01 5.551515151515150626e-01 1.066666666666666458e-01 9.054545454545452898e-01 6.084848484848484063e-01 5.927272727272725472e-01 -4.848484848484848481e-02 9.624242424242421823e-01 -2.424242424242425281e-02 5.830303030303031209e-01 2.848484848484847953e-01 2.472727272727272274e-01 1.527272727272727393e-01 9.212121212121211489e-01 6.521212121212119905e-01 5.878787878787878896e-01 6.581818181818180902e-01 4.909090909090909061e-01 9.866666666666665808e-01 8.812121212121211133e-01 6.327272727272725827e-01 5.793939393939393501e-01 4.775757575757575424e-01 -1.454545454545453850e-02 8.666666666666665853e-01 5.090909090909089274e-01 6.533333333333333215e-01 5.939393939393938782e-01 5.187878787878787978e-01 7.963636363636361626e-01 6.315151515151514738e-01 9.466666666666666563e-01 5.806060606060604590e-01 3.757575757575757347e-01 8.593939393939391547e-01 8.593939393939391547e-01 4.606060606060604634e-01 4.836363636363635865e-01 6.145454545454545059e-01 5.793939393939393501e-01 8.836363636363635532e-01 9.539393939393938648e-01 8.400000000000000799e-01 2.593939393939393989e-01 7.636363636363635576e-01 6.836363636363635976e-01 6.690909090909089585e-01 4.630303030303030698e-01 4.242424242424241987e-01 6.763636363636363891e-01 4.606060606060607965e-02 9.551515151515150848e-01 -8.484848484848482586e-02 8.703030303030303561e-01 8.000000000000000444e-01 9.090909090909088386e-01 8.436363636363635177e-01 2.957575757575757192e-01
6.678787878787877386e-01 5.987878787878787579e-01 9.042424242424240699e-01 9.999999999999997780e-01 -3.806060606060605589e-01 4.472727272727272663e-01 5.442424242424241942e-01 6.533333333333333215e-01 7.030303030303028944e-01 6.206060606060604945e-01 7.648484848484848886e-01 8.000000000000000444e-01 2.654545454545453875e-01 7.381818181818180502e-01 -5.090909090909091772e-02 9.212121212121211489e-01 9.539393939393937538e-01 2.000000000000000111e-01 7.915151515151513939e-01 6.727272727272727293e-01 5.878787878787878896e-01 5.260606060606060064e-01 5.381818181818180946e-01 8.533333333333331661e-01 8.799999999999998934e-01 6.642424242424241898e-01 7.903030303030302850e-01 6.448484848484847820e-01 7.454545454545453698e-01 9.430303030303029965e-01 9.806060606060604812e-01 6.436363636363635621e-01 7.636363636363636687e-01 6.157575757575756148e-01 4.181818181818181546e-01 1.963636363636363236e-01 4.169696969696968791e-01 3.515151515151515027e-01 6.387878787878787934e-01 5.733333333333332504e-01 5.781818181818181301e-01 9.212121212121212599e-01 9.006060606060604101e-01 7.987878787878786024e-01 7.733333333333332060e-01 4.690909090909090584e-01 9.442424242424243275e-01 7.830303030303029654e-01 6.581818181818182012e-01 9.757575757575758235e-01 6.618181818181818610e-01 4.848484848484860624e-03 7.696969696969696573e-01 4.339393939393937916e-01 6.157575757575756148e-01 7.915151515151516159e-01 4.654545454545454541e-01 9.430303030303029965e-01 7.030303030303030054e-01 8.145454545454544615e-01 8.690909090909091361e-01 2.884848484848484551e-01 3.587878787878787112e-01 6.751515151515150581e-01 7.587878787878787890e-01 9.115151515151515005e-01 8.036363636363634821e-01 9.321212121212120172e-01 7.793939393939393057e-01 3.333333333333333148e-01 8.848484848484847731e-01 6.836363636363634866e-01 5.466666666666665231e-01 6.690909090909089585e-01 6.824242424242423777e-01 6.703030303030301784e-01 8.824242424242424443e-01 7.127272727272726538e-01 2.327272727272726716e-01 9.321212121212119062e-01 6.909090909090908061e-01 2.715151515151514872e-01 6.678787878787878496e-01 9.818181818181817566e-02 9.915151515151515715e-01 7.721212121212120971e-01 6.545454545454545414e-01 1.127272727272727176e-01 8.654545454545454763e-01 4.969696969696969086e-02 6.933333333333331350e-01 4.472727272727272663e-01 3.757575757575756792e-01 3.345454545454545348e-01 9.684848484848483929e-01 7.648484848484848886e-01 7.151515151515150936e-01 7.236363636363635221e-01 5.284848484848485572e-01 8.848484848484845511e-01 8.921212121212122037e-01 7.769696969696969768e-01 7.418181818181818210e-01 6.121212121212120660e-01 8.606060606060605966e-02 8.606060606060605966e-01 5.915151515151515493e-01 7.866666666666664032e-01 7.115151515151514339e-01 6.109090909090908461e-01 7.442424242424241498e-01 6.799999999999999378e-01 9.272727272727273595e-01 7.478787878787878096e-01 5.224242424242422356e-01 8.193939393939391191e-01 7.927272727272727249e-01 5.842424242424241188e-01 5.806060606060605700e-01 7.466666666666665897e-01 6.824242424242423777e-01 7.951515151515150537e-01 8.460606060606059575e-01 8.327272727272726494e-01 4.387878787878786713e-01 9.018181818181817411e-01 8.012121212121211533e-01 7.951515151515151647e-01 6.387878787878786824e-01 5.575757575757576134e-01 7.284848484848482908e-01 1.466666666666666674e-01 9.224242424242424798e-01 -3.393939393939394977e-02 9.854545454545455829e-01 9.163636363636362692e-01 9.284848484848484684e-01 9.515151515151517581e-01 4.218181818181817588e-01
-1.187878787878787756e-01 2.436363636363635954e-01 -3.369696969696969191e-01 -3.806060606060605589e-01 9.999999999999997780e-01 4.545454545454544748e-01 2.436363636363635954e-01 1.781818181818181912e-01 -1.466666666666666397e-01 1.345454545454545514e-01 -1.866666666666666197e-01 -2.230303030303030509e-01 6.290909090909091450e-01 -1.866666666666666752e-01 7.430303030303029299e-01 -1.878787878787878396e-01 -2.993939393939393789e-01 7.018181818181816745e-01 -9.212121212121213154e-02 -9.212121212121207603e-02 1.612121212121211955e-01 1.806060606060606033e-01 1.151515151515151436e-01 -9.696969696969695574e-02 -3.503030303030302828e-01 5.575757575757574191e-02 -7.515151515151512196e-02 1.842424242424242353e-01 -7.636363636363636964e-02 -2.472727272727272552e-01 -3.418181818181817988e-01 6.666666666666665186e-02 -1.854545454545454553e-01 -2.448484848484848153e-01 3.854545454545453831e-01 -1.842424242424241798e-01 4.096969696969696706e-01 -1.333333333333331337e-02 1.503030303030302994e-01 2.412121212121211555e-01 1.866666666666666474e-01 -2.581818181818181790e-01 -2.436363636363636509e-01 -2.545454545454543110e-02 -8.606060606060604579e-02 3.842424242424241632e-01 -2.206060606060605556e-01 5.575757575757576273e-02 4.242424242424241987e-02 -3.975757575757575268e-01 1.503030303030302717e-01 2.509090909090908594e-01 -1.975757575757575712e-01 3.393939393939393034e-01 4.969696969696967004e-02 -1.503030303030302994e-01 -7.878787878787878174e-02 -2.387878787878787712e-01 -2.424242424242423893e-02 -2.072727272727272196e-01 -2.484848484848484473e-01 6.084848484848484063e-01 3.139393939393939070e-01 9.090909090909091161e-02 -1.503030303030302994e-01 -2.133333333333332915e-01 -1.745454545454545037e-01 -1.575757575757575357e-01 -1.066666666666666458e-01 4.193939393939393190e-01 -3.721212121212120749e-01 1.115151515151515255e-01 1.587878787878787556e-01 9.696969696969699737e-02 -1.769696969696969158e-01 1.624242424242424154e-01 -3.018181818181817633e-01 1.127272727272727038e-01 6.545454545454545414e-01 -3.296969696969697106e-01 -2.775757575757575868e-01 6.060606060606059664e-01 1.624242424242424154e-01 6.618181818181816389e-01 -3.721212121212121859e-01 -2.206060606060606111e-01 -8.848484848484847176e-02 5.418181818181817544e-01 -2.048484848484848353e-01 7.903030303030302850e-01 1.224242424242424354e-01 3.454545454545454031e-01 5.127272727272726982e-01 2.969696969696969391e-01 -3.212121212121212266e-01 -1.503030303030302717e-01 -7.515151515151514972e-02 -8.000000000000000167e-02 2.060606060606061038e-02 -3.212121212121211711e-01 -1.345454545454545514e-01 -1.163636363636363635e-01 -1.357575757575757713e-01 1.587878787878787556e-01 7.224242424242424132e-01 -8.363636363636364757e-02 1.163636363636363080e-01 -1.236363636363636276e-01 8.727272727272727959e-02 3.163636363636362359e-01 5.333333333333332288e-02 -3.272727272727271597e-02 -2.448484848484848153e-01 -1.612121212121211955e-01 3.260606060606059953e-01 -8.484848484848482586e-02 -3.757575757575756792e-02 2.775757575757575313e-01 3.333333333333333148e-01 -1.696969696969696795e-01 1.745454545454545314e-01 -5.090909090909090384e-02 -2.387878787878788267e-01 -8.000000000000000167e-02 2.436363636363635676e-01 -1.551515151515151236e-01 -2.363636363636363313e-01 -1.830303030303030154e-01 5.090909090909090384e-02 -2.351515151515151669e-01 -2.678787878787878829e-01 6.193939393939393856e-01 -2.751515151515150914e-01 8.424242424242421867e-01 -3.903030303030302628e-01 -1.515151515151515194e-01 -2.375757575757575513e-01 -2.909090909090908950e-01 4.315151515151514627e-01
5.503030303030301829e-01 7.818181818181816345e-01 3.430303030303029077e-01 4.472727272727272663e-01 4.545454545454544748e-01 9.999999999999997780e-01 8.266666666666665497e-01 8.569696969696968258e-01 5.030303030303030498e-01 8.084848484848483618e-01 5.006060606060604989e-01 4.872727272727271908e-01 9.357575757575755659e-01 4.339393939393939581e-01 5.830303030303028988e-01 6.290909090909091450e-01 5.272727272727271153e-01 8.424242424242421867e-01 6.630303030303028589e-01 5.248484848484847864e-01 6.909090909090909172e-01 7.054545454545454453e-01 5.321212121212121060e-01 6.848484848484847065e-01 3.175757575757574558e-01 7.393939393939393812e-01 7.151515151515150936e-01 8.666666666666665853e-01 5.612121212121212732e-01 5.236363636363636775e-01 4.630303030303030143e-01 7.903030303030302850e-01 5.006060606060606100e-01 3.248484848484847753e-01 7.539393939393937982e-01 8.242424242424239988e-02 7.757575757575756459e-01 3.878787878787878785e-01 8.387878787878786380e-01 8.072727272727272529e-01 6.909090909090908061e-01 4.872727272727271908e-01 4.193939393939392635e-01 7.430303030303029299e-01 6.387878787878787934e-01 8.242424242424242209e-01 5.333333333333333259e-01 7.878787878787878451e-01 6.787878787878787179e-01 4.327272727272727382e-01 8.048484848484849241e-01 1.672727272727272674e-01 4.484848484848484307e-01 7.975757575757573825e-01 6.290909090909089230e-01 5.345454545454545459e-01 2.121212121212120993e-01 5.830303030303030098e-01 5.963636363636364290e-01 5.042424242424241587e-01 5.575757575757575024e-01 9.406060606060604457e-01 6.969696969696969058e-01 7.745454545454544260e-01 4.799999999999999822e-01 6.109090909090909571e-01 5.696969696969695907e-01 6.133333333333333970e-01 5.684848484848484818e-01 8.472727272727270664e-01 3.054545454545453675e-01 8.230303030303030010e-01 6.303030303030301429e-01 7.672727272727271064e-01 4.303030303030302983e-01 8.557575757575757169e-01 3.587878787878787668e-01 8.278787878787877696e-01 8.593939393939393767e-01 5.187878787878787978e-01 3.078787878787878629e-01 9.442424242424241054e-01 8.521212121212119461e-01 5.830303030303030098e-01 4.472727272727271552e-01 4.678787878787877830e-01 4.630303030303030698e-01 6.351515151515150226e-01 4.084848484848483952e-01 7.733333333333332060e-01 8.290909090909091006e-01 8.193939393939393412e-01 9.272727272727271375e-01 6.496969696969696617e-01 4.642424242424241787e-01 4.969696969696968947e-01 5.830303030303028988e-01 5.393939393939393145e-01 4.606060606060605744e-01 3.539393939393938870e-01 6.024242424242424176e-01 5.854545454545455607e-01 5.781818181818181301e-01 7.406060606060604901e-01 7.842424242424241854e-01 6.278787878787878141e-01 7.224242424242424132e-01 5.757575757575756903e-01 7.733333333333332060e-01 9.006060606060606322e-01 5.975757575757575379e-01 5.478787878787878540e-01 4.909090909090909061e-01 5.551515151515150626e-01 8.787878787878785625e-01 5.587878787878788334e-01 5.478787878787878540e-01 9.321212121212120172e-01 9.357575757575757880e-01 4.763636363636362669e-01 8.836363636363635532e-01 5.430303030303029743e-01 3.866666666666666030e-01 5.539393939393939537e-01 6.860606060606061485e-01 6.472727272727272219e-01 4.399999999999998357e-01 5.042424242424241587e-01 6.533333333333333215e-01 3.527272727272726671e-01 3.284848484848484906e-01 6.569696969696969813e-01 4.436363636363636620e-01 7.406060606060604901e-01 4.412121212121212221e-01 6.412121212121212332e-01 5.066666666666667096e-01 5.030303030303029388e-01 8.060606060606060330e-01
7.721212121212119861e-01 8.412121212121211888e-01 3.672727272727273062e-01 5.442424242424241942e-01 2.436363636363635954e-01 8.266666666666665497e-01 9.999999999999997780e-01 7.987878787878786024e-01 7.224242424242424132e-01 9.018181818181819631e-01 6.981818181818182367e-01 6.424242424242423422e-01 7.612121212121211178e-01 6.169696969696969457e-01 5.866666666666666696e-01 7.212121212121211933e-01 6.606060606060605300e-01 7.139393939393939847e-01 7.624242424242423377e-01 7.430303030303029299e-01 8.642424242424240344e-01 9.296969696969694663e-01 5.345454545454545459e-01 7.745454545454545370e-01 3.284848484848484351e-01 8.969696969696968614e-01 7.406060606060604901e-01 8.460606060606060685e-01 6.945454545454544659e-01 5.939393939393937671e-01 5.551515151515149515e-01 8.036363636363634821e-01 6.872727272727272574e-01 3.587878787878787668e-01 7.890909090909089540e-01 2.703030303030302672e-01 8.775757575757575646e-01 4.884848484848484662e-01 8.036363636363634821e-01 9.575757575757576356e-01 8.569696969696970479e-01 5.503030303030302939e-01 4.496969696969695951e-01 8.400000000000000799e-01 7.890909090909089540e-01 8.751515151515150137e-01 5.599999999999998312e-01 7.309090909090909527e-01 8.751515151515150137e-01 5.696969696969695907e-01 7.369696969696970523e-01 1.466666666666666674e-01 6.048484848484847465e-01 6.472727272727272219e-01 8.824242424242422222e-01 6.824242424242423777e-01 3.830303030303030543e-01 6.678787878787877386e-01 7.199999999999998623e-01 6.678787878787878496e-01 7.175757575757575335e-01 7.660606060606059975e-01 8.921212121212122037e-01 9.090909090909089496e-01 6.060606060606059664e-01 6.727272727272726183e-01 7.381818181818180502e-01 6.557575757575755393e-01 6.460606060606061130e-01 8.703030303030303561e-01 3.272727272727272707e-01 8.036363636363637042e-01 6.145454545454545059e-01 9.212121212121211489e-01 6.096969696969696262e-01 8.303030303030303205e-01 3.660606060606060308e-01 7.612121212121210068e-01 7.854545454545452943e-01 6.327272727272725827e-01 4.484848484848485417e-01 7.527272727272726893e-01 7.975757575757574935e-01 3.890909090909090429e-01 5.454545454545454142e-01 6.812121212121212688e-01 5.612121212121212732e-01 7.636363636363635576e-01 3.975757575757575268e-01 6.303030303030301429e-01 7.830303030303029654e-01 9.296969696969699104e-01 8.230303030303028899e-01 7.769696969696968658e-01 5.466666666666665231e-01 6.654545454545454097e-01 6.884848484848483663e-01 6.121212121212120660e-01 4.618181818181817389e-01 3.636363636363636465e-01 5.563636363636362825e-01 7.345454545454545014e-01 7.345454545454545014e-01 8.763636363636362336e-01 7.272727272727271819e-01 5.624242424242422711e-01 6.412121212121211222e-01 7.478787878787878096e-01 8.109090909090908017e-01 8.169696969696967903e-01 4.727272727272726627e-01 5.709090909090909216e-01 5.187878787878787978e-01 7.260606060606060730e-01 9.333333333333332371e-01 4.775757575757575424e-01 4.557575757575757502e-01 8.787878787878786735e-01 7.975757575757574935e-01 6.654545454545454097e-01 8.109090909090908017e-01 4.242424242424243097e-01 3.636363636363636465e-01 5.248484848484846754e-01 8.448484848484847376e-01 7.151515151515152047e-01 6.096969696969696262e-01 6.727272727272726183e-01 9.030303030303029610e-01 6.024242424242423066e-01 4.399999999999998357e-01 7.187878787878786424e-01 4.751515151515151025e-01 5.539393939393939537e-01 5.696969696969695907e-01 7.006060606060605656e-01 5.393939393939393145e-01 6.121212121212120660e-01 8.557575757575757169e-01
6.096969696969696262e-01 6.909090909090906951e-01 5.490909090909090740e-01 6.533333333333333215e-01 1.781818181818181912e-01 8.569696969696968258e-01 7.987878787878786024e-01 9.999999999999997780e-01 7.127272727272726538e-01 8.618181818181817055e-01 7.212121212121211933e-01 7.272727272727271819e-01 7.260606060606059620e-01 6.399999999999999023e-01 3.127272727272726871e-01 7.987878787878786024e-01 7.090909090909089940e-01 6.424242424242423422e-01 7.151515151515150936e-01 7.212121212121210823e-01 6.763636363636361670e-01 6.581818181818179792e-01 6.484848484848485528e-01 8.727272727272724628e-01 5.212121212121211267e-01 7.842424242424242964e-01 9.163636363636363802e-01 9.842424242424241410e-01 7.478787878787878096e-01 7.187878787878786424e-01 6.654545454545454097e-01 9.212121212121211489e-01 7.163636363636364246e-01 4.678787878787878940e-01 5.769696969696969102e-01 1.672727272727272674e-01 6.521212121212121016e-01 3.636363636363636465e-01 9.842424242424243630e-01 7.696969696969697683e-01 6.678787878787879606e-01 7.103030303030302139e-01 6.012121212121209757e-01 9.090909090909089496e-01 6.896969696969696972e-01 6.872727272727271464e-01 7.090909090909089940e-01 9.345454545454543460e-01 6.763636363636362780e-01 6.315151515151514738e-01 9.430303030303029965e-01 1.721212121212121193e-01 6.666666666666665186e-01 8.569696969696968258e-01 6.715151515151515094e-01 7.551515151515151292e-01 3.733333333333332393e-01 7.612121212121211178e-01 7.454545454545453698e-01 7.296969696969697328e-01 7.684848484848483263e-01 7.442424242424240388e-01 5.660606060606060419e-01 7.890909090909090651e-01 6.848484848484848175e-01 8.084848484848482508e-01 7.854545454545454053e-01 7.684848484848483263e-01 7.696969696969695462e-01 6.921212121212119150e-01 5.127272727272726982e-01 9.806060606060604812e-01 7.406060606060603790e-01 7.660606060606059975e-01 6.327272727272725827e-01 9.854545454545451388e-01 5.430303030303029743e-01 9.842424242424243630e-01 6.533333333333332105e-01 7.272727272727272929e-01 5.478787878787878540e-01 7.563636363636362381e-01 9.963636363636363402e-01 4.654545454545454541e-01 6.569696969696969813e-01 6.909090909090910282e-01 6.303030303030302539e-01 4.460606060606061019e-01 5.684848484848483707e-01 5.127272727272725872e-01 9.830303030303030321e-01 6.896969696969696972e-01 7.406060606060604901e-01 5.066666666666665986e-01 6.509090909090907706e-01 7.127272727272726538e-01 7.987878787878786024e-01 7.248484848484848531e-01 6.145454545454545059e-01 5.406060606060605345e-01 7.781818181818181968e-01 8.048484848484847021e-01 6.327272727272725827e-01 6.993939393939394567e-01 5.478787878787878540e-01 7.721212121212120971e-01 9.103030303030303916e-01 7.733333333333332060e-01 9.333333333333333481e-01 8.121212121212121327e-01 6.884848484848484773e-01 7.163636363636364246e-01 6.400000000000000133e-01 6.181818181818181657e-01 7.660606060606059975e-01 7.454545454545453698e-01 6.945454545454545769e-01 9.478787878787878762e-01 8.327272727272726494e-01 6.933333333333333570e-01 9.672727272727273951e-01 6.799999999999999378e-01 5.709090909090909216e-01 7.078787878787877741e-01 5.539393939393939537e-01 8.424242424242424088e-01 6.642424242424241898e-01 7.248484848484847420e-01 7.248484848484848531e-01 4.533333333333333104e-01 5.224242424242424576e-01 4.533333333333333104e-01 6.327272727272728048e-01 4.848484848484848619e-01 6.436363636363636731e-01 8.327272727272726494e-01 6.957575757575756858e-01 7.260606060606059620e-01 6.618181818181816389e-01
5.866666666666665586e-01 5.224242424242422356e-01 5.430303030303029743e-01 7.030303030303028944e-01 -1.466666666666666397e-01 5.030303030303030498e-01 7.224242424242424132e-01 7.127272727272726538e-01 9.999999999999997780e-01 6.824242424242423777e-01 9.709090909090909438e-01 9.466666666666666563e-01 3.490909090909090629e-01 9.284848484848484684e-01 1.309090909090908916e-01 7.866666666666665142e-01 7.406060606060604901e-01 3.612121212121211511e-01 6.012121212121209757e-01 9.842424242424243630e-01 6.824242424242423777e-01 6.654545454545452987e-01 7.381818181818182723e-01 8.618181818181817055e-01 4.981818181818182256e-01 6.678787878787877386e-01 7.915151515151513939e-01 7.406060606060604901e-01 9.115151515151513895e-01 7.648484848484848886e-01 7.115151515151513228e-01 7.127272727272726538e-01 9.490909090909089851e-01 4.436363636363635510e-01 3.842424242424242187e-01 2.678787878787878274e-01 5.490909090909090740e-01 3.406060606060606344e-01 7.369696969696969413e-01 6.909090909090908061e-01 6.242424242424241543e-01 7.793939393939391946e-01 5.975757575757575379e-01 8.630303030303029255e-01 6.096969696969696262e-01 5.272727272727271153e-01 7.030303030303028944e-01 7.309090909090907306e-01 6.496969696969696617e-01 6.993939393939393456e-01 7.515151515151514694e-01 1.636363636363636354e-01 9.103030303030303916e-01 6.133333333333331749e-01 7.018181818181817855e-01 9.357575757575757880e-01 5.745454545454544704e-01 7.163636363636362026e-01 8.848484848484847731e-01 9.393939393939392257e-01 8.933333333333332016e-01 3.793939393939393390e-01 5.503030303030302939e-01 6.569696969696968702e-01 8.836363636363635532e-01 7.503030303030301384e-01 9.406060606060606677e-01 7.260606060606058509e-01 8.751515151515147917e-01 4.630303030303029033e-01 5.042424242424241587e-01 7.684848484848483263e-01 7.672727272727272174e-01 6.678787878787877386e-01 9.430303030303031075e-01 7.490909090909089185e-01 5.163636363636363580e-01 7.018181818181817855e-01 3.757575757575757347e-01 7.539393939393937982e-01 8.315151515151516515e-01 3.636363636363636465e-01 7.260606060606059620e-01 3.054545454545454231e-01 7.175757575757575335e-01 9.636363636363636243e-01 8.496969696969696173e-01 3.454545454545454586e-01 5.296969696969696662e-01 1.842424242424242076e-01 7.430303030303029299e-01 5.503030303030301829e-01 4.315151515151515182e-01 4.509090909090908705e-01 6.957575757575755748e-01 9.272727272727271375e-01 9.163636363636362692e-01 8.593939393939393767e-01 7.430303030303029299e-01 5.260606060606060064e-01 6.666666666666665186e-01 9.551515151515150848e-01 5.733333333333332504e-01 5.830303030303028988e-01 2.896969696969696750e-01 6.206060606060604945e-01 7.127272727272726538e-01 9.393939393939394478e-01 8.533333333333331661e-01 5.515151515151515138e-01 5.175757575757575779e-01 8.181818181818181213e-01 6.315151515151515849e-01 5.660606060606060419e-01 5.721212121212120305e-01 6.254545454545453742e-01 5.539393939393939537e-01 6.412121212121212332e-01 5.066666666666665986e-01 9.575757575757574136e-01 6.460606060606060019e-01 5.163636363636362470e-01 5.430303030303030853e-01 6.509090909090908816e-01 5.187878787878786868e-01 7.878787878787877341e-01 9.151515151515150492e-01 9.393939393939392257e-01 7.963636363636362736e-01 5.466666666666666341e-01 7.442424242424243719e-01 3.357575757575757547e-01 6.496969696969697727e-01 1.236363636363636137e-01 7.090909090909091050e-01 7.963636363636361626e-01 7.163636363636362026e-01 8.145454545454544615e-01 5.078787878787878185e-01
8.496969696969696173e-01 7.975757575757574935e-01 4.387878787878786713e-01 6.206060606060604945e-01 1.345454545454545514e-01 8.084848484848483618e-01 9.018181818181819631e-01 8.618181818181817055e-01 6.824242424242423777e-01 9.999999999999997780e-01 6.739393939393939492e-01 6.387878787878787934e-01 6.981818181818180147e-01 5.696969696969695907e-01 4.278787878787878585e-01 7.660606060606058865e-01 7.369696969696969413e-01 5.963636363636362070e-01 8.363636363636363091e-01 6.957575757575756858e-01 7.612121212121211178e-01 8.363636363636363091e-01 4.424242424242423866e-01 8.096969696969698038e-01 4.012121212121211866e-01 9.503030303030302051e-01 8.545454545454544970e-01 8.933333333333332016e-01 6.472727272727272219e-01 6.218181818181817144e-01 6.121212121212120660e-01 9.260606060606060286e-01 6.545454545454545414e-01 3.684848484848484151e-01 7.090909090909089940e-01 2.957575757575756636e-01 7.345454545454543904e-01 5.296969696969695551e-01 8.727272727272726849e-01 8.654545454545454763e-01 7.709090909090907662e-01 5.830303030303030098e-01 4.921212121212120150e-01 8.775757575757575646e-01 8.363636363636363091e-01 7.854545454545454053e-01 6.024242424242423066e-01 7.854545454545454053e-01 8.460606060606059575e-01 6.424242424242422311e-01 7.575757575757574580e-01 1.090909090909090995e-01 5.636363636363636020e-01 6.290909090909090340e-01 8.169696969696967903e-01 6.618181818181818610e-01 3.309090909090908750e-01 7.624242424242424487e-01 6.460606060606061130e-01 6.630303030303028589e-01 7.442424242424241498e-01 7.054545454545453342e-01 7.769696969696968658e-01 9.442424242424241054e-01 5.551515151515150626e-01 7.890909090909089540e-01 7.648484848484846665e-01 6.945454545454544659e-01 6.339393939393939137e-01 8.460606060606059575e-01 3.987878787878787468e-01 8.618181818181815945e-01 5.442424242424241942e-01 9.115151515151515005e-01 5.527272727272727337e-01 8.751515151515152358e-01 4.290909090909090229e-01 8.436363636363635177e-01 6.763636363636362780e-01 7.503030303030301384e-01 4.060606060606060663e-01 7.163636363636362026e-01 8.581818181818181568e-01 2.363636363636363313e-01 6.084848484848484063e-01 6.533333333333333215e-01 4.836363636363635310e-01 6.266666666666665941e-01 4.363636363636363424e-01 5.090909090909090384e-01 8.375757575757575291e-01 8.351515151515152002e-01 7.442424242424242609e-01 7.127272727272726538e-01 5.915151515151514383e-01 6.230303030303029344e-01 6.654545454545454097e-01 5.648484848484847110e-01 3.951515151515151425e-01 4.254545454545454186e-01 6.290909090909090340e-01 7.466666666666665897e-01 8.193939393939391191e-01 8.290909090909088786e-01 5.878787878787877785e-01 6.121212121212121771e-01 7.090909090909091050e-01 7.199999999999999734e-01 8.133333333333332416e-01 7.878787878787878451e-01 4.860606060606060264e-01 5.236363636363636775e-01 5.515151515151515138e-01 8.060606060606059220e-01 8.872727272727271020e-01 5.333333333333332149e-01 4.921212121212120705e-01 9.066666666666668428e-01 8.133333333333332416e-01 6.339393939393939137e-01 8.812121212121211133e-01 4.872727272727271908e-01 4.072727272727273418e-01 5.345454545454544348e-01 7.612121212121211178e-01 8.109090909090909127e-01 5.866666666666666696e-01 6.593939393939394211e-01 8.266666666666665497e-01 5.551515151515149515e-01 3.793939393939393390e-01 5.406060606060605345e-01 5.115151515151514783e-01 4.521212121212120350e-01 6.460606060606058909e-01 7.721212121212120971e-01 5.696969696969695907e-01 6.581818181818179792e-01 7.381818181818180502e-01
6.121212121212119550e-01 5.454545454545454142e-01 6.157575757575756148e-01 7.648484848484848886e-01 -1.866666666666666197e-01 5.006060606060604989e-01 6.981818181818182367e-01 7.212121212121211933e-01 9.709090909090909438e-01 6.739393939393939492e-01 9.999999999999997780e-01 9.733333333333332726e-01 3.454545454545454586e-01 9.539393939393940869e-01 1.090909090909090579e-01 8.375757575757576401e-01 7.975757575757574935e-01 3.478787878787877874e-01 6.472727272727271108e-01 9.575757575757576356e-01 6.896969696969696972e-01 6.557575757575756503e-01 7.539393939393937982e-01 8.945454545454545325e-01 5.781818181818181301e-01 6.836363636363634866e-01 8.145454545454544615e-01 7.393939393939393812e-01 9.369696969696967859e-01 8.303030303030303205e-01 7.709090909090907662e-01 7.187878787878787534e-01 9.866666666666665808e-01 4.981818181818181701e-01 4.048484848484849019e-01 2.569696969696969591e-01 5.515151515151515138e-01 3.587878787878787668e-01 7.418181818181817100e-01 6.848484848484848175e-01 6.375757575757574624e-01 8.375757575757575291e-01 6.606060606060604190e-01 8.775757575757575646e-01 6.509090909090907706e-01 5.309090909090907751e-01 7.624242424242423377e-01 7.624242424242423377e-01 6.751515151515150581e-01 7.575757575757575690e-01 7.745454545454545370e-01 1.599999999999999756e-01 9.369696969696967859e-01 6.036363636363635266e-01 7.151515151515150936e-01 9.624242424242425153e-01 5.915151515151515493e-01 7.721212121212118751e-01 9.030303030303030720e-01 9.769696969696971545e-01 9.406060606060604457e-01 3.721212121212121304e-01 5.345454545454545459e-01 6.763636363636361670e-01 9.151515151515150492e-01 7.987878787878786024e-01 9.503030303030302051e-01 7.757575757575756459e-01 9.078787878787878407e-01 4.315151515151514627e-01 5.842424242424242298e-01 7.781818181818180857e-01 7.648484848484848886e-01 6.872727272727272574e-01 9.442424242424243275e-01 7.551515151515151292e-01 5.939393939393939892e-01 7.309090909090908417e-01 3.575757575757576023e-01 8.084848484848483618e-01 8.557575757575758280e-01 3.527272727272727226e-01 7.357575757575757214e-01 3.018181818181817633e-01 7.830303030303029654e-01 9.903030303030302406e-01 8.739393939393937938e-01 3.151515151515150714e-01 6.024242424242425287e-01 1.696969696969697072e-01 7.612121212121211178e-01 5.454545454545454142e-01 4.387878787878786713e-01 4.339393939393939581e-01 7.600000000000000089e-01 9.515151515151515360e-01 9.369696969696968969e-01 8.921212121212119817e-01 7.418181818181815990e-01 5.999999999999998668e-01 7.175757575757575335e-01 9.648484848484848442e-01 6.084848484848484063e-01 6.084848484848485173e-01 2.654545454545454430e-01 6.678787878787877386e-01 7.284848484848484018e-01 9.684848484848483929e-01 8.593939393939393767e-01 5.781818181818181301e-01 5.769696969696969102e-01 8.460606060606060685e-01 6.969696969696969058e-01 6.072727272727271863e-01 5.624242424242423821e-01 6.775757575757574980e-01 6.096969696969696262e-01 6.424242424242423422e-01 5.296969696969696662e-01 9.757575757575756015e-01 6.678787878787877386e-01 5.733333333333332504e-01 6.145454545454543949e-01 7.078787878787878851e-01 5.248484848484847864e-01 8.266666666666665497e-01 9.539393939393940869e-01 9.721212121212122748e-01 7.939393939393938338e-01 5.939393939393939892e-01 7.878787878787878451e-01 3.212121212121211711e-01 7.175757575757574225e-01 1.090909090909090856e-01 7.660606060606061085e-01 8.412121212121210778e-01 7.842424242424241854e-01 8.739393939393937938e-01 5.151515151515150270e-01
