1.000000000000000000e+00 5.940635337922153258e-01 -2.496869277410743160e-01 1.254624744830371286e-01 -5.775517767701147248e-02 9.502265930606847155e-02 2.447039583191887857e-01 1.158886475645512781e-01 -3.138758019975684127e-02 5.933123812729095004e-02 1.897992983158396790e-02 1.595107128411078212e-01 1.301043275997647020e-01 -7.627555990605210112e-02 3.036426264484456405e-01 7.510170545633383654e-02 3.394259873695202323e-01 2.031525631775916163e-01 3.664062336530184982e-01 -9.670221343616147713e-02 6.857993146194772960e-01 6.452856461740366090e-01 1.340502388323034644e-01 1.874987836428883836e-01 -2.264570224941246934e-01 5.046964968822041930e-01 1.261093082475720772e-01 7.279381102048074204e-02 3.087961542918302854e-02 -2.569434609126476296e-02 -2.260105270071852482e-02 9.525224236436455327e-02 -4.687336734417207190e-02 -1.169890014652659460e-01 6.700429912229159957e-01 2.427951001412207432e-01 7.175490422191777018e-01 2.307983083968475901e-01 8.422543702981007130e-02 3.993664485069435277e-01 7.390008156184602051e-01 1.972182136780899486e-01 -2.829978804504670320e-01 6.946064661262639495e-02 6.806184373469224003e-01 5.984324799364982850e-01 5.764966558580227746e-02 1.128249051356596810e-01 7.895702574442865496e-01 2.707779287544205826e-01 1.337671841879032875e-01 -3.721469897558485340e-02 -1.429943504747192562e-01 1.593174861012954316e-02 6.911008546945176523e-01 1.138624072190635300e-01 -8.276461755236366735e-02 2.416366251233215134e-01 6.130722288448825497e-03 1.002929273386903297e-01 2.543070282100411417e-01 1.025426272267632860e-01 4.832004558437665298e-01 3.712474863658118407e-01 -1.168709904404560962e-01 1.743151854408320767e-01 1.546754770616818042e-01 -3.616377263613971410e-02 1.073761920828410626e-01 9.217480064066185808e-02 -1.953479309565264166e-01 9.133799211043029664e-02 1.660642557203450831e-01 6.312569124552133148e-01 -1.426720818197410867e-01 9.641916456130940338e-02 -2.612688698605907800e-01 1.098983949290487788e-01 1.503409078844125113e-01 2.203981864106013266e-01 8.829470722087302131e-03 8.952313943167787558e-02 1.119729999738202919e-01 2.399932750329202696e-02 2.968966671932984219e-02 -1.832144013026191717e-02 -1.075696804791053118e-01 3.250919358879729160e-01 -2.387718170703136134e-01 1.931928155552744275e-01 1.160811951102504597e-01 4.975812889009864071e-01 6.483247482122138361e-02 4.391249611940354347e-01 -1.435142971670445022e-01 -1.015968136065490829e-01 -1.458039766487235767e-01 6.539150609356365884e-02 1.762346683606452746e-01 -2.391974903142886077e-01 6.803621003104275144e-02 1.021033618340674715e-01 8.147104300096186247e-01 7.915750886891257387e-01 1.587713818251788589e-01 8.781186705257602171e-03 8.780751696352037672e-02 1.395378601399156482e-01 1.063997077531609187e-01 2.144519122364406394e-01 -7.385188558340637088e-02 1.116826138279936459e-01 -8.145376449209011660e-02 7.367590183520309477e-01 2.686135376358890214e-01 1.093907958607708009e-01 4.145061370109420079e-02 1.156653331939681423e-01 1.377278440974783469e-01 -5.386245098556806388e-02 9.627961621474642739e-02 -2.324670571137971153e-02 -1.638728309023547158e-01 -1.643240275214609761e-02 7.681143179052465353e-01 4.386498188339484072e-02 -1.790761031195088060e-01 1.218305458878738562e-01 6.525456882399258696e-01 3.641615420274016413e-01 -3.694207912482463246e-02 6.263779700349731971e-01 -1.631497631447303698e-01 1.062106093547321023e-01 2.155779135551078585e-01 1.329638900306145399e-01 2.431282870231795540e-02 1.485401049517283134e-01 6.665799987819209793e-01
5.940635337922153258e-01 1.000000000000000000e+00 -1.270468014691923941e-01 3.197548529496269110e-01 3.364581642637926584e-01 5.821456741907582444e-01 7.012135116402793411e-01 5.864553728530689236e-01 2.877700903108734165e-01 6.060619390400863171e-01 1.333149287072065148e-01 3.704834972602398802e-01 6.110013469899062688e-01 -1.877218535809041869e-02 7.250671297267786697e-01 2.807855484327087536e-01 5.225235043791668366e-01 6.211572905764786157e-01 5.789978170055974926e-01 1.992379085140170980e-01 6.527219790511336051e-01 6.292278223472806964e-01 2.206911657446061770e-01 6.169423526313970729e-01 -1.189666968490160626e-01 8.070569016276026852e-01 5.663751413729416484e-01 5.672109110030173484e-01 1.691417260726781335e-01 3.843675588077524186e-01 1.485925673331713326e-01 5.706037868601236962e-01 -5.149111968397923622e-02 -2.320232534692809878e-01 8.242626296388374518e-01 4.457599486833673658e-02 7.182394513128540492e-01 1.433681951134789800e-01 5.648999015345055330e-01 7.518379584772170166e-01 6.964364973091760058e-01 5.205518426661346343e-01 -1.032686436742629998e-01 5.244743603519272934e-01 5.400488666909583069e-01 8.409044206405729138e-01 4.590523496176384666e-01 5.940631372958996570e-01 7.249352923854266439e-01 2.435387860088668310e-01 6.099745429267031671e-01 -1.289890027241651083e-01 -2.367306974998181074e-02 5.378157542302115512e-01 4.833630366060974737e-01 3.328175600235110387e-01 -2.369554518248032926e-01 6.091553305310750677e-01 1.166797418854352009e-01 2.106314413302371735e-01 5.111849908321097757e-01 5.876974213190249152e-01 6.950501859221838163e-01 7.872902183259152809e-01 1.168412460151729837e-04 5.421332354255361530e-01 5.178669634624064599e-01 3.789016545182280482e-01 4.497950088305109340e-01 6.372147336928623007e-01 -7.511658285302338922e-02 5.605891252153816229e-01 5.884406829532379257e-01 8.852804107701756076e-01 -1.022512621739974509e-01 5.688050603755770984e-01 -1.185896382509441793e-01 5.797518826242334944e-01 6.362105092142005258e-01 5.004476074997279422e-01 -4.782809192499815759e-02 5.704062642197950117e-01 5.849913907700955429e-01 5.231996114846232393e-01 2.633934832238736881e-02 3.481694581460926391e-02 -7.852090446792334144e-02 7.502675947350009311e-01 -1.095353200398425236e-01 6.382008300948633917e-01 5.887182763727221158e-01 8.449874068697182938e-01 4.217566530535197811e-01 3.607110714307443788e-01 9.563438540623353870e-03 7.096773054775025458e-02 1.552757339786829394e-01 2.684080459804724650e-01 4.697779978367352949e-01 -1.038822530924295579e-01 5.464854449417024806e-01 4.477494916495120547e-01 4.966021357171402362e-01 8.108076473393683870e-01 5.289194960548044833e-01 5.304278841346179441e-01 5.970798066139564320e-01 3.544421448530924446e-01 5.768492559252382801e-01 6.080684672657369338e-01 3.181676397228665465e-01 4.202443687737592026e-01 1.609346843155478324e-01 4.352152904114362508e-01 7.340141027932154394e-01 5.899276150613932401e-01 5.229177056676094226e-01 5.908959758180001298e-01 5.539586190444207858e-01 8.643491510771036945e-02 5.841158102281689413e-01 5.158446574233913617e-01 -8.940442566107056899e-03 2.932118216913465192e-01 7.397204776628887313e-01 5.204365339464369633e-01 3.301918252904505191e-02 2.717672601291368228e-01 5.182962382319266093e-01 3.743516893280113278e-01 5.375267376638115380e-02 7.321716540198119905e-01 8.125312135773604671e-02 5.606768942671773726e-01 3.296959894040308869e-01 5.529870513302614921e-01 3.357071483692944391e-01 2.928114378530294881e-01 8.011003101659390779e-01
-2.496869277410743160e-01 -1.270468014691923941e-01 1.000000000000000000e+00 4.420489912784464903e-01 -2.165231225935516091e-01 -1.724798245425925372e-02 -2.056423284698298826e-01 -2.237787863423770437e-02 -3.548899592648155354e-02 -5.964227967137110398e-02 -4.006232121896238958e-03 -2.366341087356224789e-03 -2.951918936443732530e-02 -9.772649224949692126e-03 -2.006246324881281740e-01 -9.280662202822367868e-02 3.318511112235729699e-01 -5.386182125575546265e-02 -1.346729641540969913e-01 5.882033677541746025e-02 -1.992974346157761201e-01 -2.454109820852005408e-01 9.236543370382159501e-02 6.637697691123134458e-02 9.921060679140207839e-01 -1.491926122203632299e-01 -2.352813778047081056e-02 -3.311308184789078790e-02 2.619316276082723355e-02 3.525258044312817307e-01 7.051087375220389530e-01 -4.361977752082298737e-02 -9.217057504983650063e-02 -4.152122398087230992e-02 -1.939778553588585586e-01 1.018944400017041535e-01 -2.062247912054046284e-01 -8.538689003671000310e-02 -3.553439286134717212e-02 -2.402887044801308991e-01 -1.817118269668891728e-01 1.628952455913045549e-01 9.128027030188248236e-01 -3.538976148030716778e-02 -2.202264698247437535e-01 -9.280994163022696086e-02 4.308895349082198512e-01 4.970773494195492720e-02 -1.399864119271662655e-01 4.830934984070131000e-01 -1.855127008778074266e-02 -1.909285245067595116e-01 1.607358004417682243e-02 -7.277151952994925788e-02 -1.478954535930452896e-01 7.263182432398589128e-02 -2.093795359787069266e-02 1.686569728513413191e-01 -3.914389530181672239e-02 9.427317064838482835e-03 -5.306918817692405504e-02 -5.588079430181518148e-03 -8.731072572259264419e-02 -1.263535702903374469e-01 1.479179123776596348e-02 -3.831687478393768029e-03 -6.837376413621990001e-02 4.703645086619608340e-01 5.750170845926012853e-02 -1.354247741109043668e-01 9.862412339303224806e-01 -1.521243162308943617e-02 9.763946520280572527e-02 -7.455240768241756799e-02 -3.173043917764765964e-02 -1.722736513634216121e-02 9.877760282134516734e-01 -2.204719957859054176e-03 -3.100239939042068182e-02 7.416654473345651866e-02 -7.950818383869603934e-02 -2.476020111337842809e-03 -1.407892094728013799e-02 -3.451693126403788947e-02 4.915647343133492941e-01 -3.584760317812090563e-02 -3.125818475544336894e-02 -6.040747589909697263e-02 9.118412632797088246e-01 -2.904243483503649720e-02 -1.640107134737311262e-02 -3.360273500252990153e-02 -7.616887151449740212e-02 -1.890625329967257073e-01 7.834210740477228763e-01 -1.747921533675098060e-02 -4.481779167387765772e-02 1.378762550566605197e-02 2.677692868042298446e-01 9.852079908891548943e-01 2.280519217386298703e-01 -2.486323374823937518e-02 -2.363118251046771034e-01 -1.412052220440337402e-01 -6.021290317441156670e-02 3.752841704755082164e-01 -7.062513637423821489e-02 6.706380413664683737e-03 -1.774851405875329385e-02 -4.158985872702768843e-02 3.910289132907829868e-01 5.778302913135659885e-02 8.309295383423108694e-01 -2.180509466675809027e-01 -5.130757298535199018e-02 2.278930002951529143e-01 4.149291216537877025e-01 -6.737045907200821075e-03 -4.322645513748896856e-02 2.051856882093205936e-02 -1.798531805153396126e-02 2.499552670466562154e-01 9.480695413543607231e-01 5.263652637276086121e-01 -2.297403786778950407e-01 4.326422329913196668e-02 -5.268207995315887793e-02 1.534690514285359277e-02 -2.626384869298886704e-01 -2.187291914197660864e-02 -3.386981418649819692e-02 -1.525901104626463112e-01 7.869486643713466956e-01 1.185379024747107261e-02 3.739523098433747972e-01 8.637054417942809093e-02 4.438182633688521617e-01 9.349340360300917308e-02 -6.173286900534160487e-02
1.254624744830371286e-01 3.197548529496269110e-01 4.420489912784464903e-01 1.000000000000000000e+00 1.600056039124535534e-01 3.628946372516696495e-01 1.996172796651275450e-01 3.712190940092703895e-01 3.852362190871345127e-01 3.277201399482983502e-01 4.325902429497084367e-01 6.470392646090225020e-01 3.787030611124135859e-01 2.418216937929664190e-01 2.900712533496243029e-01 1.496365767563692661e-01 9.058625466412305594e-01 4.237716134733705009e-01 1.353945286461065434e-01 3.817962214226987561e-01 1.598049959805573073e-01 1.337355391590276943e-01 4.053845348846321639e-01 6.009334310248943822e-01 4.196012744692445007e-01 3.148241093803500479e-01 4.271721281867000286e-01 3.653930239521664403e-01 3.579042338610501361e-01 6.850659160059821007e-01 7.741162552350975279e-01 3.585596740250255876e-01 1.501947145468202349e-01 -6.961881910353831526e-02 2.625982926733242406e-01 -9.274733575887107728e-02 1.882529130238606851e-01 -1.267427801879790206e-01 3.574039199573421088e-01 1.570252229003165356e-01 1.845864215094148997e-01 7.366491850724145030e-01 4.125331386195713601e-01 4.812421033821600025e-01 3.296050318451637651e-02 3.274228689249388258e-01 7.066965387759120976e-01 4.256099406158568854e-01 1.524083245255083985e-01 8.927843658651475334e-01 3.774859171667378499e-01 -2.140148273239987076e-01 2.190627784024418712e-01 2.835006244513010865e-01 3.419048372534753966e-02 5.057137981329481446e-01 7.412840539904661311e-03 7.332956654277218433e-01 3.240367483605565702e-01 4.562284505104171606e-01 5.526547289844135902e-01 3.834425080646071682e-01 1.314139546335507946e-01 3.369220153618740499e-01 2.746873287273152164e-01 5.719365272442279435e-01 5.127292373036350659e-01 4.967911340341334414e-01 4.945056719484880459e-01 2.666436768628141496e-01 4.606664461976855973e-01 4.055745889941889115e-01 4.275306618713031748e-01 3.002227338238054877e-01 2.231721995846753237e-01 3.794049886163090579e-01 4.361827481612983171e-01 3.868173691050205698e-01 3.789291897706453249e-01 6.938990907098565586e-01 8.792340709073530325e-02 3.672075514536293772e-01 3.802073133191742338e-01 4.522185983612095894e-01 5.368491602676888075e-01 3.292974645324906469e-01 2.614798042204329320e-01 1.520744596750386313e-01 5.466065565057123266e-01 4.246583273133036629e-01 3.843993561891873023e-01 3.712808268317903670e-01 2.626282878822430167e-01 -3.196525582609560830e-03 4.800304331670032232e-01 2.639074147010479487e-01 1.479134117749968114e-01 3.478457951260304215e-01 4.179416340446974187e-01 4.477435940420295135e-01 5.129319838984573998e-01 6.080544288552346410e-01 4.244607348518001852e-03 2.307123149685178232e-01 3.659673649713534593e-01 5.958317365664024257e-01 3.010471227021102592e-01 4.316859147747835190e-01 4.296164401513896669e-01 3.744614611793600223e-01 6.176256602993908107e-01 4.166140908459180503e-01 5.692522373449027118e-01 8.276064540030882155e-02 3.581028803820580086e-01 4.821061712819045830e-01 5.836432184813521440e-01 3.895103584700926325e-01 3.068793449294721642e-01 3.389850462244593521e-01 3.721871761597211892e-01 4.052371866765603348e-01 5.232114943920707084e-01 6.805177312938657241e-01 3.133593746171083744e-02 4.768315528758490518e-01 1.900401734467684900e-01 4.324598435076454916e-01 8.281483278587903341e-02 9.008037129214446770e-02 1.254113920389674508e-01 3.033102186112190957e-01 5.868695212968996211e-01 4.124939421250081173e-01 9.482267540043552989e-01 6.155657988464973140e-01 6.035059041902748334e-01 5.215178584270223627e-01 3.585789785833596310e-01
-5.775517767701147248e-02 3.364581642637926584e-01 -2.165231225935516091e-01 1.600056039124535534e-01 1.000000000000000000e+00 6.893340759342063695e-01 6.801424906653112945e-01 6.693325537964538441e-01 2.532998882028622001e-01 7.252175835819990590e-01 1.421740156789343124e-02 2.450719298540572910e-01 6.933709224969104579e-01 -1.019220161309378481e-01 6.719431773458178769e-01 3.740835488266293640e-01 2.233035085406312736e-01 7.005213208891435395e-01 4.529092437908075475e-01 1.565106546000844534e-01 -6.810811754757502279e-02 -1.227312067484739588e-01 7.078891803596614948e-03 5.683456148357854953e-01 -2.237886561687686682e-01 5.351990532155899150e-01 6.606906887815909846e-01 7.023579475963213081e-01 -7.874867046591085828e-02 2.781425625946530866e-01 -5.531639629844644496e-02 6.958830562741042947e-01 -1.110268998562836396e-01 -6.523014060859595731e-02 2.595774046757196030e-01 -2.772945425987495272e-01 1.170191650538118244e-01 -2.556993582464601733e-01 6.797332584014501577e-01 4.659288571132166323e-01 -6.101924584437778964e-02 3.913425268534836965e-01 -1.884994762360768239e-01 6.650549406841924638e-01 1.620980092553684637e-01 4.116447491356477473e-01 3.043983561205673150e-01 6.396329562677555147e-01 -5.451096414024676762e-02 -1.097039346803194496e-02 6.582740376053399789e-01 -1.690785689522442126e-01 -9.278014103102796839e-02 7.377977330507838882e-01 -1.581759338136453641e-01 2.024856491131117875e-01 -3.123006044858043367e-02 5.093600520213206195e-01 -7.855202411822904962e-02 7.493683867436580492e-02 5.011885691050438352e-01 6.927570942146987765e-01 6.112947793622876269e-02 5.972852399649098976e-01 -1.150350270105675310e-01 6.173420337440492789e-01 5.910283391863500047e-01 2.393780018336947035e-01 3.037357008331803554e-01 6.862625084618411142e-01 -2.099795768981665700e-01 6.923828532378726308e-01 5.357022659739023585e-01 3.450848165259230438e-01 -1.576321828699613348e-01 6.703957148015762257e-01 -2.052692928037899434e-01 6.665771403797834394e-01 6.970287627268618724e-01 4.920153562746421017e-01 -3.097226365442403706e-01 6.930375385805813693e-01 6.686259069347639805e-01 6.670863659858942141e-01 3.177098656550593481e-02 -6.651540703620772987e-02 -1.600952948241846363e-01 3.217120840085821998e-01 -2.233337130713858865e-01 7.100290264692193931e-01 6.637446664048767264e-01 4.695294224821866536e-01 6.066909294086293425e-01 -1.804506657477026599e-01 -1.662326440010271911e-01 -1.423733959795886374e-03 3.925497522094589242e-01 2.918392790267595321e-02 2.112472743780515749e-01 -2.362338360668184978e-01 5.866188156801362963e-01 5.077561772969849674e-01 4.427046961438001194e-02 1.598339695654423243e-01 5.966895186701497433e-01 4.976179243828982024e-01 7.254709258848990316e-01 1.176369677845415518e-01 6.701208081984288967e-01 6.051519362634225629e-01 3.756427099934517844e-01 2.259516673600666103e-01 -1.678343742383498483e-01 1.153992794994440352e-01 6.312010359686445193e-01 5.420863070583943344e-01 4.226065028087181430e-01 6.688420599861560900e-01 6.512538177179536536e-01 -8.019018189209928260e-02 6.762857881957207162e-01 5.732977809233805733e-01 -2.545535490437217940e-01 6.880733756128896983e-02 -6.201307180803757729e-02 6.044536809041246572e-01 4.310374614065477783e-02 5.971603891416620014e-02 -1.203226820315644180e-01 -1.126064671998049660e-01 -1.593147218174029989e-01 3.288903239130533951e-01 -1.123026782931852569e-01 6.980926570606558190e-01 1.086215855186377921e-01 6.038668035724802374e-01 1.206014196409625205e-01 3.939835431594136961e-01 2.606997442230192252e-01
9.502265930606847155e-02 5.821456741907582444e-01 -1.724798245425925372e-02 3.628946372516696495e-01 6.893340759342063695e-01 1.000000000000000000e+00 8.687413288372078934e-01 9.931094360482580763e-01 5.932229247051357124e-01 9.168095391932350458e-01 3.058413416865192191e-01 5.502878453262602942e-01 9.951345754865137394e-01 1.679481798359000744e-01 6.936780765833727713e-01 4.084836783230202384e-01 5.584789560058642799e-01 9.634253833106818377e-01 5.916623979382050758e-01 5.292747757931072217e-01 1.350980765510269299e-01 1.276047622907097445e-01 3.376066263733645822e-01 9.286522222761849354e-01 -2.582796190324933988e-02 8.125860328017759926e-01 9.803558676186862053e-01 9.834602522840624195e-01 2.610037863152507853e-01 6.141527686975194467e-01 1.984140138112445439e-01 9.779240873811774204e-01 2.609137646499035124e-02 -1.546296350410618636e-01 5.503293311089236806e-01 -2.705631038819139578e-01 3.409429132590947598e-01 -1.873255589056830872e-01 9.884417761299049143e-01 6.520222292424333599e-01 1.447159077855783016e-01 6.992714187080943944e-01 -7.092889919565545376e-02 9.483400302720422781e-01 3.104763211015205693e-01 6.568423621264719570e-01 7.008361196016033023e-01 9.905110884142616090e-01 1.565615739554390706e-01 1.787774990035701506e-01 9.935920619867915082e-01 -2.375322206774138079e-01 2.174591066750927726e-01 9.520007863591098962e-01 -1.369638145306265563e-02 5.033492958933427630e-01 -1.535359606899233398e-01 8.587548255132313457e-01 1.849173383319563935e-01 3.278140517791486852e-01 7.926174115681725585e-01 9.960429686037901575e-01 2.816578136591133541e-01 8.626034547283305542e-01 1.853917290342452229e-01 9.156320497175988171e-01 8.813748734377089278e-01 6.027590360053053375e-01 6.711010654934712605e-01 8.625269629519749515e-01 -1.186968372033629822e-02 9.856664429880519496e-01 9.338794094300595372e-01 6.173718759623332275e-01 4.955830775516247011e-02 9.902300766372036378e-01 -2.042161744407384669e-02 9.904523843562775820e-01 9.646919750329654430e-01 7.423405798056719185e-01 -1.027601947249214137e-01 9.979680379844584337e-01 9.924687847679513064e-01 8.839732141037280888e-01 1.441087689358119261e-01 1.598959997561947843e-01 7.117507867446133674e-02 5.060355174637676257e-01 -2.107261475286616864e-02 9.514513150274241937e-01 9.918418007656308877e-01 7.707395119226990721e-01 9.046386621180528831e-01 -4.453591412466023636e-02 1.472692409966938100e-02 2.519844753758980760e-01 5.589972474193463103e-01 3.463093128618582872e-01 6.495071309381194036e-01 -4.465272837029159864e-02 9.286190963637970253e-01 8.341556723867888934e-01 1.566877278559712372e-01 4.467090041881224272e-01 9.069727068575403894e-01 8.606408181356899334e-01 9.752687159740156542e-01 4.586909098216146452e-01 9.830030226964465712e-01 9.501166153773326073e-01 6.823555412252269026e-01 6.055831562289561987e-01 1.650630148279662590e-01 2.194064092995778315e-01 9.214390025093468495e-01 9.332384041190862067e-01 7.942953616960035657e-01 9.963338810660470335e-01 9.660446912759184102e-01 1.909959505815986280e-01 9.950398333994716626e-01 8.010283350406691705e-01 1.719093076582249233e-02 4.240754714927187363e-01 1.369198895666306759e-01 9.393713951774469439e-01 2.060478861435111608e-01 3.402847464351017037e-01 1.120932404768678337e-01 -7.299100985376041906e-02 -2.699458208641006968e-02 5.044986843622124573e-01 1.776222626104394242e-01 9.708151666329424279e-01 3.718427469068611990e-01 9.345270588162464254e-01 4.513080642322847558e-01 5.343944637836044453e-01 5.370227106537112105e-01
2.447039583191887857e-01 7.012135116402793411e-01 -2.056423284698298826e-01 1.996172796651275450e-01 6.801424906653112945e-01 8.687413288372078934e-01 1.000000000000000000e+00 8.601768811532813919e-01 4.013986297981053109e-01 8.344594765548581927e-01 1.987165274284280747e-01 3.981068764290085493e-01 8.714910582567819697e-01 1.052769346920226640e-01 7.077014914445236560e-01 4.222348274777603661e-01 4.000281769557610945e-01 8.456081494958705980e-01 6.333409062342841844e-01 3.416925025862623255e-01 2.607303816863045798e-01 2.602474556593158961e-01 2.143286420329070796e-01 7.779801190508519593e-01 -2.071244418909377882e-01 8.219095252832169241e-01 8.209125457406107884e-01 8.497162403748589332e-01 2.093041647683518691e-01 4.664334421986297552e-01 2.915897435467302429e-02 8.621617419939473503e-01 2.810269541060265303e-02 -1.399695999296355076e-01 5.984038911873570399e-01 -1.702153719635143281e-01 4.645247054209820092e-01 -1.304909437542888517e-01 8.583916618134976861e-01 7.776742574557380383e-01 2.837057431843195143e-01 6.386928211845221970e-01 -1.863940294616276694e-01 7.997159772244228915e-01 4.051500409546159309e-01 7.374049592244518170e-01 5.045806501233098817e-01 8.478975587902282118e-01 3.578425091569894523e-01 1.715458967270111447e-03 8.731378529148722256e-01 -1.857225861467836636e-01 1.631248266740981667e-01 8.790842310409555660e-01 2.227004654082229140e-01 4.165320695258638573e-01 -2.093010404999231522e-01 7.025885994231627629e-01 1.576921420904721927e-01 2.524387679139074581e-01 6.415298779384939198e-01 8.669136630509240993e-01 3.798160438313181730e-01 8.704146176726397233e-01 1.177009358949282769e-01 7.448829794509734814e-01 6.992491957068358577e-01 4.934899423331384760e-01 5.819139149638570263e-01 8.293363028510002399e-01 -1.880089642327978094e-01 8.568131068950173290e-01 8.302747068928528762e-01 7.665692089599767112e-01 2.626437359662012194e-02 8.471438375511931573e-01 -1.872161602147665027e-01 8.483788237334133342e-01 8.797790911513452272e-01 5.439939089827365848e-01 -8.174179029986924916e-02 8.637816796545394471e-01 8.550294190904331737e-01 7.252897299969285339e-01 -2.030465014619229833e-02 8.298197584930547266e-02 3.009868685787695040e-03 5.468806817923248520e-01 -1.956996093024974126e-01 8.276197805309944977e-01 8.552588773517989518e-01 7.742770440961944667e-01 7.844456546340377034e-01 6.232464036009717490e-02 -8.650651107776161086e-02 2.076608881242429372e-01 4.513005378810385215e-01 2.889960000482575397e-01 5.547726265326199391e-01 -2.171992793374203923e-01 7.767438874243918212e-01 6.626299430158080206e-01 2.821942901537732862e-01 5.428609825141281764e-01 7.929393757107993101e-01 7.191382162705928227e-01 8.872187455309890058e-01 4.127417881304505931e-01 8.456451594689573525e-01 8.407180307236942207e-01 5.043840794062076638e-01 5.249855367646387716e-01 1.877814860000136948e-02 2.917814484376316519e-01 8.769332781359949758e-01 7.902761233422657128e-01 6.627014464390817983e-01 8.653006654913685258e-01 8.382249795264566927e-01 1.373273608474555041e-01 8.648838607678606127e-01 7.232925151521037987e-01 -1.472364096043289883e-01 2.601692556183062832e-01 3.496221884373541533e-01 7.423962810515725153e-01 1.874595099147783051e-01 2.795572173360211798e-01 2.856257241894348264e-01 4.955359767710550145e-02 3.900784837288756579e-02 5.054634438173021271e-01 5.339961834117101618e-03 8.169944996940803339e-01 1.845513897216428389e-01 7.552963934759403530e-01 3.491757644541627625e-01 3.863808688641218736e-01 6.011737498754566866e-01
1.158886475645512781e-01 5.864553728530689236e-01 -2.237787863423770437e-02 3.712190940092703895e-01 6.693325537964538441e-01 9.931094360482580763e-01 8.601768811532813919e-01 1.000000000000000000e+00 5.749316736150760221e-01 9.292434704750600627e-01 2.990500505484879334e-01 5.557255572498733809e-01 9.873404210184396623e-01 1.677187155247572559e-01 6.892787625997632839e-01 3.798573547208806689e-01 5.755950907179713250e-01 9.575991795970836273e-01 5.580860234745766979e-01 5.060491532789737068e-01 1.577867933810299661e-01 1.371298257583655755e-01 3.446825475983644749e-01 9.349582749173273033e-01 -3.265495197693483315e-02 8.144530008141899202e-01 9.898229136923681892e-01 9.911565677579844413e-01 2.587547099848725440e-01 6.078857411572218261e-01 1.985907083653047911e-01 9.872837115465230573e-01 1.984486559362762248e-02 -1.379809836899853759e-01 5.555433756765849607e-01 -2.752870869851421487e-01 3.607236073636024831e-01 -2.131548022775217599e-01 9.962632175943235691e-01 6.327976166317441642e-01 1.727866581315531946e-01 6.947895681836385728e-01 -8.185471658666190753e-02 9.554190126051882448e-01 2.852888012522891148e-01 6.487591288480449858e-01 7.036204240813151989e-01 9.931796295278664255e-01 1.624080595622700574e-01 1.918153371194517010e-01 9.974467157869231215e-01 -2.416292882180452462e-01 2.134285447180536421e-01 9.471012775999761990e-01 -1.895948308657686987e-02 5.000593641275388190e-01 -1.564473113696656648e-01 8.698887532037836712e-01 1.887130089720697457e-01 3.256446030252702073e-01 8.020674400702223483e-01 9.872712516485711021e-01 2.687841550280193337e-01 8.586032426571064136e-01 1.845734792748388586e-01 9.295044254534857719e-01 8.902179243963503907e-01 5.933793103087686704e-01 6.653721292914089869e-01 8.670452703569078157e-01 -1.531374949868827620e-02 9.902091983966776478e-01 9.276377233053304527e-01 6.136332934239364656e-01 4.672209071492083865e-02 9.976320792005297644e-01 -2.656884648350786235e-02 9.990100619051338615e-01 9.509924453360684149e-01 7.612467369179407584e-01 -9.784344317490382970e-02 9.895467250690476169e-01 9.994418862800454884e-01 8.787497753578173976e-01 1.356010823266646514e-01 1.542612806386438051e-01 7.165541706775342690e-02 4.929211153541196988e-01 -2.547780274227806618e-02 9.465907849733522506e-01 9.990782457308459152e-01 7.609678366804253358e-01 8.855700101524390799e-01 -1.424077093060117059e-02 1.234167422719762916e-02 2.519266936374864319e-01 5.488495829354771427e-01 3.512036122678489636e-01 6.441473857942033865e-01 -5.214719127373307339e-02 9.338953789282612439e-01 8.403918823277619632e-01 1.490426568426226894e-01 4.538561800044105254e-01 9.079113565078428261e-01 8.537611444176393949e-01 9.782033495234653264e-01 4.542239049481386348e-01 9.873336433479643626e-01 9.306998455745801868e-01 6.761767786524670587e-01 6.020156066625031999e-01 1.574541015977981573e-01 2.082018389654138879e-01 9.186167278812987780e-01 9.339808682292508601e-01 7.892987986685124913e-01 9.974284391038882314e-01 9.497123891038181664e-01 1.849887291872358286e-01 9.978690542608367187e-01 7.977197155470303613e-01 1.105020227609340884e-02 4.324007136346673663e-01 1.431278198418927672e-01 9.422203341085939599e-01 1.996648388252120765e-01 3.371994855151973502e-01 1.073662600653155080e-01 -7.640545422803626807e-02 -4.039631160104115160e-02 5.187507496349849090e-01 1.708197737975727937e-01 9.615674273904339930e-01 3.886889853616462553e-01 9.421565719384735749e-01 4.492490299238395823e-01 5.349784551480559758e-01 5.590004435584728926e-01
-3.138758019975684127e-02 2.877700903108734165e-01 -3.548899592648155354e-02 3.852362190871345127e-01 2.532998882028622001e-01 5.932229247051357124e-01 4.013986297981053109e-01 5.749316736150760221e-01 1.000000000000000000e+00 4.606034142896341388e-01 7.576011839678962190e-01 7.964365320063429010e-01 5.824878355220655113e-01 5.540079725623333617e-01 2.921945123665590782e-01 3.977194328804219969e-01 4.739538325357691706e-01 5.841627119540916402e-01 2.367576799781546393e-01 9.405162768128629835e-01 7.916812194395876634e-02 1.410700735855220656e-01 6.566310414765992309e-01 7.052254803018966900e-01 -5.202530987242629662e-02 4.161143947222365469e-01 6.075840777955332506e-01 5.691378252816851058e-01 6.619035270444839636e-01 7.050336835363577581e-01 3.632152048302171865e-01 5.369427401494264451e-01 4.931921648659501889e-01 -1.150903681602192669e-01 2.767011353652008010e-01 -2.806904073472680783e-01 1.420129742910933301e-01 -7.331342204712691657e-02 5.670566228634884576e-01 3.425321761679055999e-01 6.596569077851442697e-02 6.170602451855150550e-01 -5.426123097079726953e-02 6.092186586330979869e-01 1.492907241746563307e-01 3.202804284545742730e-01 6.292131508496596748e-01 6.052356450379062780e-01 -6.536160952771133750e-03 2.809370052921805194e-01 5.937400720123010567e-01 -1.899644420503396047e-01 5.533901039858768467e-01 4.834262821077356387e-01 -1.082411890960875700e-01 7.759559791373538129e-01 -6.623625412641873100e-02 5.848874593913632181e-01 5.816755681757757035e-01 7.381736957410776068e-01 7.570390808962484952e-01 5.983672359376231986e-01 1.808586368960674873e-01 4.324879246355911588e-01 5.582740973670939910e-01 6.099515448581139809e-01 7.677532151215414880e-01 4.318223566626445686e-01 7.955540792348033685e-01 3.623343845734289803e-01 -3.585549635397506513e-02 5.781838618275381148e-01 6.424819325225545885e-01 2.985413573488123196e-01 4.837926336140852546e-01 5.880035581459640559e-01 -3.972696409147812024e-02 5.691385311342254116e-01 5.732691772161985222e-01 5.760475256881100181e-01 2.654934838623183024e-01 5.850906244826477032e-01 5.811849875442660629e-01 5.946777178816183840e-01 3.939386103997068456e-01 6.822074572744681875e-01 4.480328576601798618e-01 2.966218715131486716e-01 1.613816602245223344e-02 5.636812444366942065e-01 5.881303815328287055e-01 4.446740976109163634e-01 5.191740615443907192e-01 -3.460896456466165672e-02 1.508350766189187619e-01 6.071980299438021200e-01 6.077535192552658838e-01 6.706576257146036335e-01 6.279144929928731633e-01 -3.180976418118545285e-02 5.593229767755625303e-01 6.779966934177730220e-01 8.696448566776895234e-03 2.157846697088379728e-01 5.229662143027762333e-01 5.819526960893404155e-01 5.119321061149749719e-01 7.570609785673511061e-01 6.354138028494722423e-01 6.218182062129360421e-01 5.533472997577097985e-01 7.420688250926866791e-01 2.535103312587068669e-01 8.161102206624239186e-02 4.544871584801729592e-01 5.568452086824674518e-01 5.400607248896487356e-01 5.889993067642327329e-01 5.898656220928664151e-01 6.716083289068315310e-01 5.803530744179268286e-01 4.445918459050169913e-01 8.502587627113533664e-02 5.394145225994722015e-01 1.832047475370937335e-03 6.770473408521284764e-01 5.768616459330343504e-01 7.361373240162991660e-01 1.703246200335690741e-01 -1.698171002363763615e-01 3.364496673701701801e-01 2.777468947543779154e-01 3.533775035661266828e-01 5.752050357281282000e-01 3.876008108762528659e-01 6.408823719908187666e-01 5.247155418949346339e-01 6.209346805912864253e-01 2.444673815905603342e-01
5.933123812729095004e-02 6.060619390400863171e-01 -5.964227967137110398e-02 3.277201399482983502e-01 7.252175835819990590e-01 9.168095391932350458e-01 8.344594765548581927e-01 9.292434704750600627e-01 4.606034142896341388e-01 1.000000000000000000e+00 2.019523006907200657e-01 4.631164113041550401e-01 9.093890730556587476e-01 6.213780967038778913e-02 7.631933149475284006e-01 3.759784861663030275e-01 4.835398390489866749e-01 8.731273902055234348e-01 5.395380636281519315e-01 3.821547226080791448e-01 1.402872478318685778e-01 1.254630022731051120e-01 2.254964140522631444e-01 8.504440738648415543e-01 -8.183094425171227870e-02 7.637759990772445828e-01 9.124546506773645316e-01 9.568488649966688797e-01 1.437901289680814931e-01 4.968586244591620127e-01 1.139248275220343248e-01 9.411638201806192816e-01 -5.371854966275717291e-02 -1.376896091744410355e-01 4.922960111708843955e-01 -2.563284788421854588e-01 3.155517009841099507e-01 -2.079561329479115428e-01 9.355436043774340016e-01 6.255023457447124180e-01 1.507417463564243720e-01 6.071598859347170363e-01 -8.368388029032264308e-02 8.910127750776050126e-01 1.907640068961381774e-01 6.063003269954239105e-01 6.277248032533169209e-01 9.107331651225510916e-01 1.370191274020575167e-01 1.093854535284771723e-01 9.227121983598023380e-01 -2.571434905438623741e-01 1.107079491750795758e-01 9.040508915937893741e-01 -1.954542835104895390e-02 4.023538235330615942e-01 -1.608562853302635820e-01 7.793445689481910410e-01 8.966647454766443759e-02 2.270021097886759931e-01 7.087339580372730152e-01 9.089399831228508475e-01 2.810448675503122162e-01 8.151127217207889686e-01 7.508802605032756372e-02 8.485264394871976368e-01 8.181332663310645348e-01 5.109164680527421565e-01 5.714291612810016296e-01 9.494445958724322399e-01 -6.186128670803801161e-02 9.248300335013974749e-01 8.344263214148203156e-01 5.877930222254622583e-01 -4.839412875344147047e-02 9.327601092695442242e-01 -6.466128428107180415e-02 9.311129827507876877e-01 8.888700697847052856e-01 7.107058180575781536e-01 -1.683237565661855617e-01 9.097754379918769896e-01 9.275495321248630187e-01 8.257239549791934863e-01 3.433712785951137381e-02 6.727286230624426877e-02 -2.321587540140305356e-02 5.238674919016245157e-01 -9.070953983003701704e-02 8.906508826551833291e-01 9.289501960630538457e-01 7.015684790022735928e-01 7.650691425371977106e-01 -1.714046462574307997e-02 -4.643033237692737597e-02 1.596728376267764760e-01 4.565764449427732186e-01 2.695375545663781236e-01 5.154818599882932117e-01 -8.403099479286715856e-02 8.610515925714284924e-01 7.405933348334258204e-01 7.649277931270626052e-02 3.856273438399882014e-01 8.301649366634628047e-01 7.887641939142339131e-01 9.319011566455295270e-01 3.609286948262729888e-01 9.212442067149231306e-01 8.343944984661296749e-01 5.695042005626074211e-01 5.018894119528157782e-01 8.663538142865807867e-02 1.040209266993810111e-01 9.164347188346348982e-01 8.380237827304736209e-01 7.109191596077981679e-01 9.228430468863665359e-01 8.622977687951767223e-01 9.054445621547531353e-02 9.281684705636754629e-01 8.175995197252809987e-01 -4.674110551535799740e-02 3.554664291228039064e-01 1.278001115751337124e-01 8.469096468467700589e-01 1.541466784045215643e-01 2.372913606752150850e-01 3.861927091052560351e-02 -7.330463451669171071e-02 -1.244136417835548097e-01 4.786639738359645402e-01 8.719961859156963313e-02 8.840692975533108733e-01 3.028497496035282843e-01 8.549690147711460630e-01 3.665911634312583045e-01 4.511779177017627984e-01 5.086662567761148779e-01
1.897992983158396790e-02 1.333149287072065148e-01 -4.006232121896238958e-03 4.325902429497084367e-01 1.421740156789343124e-02 3.058413416865192191e-01 1.987165274284280747e-01 2.990500505484879334e-01 7.576011839678962190e-01 2.019523006907200657e-01 1.000000000000000000e+00 8.331148896187473563e-01 3.046654408472698750e-01 7.833758311150854636e-01 9.044464363218226999e-02 2.068962464161361869e-01 4.535577328799468289e-01 3.372005364294923258e-01 5.898460981451427408e-03 7.840104715911231370e-01 1.864567755812014116e-01 1.131449128692364192e-01 7.432408961163800010e-01 5.149987915644284042e-01 -3.035227499420012354e-02 2.000892775136909330e-01 3.484497500879671361e-01 2.990058752981606394e-01 8.413294164796557562e-01 6.405549847395122232e-01 4.417469256482381423e-01 2.583853640474214619e-01 7.418783542989408897e-01 6.762489661492310233e-02 2.602954949058421397e-01 -1.593303975309965925e-01 1.450590646348388080e-01 -4.745358374525337694e-03 2.874187131841708376e-01 1.560838045568813670e-01 1.847696407149460318e-01 5.789174105920453783e-01 -2.098919784821477383e-02 3.910864034725853866e-01 1.230472200297661432e-02 1.745421042381552490e-01 5.186401864540143292e-01 3.302908688046443109e-01 1.062071952954357357e-01 3.738780163222324981e-01 3.229621245573329191e-01 -6.940477010644323375e-02 7.378803230349995079e-01 1.933166713430879979e-01 -3.182144537963395997e-02 8.656319725416373734e-01 6.126219221503510781e-02 4.049139932265902742e-01 7.726128024507079584e-01 8.911158621262179613e-01 6.683491006287729519e-01 3.246161701071195171e-01 -5.094233928168372116e-02 2.191858265721220445e-01 7.672562716365893820e-01 3.908452505612254879e-01 5.488026545267498113e-01 3.520386745281303686e-01 7.704343014229284581e-01 1.280008189843120647e-01 -1.377451968591766537e-02 3.119068268759200846e-01 4.404096565526234852e-01 1.920405453364625314e-01 6.975431622044819813e-01 3.177826809109470241e-01 -1.515109329574809705e-02 2.974199989885737416e-01 3.133512899404095053e-01 4.016426951088704622e-01 5.471754359154592517e-01 3.054088448779532228e-01 3.035498328447119309e-01 3.716018413604520454e-01 4.675968685373744771e-01 9.400571793949433763e-01 6.992657625570536384e-01 -3.138972391441536419e-02 1.049559800021897804e-01 3.099901691675959192e-01 3.179961262812061595e-01 2.393056486352382051e-01 2.809304527039258592e-01 -2.968513242724722320e-02 2.774723082266201124e-01 7.542152492333922265e-01 5.384428522262063588e-01 7.898132146014892330e-01 5.824808224032747006e-01 4.228238835875401495e-03 3.582219027993168159e-01 5.917467703480419061e-01 -7.165346593287701127e-02 1.807158125798290216e-01 3.345921946973208216e-01 3.970337150817266902e-01 2.166307242980272940e-01 8.886603309212232071e-01 3.790195815049606232e-01 3.431412959415713892e-01 5.114414793705132078e-01 7.455886699934020090e-01 2.560752642462778561e-01 -2.584417167315077382e-02 2.383882842397418433e-01 3.290554336644722633e-01 3.717970649915326442e-01 3.133315075214163636e-01 2.730373880196263481e-01 8.434706161096799937e-01 3.019889100915400526e-01 1.385242225027489837e-01 1.494628892591702840e-01 5.455149752548131836e-01 -7.029061894190014211e-03 3.898310259031763092e-01 7.421327535507248330e-01 8.903478381937608432e-01 2.893189343279497505e-01 -1.487355106449436692e-01 5.755770191460454210e-01 1.652490410555135236e-01 3.704286629592971058e-01 3.140694994093347070e-01 4.336662345309981736e-01 4.123362157036597475e-01 5.178627527642361006e-01 6.234024235479606046e-01 2.174122112927365791e-01
