1.000000000000000000e+00 3.957359128233871037e-01 -1.419526225878939805e-02 3.079039309199399499e-01 -1.518967227065653458e-01 1.502267010538574921e-01 2.012986221226679695e-01 1.400013427246538655e-01 1.535159885420623316e-01 3.469005200040289894e-01 9.060724942039297125e-02 6.309534643611039439e-02 1.655044490254174994e-01 -1.783949709838104219e-02 7.930075085097870735e-02 2.156280785897224939e-01 4.468416345892881059e-01 9.024825194080410284e-02 5.013291634039717115e-01 6.064162062078035792e-02 1.950423466607628942e-01 2.590264472292181930e-01 -1.393527224588571867e-01 3.149929805786259585e-01 -4.275153020250938019e-02 6.117663051000877816e-01 2.146249048742241428e-01 2.016372449400644640e-01 2.673182383698392145e-02 5.731604158604821503e-02 1.034281547194552953e-01 2.436678555812618607e-01 4.225180660627358975e-02 -3.375789042697320552e-02 4.401364941982428003e-01 1.442171272281383698e-01 1.360537348234111543e-01 2.056184156735851309e-01 1.687488666183820651e-01 4.122333268115685456e-01 2.321264414671748710e-01 4.700050872304166460e-02 8.516515046089208341e-02 1.850843358420040663e-01 7.456590835559431252e-01 3.632424207589000087e-01 1.694560948465202721e-01 1.306612256644725245e-01 7.049755506413228900e-01 4.576113524289796008e-01 1.061739766198490920e-01 -6.699345765019625032e-02 -4.397133579055721719e-02 4.268843187871862455e-02 5.507519327129377640e-01 6.000385850515297520e-02 -2.212394315117239274e-01 4.058253202372165136e-01 -1.167730400819463367e-02 1.544977771436207292e-01 3.869320338563481121e-01 1.398097312151583282e-01 2.138374076160196036e-01 4.863868762062300566e-01 -5.364422718128836198e-02 3.212708131901790831e-01 3.078981664808527752e-01 9.868400159996928989e-02 3.391634534381193777e-02 3.254101662757967195e-01 -4.985485572067209492e-02 1.277148308728525694e-01 -3.395070801995555415e-02 6.197399734941932969e-01 -4.017301881295508303e-02 1.776981598148965058e-01 1.027506226002821224e-02 1.491596699240608503e-01 2.076675304473367123e-01 3.993787970608392301e-01 -1.909704173080515321e-01 1.293982088762798410e-01 1.380221470985809606e-01 -7.119834304213201737e-02 2.861403092726764186e-01 8.970279602385777817e-02 -1.154522506938710641e-01 1.949552651168291739e-01 -4.608712180518771684e-02 1.515115169807094431e-01 1.453273471993917210e-01 4.881153414365494991e-01 8.249381506850753110e-02 1.808684656755459863e-01 6.174697615953127217e-02 -1.335421185577279589e-02 5.788115994681683300e-03 -4.736501418928393964e-02 -1.545614170587860381e-01 2.173804575981688747e-02 1.277801132630709546e-01 1.409622188197986459e-01 8.362340607453100372e-01 6.036079160995841963e-01 6.032725280849674659e-02 5.739678384791211535e-02 7.944796190244517164e-02 1.482374277221789327e-01 1.625337783370944533e-01 2.632300549067417283e-01 6.255650380650202083e-03 -4.234457370781171542e-02 1.472485792529968085e-01 7.946151023166174721e-01 4.042570938419818849e-01 3.321875826346929600e-02 -3.129615979522598537e-03 2.007451329870942602e-01 2.154557631703071241e-01 6.268157141075557381e-02 1.773894415741993635e-01 8.680563513120135438e-03 -9.119438931634439582e-02 -3.797408516539828305e-02 5.835452660138755743e-01 2.273831453540896275e-01 -4.092504334197703125e-02 8.164083727652468592e-02 4.352727084507324595e-01 2.712322595835301581e-02 -9.974595029752271469e-02 6.409295771092175797e-02 -3.411659075703234872e-02 4.419286544696796049e-02 3.633832060601481784e-01 2.760069910184615449e-01 4.342974093012041958e-04 3.093335634043649085e-01 2.115955606936343880e-01
3.957359128233871037e-01 1.000000000000000000e+00 1.048372075241432201e-02 2.654850855241933649e-01 1.486567448709415484e-01 3.980494024060302616e-01 5.215123345060319604e-01 3.129362721818162441e-01 2.336103497413272445e-01 3.234765916985565259e-01 2.154597564091036976e-01 1.974255708711156188e-01 4.520747469469910129e-01 4.485010977813778943e-02 2.199541593570277231e-01 5.802525890529405643e-03 3.879004712377384090e-01 4.734541083727665800e-01 5.601256785743932154e-01 2.065269876086607004e-01 3.774906354008502607e-01 2.862750577201475521e-01 1.771525970468916800e-01 4.182064137546608329e-01 -6.343558007093264353e-03 6.409930892706897643e-01 2.999294778912059423e-01 3.340135325535948385e-01 2.396263453968456025e-01 3.899108705492745353e-01 2.499761172059832559e-01 3.467426091846974034e-01 6.655795039710374339e-02 -1.223243507428940224e-01 7.019344939044050991e-01 -9.817688370203270579e-03 5.416700030473308169e-01 7.161389075622130729e-02 3.281918778210489718e-01 5.992094842927081499e-01 3.704313730731580989e-01 2.264581847491360933e-01 8.166168824511654822e-02 2.633537863823134373e-01 4.568477268317086559e-01 6.327137746883062519e-01 3.390284302917179193e-01 2.777288043880138946e-01 4.025789258214861333e-01 1.536721624036496980e-01 3.037204922298211152e-01 -6.421698774917686259e-02 9.626723993081942599e-02 2.394089096643082226e-01 3.078154909652365268e-01 2.575478906319082495e-01 1.087394506074682021e-02 4.922528764260087897e-01 2.228762055119672125e-01 2.425997390276068977e-01 3.255037819729227344e-01 3.987292305431876516e-01 2.922740205806112490e-01 6.841148943560135809e-01 1.429432895376248902e-01 3.598639911112447853e-01 3.464546586379049220e-01 9.873042133100759510e-02 3.018438808049114241e-01 3.338612151509443571e-01 -1.279388885667325296e-02 2.850859043210888233e-01 2.877216256405633610e-01 7.087873718130043299e-01 -1.017302765777296572e-02 3.464112461311690261e-01 5.773572421216470463e-02 2.944293800182589127e-01 4.460833557725987220e-01 3.620889379289480292e-01 -1.194611294240899707e-01 3.943001911698890138e-01 3.142990397297168448e-01 4.003083724402478616e-01 1.214860474505846250e-01 1.419364829389042904e-01 1.377311475611823523e-02 2.115784915465362681e-01 -3.482537010149333589e-02 4.655195649174672101e-01 3.127937520000823035e-01 5.437301619202916658e-01 1.766612889930689045e-01 1.724455418438946008e-01 1.837207157401345992e-01 8.122690588732994765e-02 2.039954299920058445e-01 2.415720092052422996e-01 1.632977147842532006e-01 6.667325871006669902e-02 1.736844474656686343e-01 2.425449141488369986e-01 3.379294342656246064e-01 6.328402440032186993e-01 4.091954442124480229e-01 2.072373344028310416e-01 2.343129986460861236e-01 3.359626728281421282e-01 3.287047832264952674e-01 5.084218742467506713e-01 1.593587029674823352e-01 2.255744531604801928e-01 1.448049143834835850e-01 3.325539312188361407e-01 4.766589845426564831e-01 1.472176409383658124e-01 8.500400358742429829e-02 3.810727576437238917e-01 3.572738632519884550e-01 1.149838015390583640e-01 3.662126255659877705e-01 2.256386742528583220e-02 3.890134091737272592e-02 2.928438759634517941e-01 4.178292355827135651e-01 2.235467777080877294e-01 9.525089014624363304e-02 2.517891259655340996e-01 1.955349941525642010e-01 7.519274628926855830e-02 3.376210661360935783e-02 4.915921200322183049e-01 2.288172937703621679e-01 4.487835262933196345e-01 2.049422124101781262e-01 3.849348649518796739e-01 3.598044824976430467e-02 2.588834556034451673e-01 7.013437722588786727e-01
-1.419526225878939805e-02 1.048372075241432201e-02 1.000000000000000000e+00 2.547490227780245808e-01 -4.626893808543618147e-02 -1.734243729260051547e-01 -9.188591047674650458e-02 -1.636466044210781456e-01 -7.188801917675843867e-02 -2.450297250000147906e-02 -1.455329615819738742e-01 -1.134300026649414372e-01 -1.478514827621410233e-01 -1.767216413827504828e-02 1.466200767000329017e-02 -1.739072606017418587e-01 1.599129481769713812e-01 -1.228721805397597205e-01 -2.105176229413603384e-01 -5.662306176636224680e-02 1.110160359834007904e-01 2.427167381861553008e-02 -7.015003566133612423e-02 -4.824215002487773629e-02 9.589041221269438697e-01 -6.904733829928118294e-02 -1.600851843535297525e-01 -9.947774086642338642e-02 1.137246251970748176e-02 2.678248144205370718e-01 4.652768426726166529e-01 -1.634711356144756267e-01 -9.626008654814036114e-02 1.001867193989719636e-02 5.204924298711255393e-02 -1.264262689142052198e-01 1.172095957272779598e-01 -1.371907424180430699e-02 -1.513292521648843536e-01 2.858436613767840681e-02 1.216263858072837711e-01 -3.182069429804183607e-03 8.260866698699622646e-01 -1.165058234458717645e-01 -6.038971368488632368e-04 2.055944835673149951e-01 3.649158186478815291e-01 -1.466272516756353395e-01 1.414612927328644520e-01 1.235744522261340989e-01 -1.779926673699235018e-01 1.681171605940479097e-02 3.541619833858224847e-02 -1.565457693507670001e-01 1.385778917505697261e-01 -7.718717197119311091e-02 -7.460424733475967251e-04 6.961096330282356970e-02 2.064743463671279283e-02 -1.132180575467957445e-01 -1.282729292507451269e-01 -1.813315093324638361e-01 1.052211039558454131e-01 -1.119332234934432152e-01 4.535607681402299696e-02 -3.277043325128856793e-02 -1.247822391907245504e-01 6.304793179907056122e-02 -4.690245510851080019e-02 -1.638925646752419432e-02 9.501821503008844871e-01 -1.174676094857985964e-01 -2.193866509056643932e-01 4.269520899343656056e-02 -4.834344153085144702e-02 -1.272613252648260307e-01 9.528516082976560275e-01 -1.421265888136382660e-01 -1.012647780565220923e-01 3.415920417054511826e-03 -5.565532373078459216e-02 -1.769109160306741313e-01 -1.635343185275202615e-01 -2.341663819281757097e-01 7.298519949401890972e-02 -1.262495524929922452e-01 -2.522364892199607800e-02 8.593635491979585705e-02 7.491668088386344015e-01 -1.238473667829047553e-01 -1.472191497840080465e-01 -1.447189591662575991e-02 -2.367626590033851952e-01 8.853476381381167326e-02 5.455216314794290033e-01 -1.685954369091402505e-02 -6.356506938665032469e-02 -6.016467747960374535e-02 -1.765016295424752524e-01 9.309371314793939423e-01 1.212531273010075710e-04 -1.389601182142376490e-01 2.009495323758761498e-02 5.439391279893551756e-02 -1.551509080277377883e-01 8.022354232922666861e-02 -1.884030445514365548e-01 -6.355807891401432652e-02 -1.128789467645291700e-01 -1.803216031608399494e-01 1.841542614055356464e-01 -8.119740347523254909e-02 6.153687557563236599e-01 -7.298344122595255834e-02 7.808788609446437427e-03 -1.928105094801287403e-02 9.954609125789030954e-02 -1.699956916540646401e-01 -1.972013577885666780e-01 -8.750464738050049707e-02 -1.690264583815264399e-01 6.890501023670415892e-02 9.127232146382908695e-01 3.000132289379296990e-01 8.430163155687145360e-02 -1.711645911549310450e-01 -5.751246823519890958e-03 -3.499231404174297372e-02 2.514615458220545441e-02 5.955863033929464923e-02 -6.896761630514121333e-02 1.036652964818184364e-01 6.642598284086643767e-01 -1.886689916373787135e-01 1.620832982345293827e-01 -5.907868799743367511e-02 -3.533608730060108782e-02 -6.408182044024916812e-02 7.491343524991241065e-02
3.079039309199399499e-01 2.654850855241933649e-01 2.547490227780245808e-01 1.000000000000000000e+00 -7.292006843658521698e-02 2.076619702009296353e-01 2.764644491527519787e-01 2.609865346527880381e-01 4.102405474756147252e-01 2.370861766338767107e-01 4.169005181915433900e-01 5.525074395200423316e-01 1.836613571964736402e-01 -7.731741107478290465e-03 9.681816942316202879e-02 -3.158160173490981437e-02 8.669728649506082130e-01 1.342949169418070077e-01 1.884524490433241994e-01 4.047596261187152433e-01 1.965836242946020218e-01 2.727852020968163926e-01 1.258057253624022820e-01 5.554036385893772465e-01 2.318040487928178517e-01 3.045266251708661498e-01 3.424647083819426507e-01 2.657467890322819382e-01 1.746209058926187496e-01 6.689595436632369552e-01 7.382996916748076899e-01 2.715643694221215876e-01 1.607860292359604704e-01 -2.595853680030520416e-01 2.031171017196549133e-01 -1.365824619628083214e-01 3.158570868821642952e-01 1.708113083071961247e-01 2.643672820682900215e-01 2.694111873129689250e-01 2.226698928085184548e-01 6.493576683729266330e-01 1.414820475459150628e-01 4.179849176622087437e-01 1.930514253600487118e-01 3.161008328236226683e-01 6.801172221236276849e-01 3.291459775083931949e-01 2.647641627477578807e-01 8.178523206827424952e-01 2.679765300153399421e-01 8.452624344815326540e-02 1.456716343704961237e-03 1.567590257880970839e-01 1.899632516055876352e-01 3.411684049372103456e-01 -9.211103532193957999e-02 7.147628304385362785e-01 1.541606962337166153e-01 2.682944832989619943e-01 5.412739106310839876e-01 1.907725123890363639e-01 2.113017631935859286e-01 3.043114665347157466e-01 4.433372274408189234e-02 5.227755868034320574e-01 5.323040156123860500e-01 3.248750634951537153e-01 3.824038025381901185e-01 1.015065038379318885e-01 2.618249345564446218e-01 2.814441492691450719e-01 2.496891447108117723e-01 4.158774701014499309e-01 8.242084428631427095e-02 2.832863068501946247e-01 2.163513638923948434e-01 2.822889762620175436e-01 2.224447598354807876e-01 6.907623985581147208e-01 6.513132299048247920e-02 1.731159710786830397e-01 2.760010034916564603e-01 -1.611529131977194190e-02 3.837007420243944145e-01 2.891688879734554130e-01 -4.148982884728840553e-02 1.924461380174914416e-01 1.017209713969088603e-01 1.316238099927750094e-01 2.853531222197990269e-01 3.141072670846805082e-01 -4.436852361765877481e-03 1.151199215105344759e-01 4.754289271021308605e-01 -3.397331519817958778e-02 1.863412423057245193e-01 2.059656545569735486e-01 1.602455768848642936e-01 2.593289743831013183e-01 3.285417941298452993e-01 5.629390376852103639e-01 1.975048517920596214e-01 2.704995061697914593e-01 1.944650355207230286e-01 3.862184645107550884e-01 2.212262450186076868e-01 3.991786728383791560e-01 3.490060300250644731e-01 2.253883497725163443e-01 1.829333866792387242e-01 2.580813114092530003e-01 3.979331827142160716e-01 1.758405769393002194e-01 2.344954448029845651e-01 3.061407440464725127e-01 3.076728630988319058e-01 2.733472093035144712e-01 1.304751026699541294e-01 1.334120445683499301e-01 2.605783151862244851e-01 1.444525115302603413e-01 2.812835153185992421e-01 3.817324653862187445e-01 3.139327791506698606e-01 4.296343646503817948e-01 -6.603144174670189104e-02 2.658627804124845673e-01 2.297504054812183616e-01 3.418744593138765830e-02 -4.743367178401260154e-02 1.586052597008069942e-01 4.951929815802255108e-01 5.814310815758592238e-02 8.856830201831193961e-01 5.808982852661424001e-01 3.711032789786695707e-01 4.391488772381610950e-01 3.057646253735114561e-01
-1.518967227065653458e-01 1.486567448709415484e-01 -4.626893808543618147e-02 -7.292006843658521698e-02 1.000000000000000000e+00 4.572326518994990208e-01 2.087531004801617962e-01 4.152942354918839341e-01 1.084206553727587174e-01 3.927889789546240573e-01 3.779814814446983556e-02 1.383076179561654462e-01 4.726150821901036747e-01 1.720055235805294583e-02 3.932119710501377208e-01 -5.705487596332159623e-04 3.537977151474665932e-02 4.228592114969222382e-01 -3.469896899758544151e-02 4.613612125131753838e-02 -1.570612068554355645e-02 -1.136284278998469510e-01 2.966394068807282069e-01 2.681182237767212873e-01 -7.765906515516983466e-02 1.446915583060914279e-01 3.393926416292360471e-01 4.559221036845370056e-01 1.224142336470739056e-01 1.555171976045393867e-01 -6.136675799985764901e-02 2.929188694207368049e-01 -1.801775738292454116e-03 5.453879910810708123e-03 1.657276525714062032e-01 -1.673020215467421745e-01 7.907711591671433282e-02 -8.003311700612340818e-02 3.794581379197364268e-01 1.136153143303610946e-01 -7.505352945521646946e-02 1.813012965840124224e-01 -7.082697533815970892e-02 4.022069073819730667e-01 -7.353869491184936158e-02 2.680442268687058816e-01 1.415396359094830414e-01 3.751284193945615963e-01 -1.275701288491541407e-01 -1.633978350475264740e-01 4.097656776936663969e-01 5.659683742942425017e-02 6.556157730940453954e-02 2.492931467038756455e-01 -3.042801385781608234e-02 1.837773956880203174e-01 -1.149013369572133569e-01 1.801774129727144735e-01 1.140342292074408154e-01 6.749796000638161320e-02 7.968140398456795281e-02 4.393833103168635068e-01 1.514578411376473754e-01 2.043804521141315556e-01 8.443711791279537304e-02 3.151859807201560781e-01 1.823956051079690666e-01 -3.747793136973971706e-02 2.046335470239652177e-01 4.354961191635057238e-01 -3.944644899823246398e-02 5.214830846260277708e-01 3.925217596806822029e-01 9.688200988782810774e-02 5.166527235666815848e-02 4.336566887224539424e-01 -9.054752535274798730e-02 3.991526700716528930e-01 4.330926638180662702e-01 8.776737045246382762e-02 5.224419468773057462e-02 4.894795229700689698e-01 4.217815154768345676e-01 3.253656154149767721e-01 -1.384032046024144536e-01 1.486991616787295203e-02 1.013716157977907484e-01 1.522665416923085768e-01 -1.425335002052028621e-01 4.890212370102977602e-01 4.117979603155415558e-01 1.783321309858087456e-01 2.289555146589693779e-01 -1.804535907114476062e-02 -1.415976258070144322e-01 1.264183476137209772e-01 3.791238439267615723e-01 2.357017839357045119e-01 4.160348932236463959e-01 -3.689664955228073168e-02 2.165560291415116745e-01 2.772383276762434012e-01 -1.958704864807388757e-01 -3.039158588396588187e-02 4.009296799129987154e-01 2.333859208125456663e-01 2.737517128100938058e-01 8.057722740737341405e-02 4.504695686766725382e-01 3.568072250983707061e-01 1.003334046168714300e-01 2.814890095962746530e-01 -1.314469496307193452e-01 -1.303097728880717177e-01 3.521448990857414252e-01 2.642396183787855679e-01 1.420946093933875276e-01 4.210566151752709874e-01 3.817574693749979931e-01 8.468196435975061664e-02 4.030157415594478598e-01 3.196837582812032119e-01 -1.756876510427533844e-02 1.422884863062614524e-01 -1.086643864001243243e-01 2.340076969640639548e-01 1.090565218642189915e-01 1.351299820551918329e-01 -5.621029835407557324e-02 1.486730962202718054e-01 1.319014664498217027e-01 1.988044949851613674e-01 2.021274593363560010e-02 4.918608549084683146e-01 -5.173966770867625964e-02 2.945973913152628576e-01 1.374481203908029317e-02 6.021264756621185973e-03 9.468228025048217034e-02
1.502267010538574921e-01 3.980494024060302616e-01 -1.734243729260051547e-01 2.076619702009296353e-01 4.572326518994990208e-01 1.000000000000000000e+00 7.480440513324759788e-01 9.758995851382064046e-01 5.014907376071036094e-01 8.013341857212216146e-01 3.366908535765450461e-01 4.889266254121052424e-01 9.870412498726764960e-01 9.671836502705195848e-02 4.420966838998186543e-01 2.297216176568969426e-01 4.153456309182032014e-01 8.910134086547421006e-01 3.742898201673562353e-01 4.331086269163165747e-01 -4.168013308320030197e-02 2.712699178835692622e-03 2.328627262207478010e-01 8.209019222062309273e-01 -1.949556747237853327e-01 6.009701850485328345e-01 9.217730392668885830e-01 9.553633508368299943e-01 2.390168925045299542e-01 3.848795205060631663e-01 1.132895828648064762e-01 9.090227237580361663e-01 2.001466451887717324e-01 -5.073199876537376474e-02 3.702102870005054558e-01 -2.752503284243721371e-01 1.041669672605370495e-01 9.431848891393102008e-02 9.573278335156057972e-01 5.882068731582827947e-01 -8.897882123242403796e-02 5.161738373880767616e-01 -2.063264005552091773e-01 8.585287162082109180e-01 1.675837946555090441e-01 4.608253883294652908e-01 5.274575912226450169e-01 9.521627768724145735e-01 3.764755825015771162e-02 7.548848556916443187e-02 9.722221973081163204e-01 9.282596283719560248e-02 1.259437479756424505e-01 8.522566231779074020e-01 1.039390602585974210e-01 4.474434944530277791e-01 -1.292322087139796960e-01 6.241699157806601672e-01 2.091847742618087869e-01 3.283013348864396441e-01 6.309064000845984177e-01 9.823972610824185381e-01 1.522916346563033263e-01 6.288789410851225448e-01 1.228709592790428323e-01 7.678588923907392338e-01 7.413357221508344308e-01 4.195385094018427852e-01 5.367802842927081874e-01 7.523792483519998742e-01 -1.630320007247602621e-01 9.225377379438288727e-01 8.015535988370217080e-01 5.589192304949567314e-01 7.050523638140973604e-02 9.709765417088908057e-01 -1.987563007313760122e-01 9.620729737119843028e-01 8.820368133020325407e-01 5.369282053920376718e-01 -3.900237072413183237e-02 9.920020341289601529e-01 9.738167903064487430e-01 6.233767214971308590e-01 1.353677305146489540e-01 2.678232783116921700e-01 4.481033173348407395e-02 2.724786623361869498e-01 -1.445971289808309357e-01 8.744397186209296180e-01 9.679670619080734673e-01 5.995043993722706244e-01 6.895216835046624748e-01 -1.644008017774248320e-01 5.284276664670133072e-02 1.301494594798320859e-01 3.434952726499856390e-01 3.465948743122533315e-01 4.267723671524393803e-01 -1.296868669013366560e-01 8.020506717851869638e-01 7.341532863084956340e-01 6.488341616538755019e-02 2.335973445528878867e-01 7.737781709496684979e-01 7.086382755063651562e-01 8.928550103138481742e-01 3.960663226891304456e-01 9.249813877816525087e-01 8.710644980861493858e-01 4.575023801666467382e-01 4.679357979025565162e-01 -3.093539094331024947e-02 1.025858540906176841e-01 8.318536108520543371e-01 8.153846614393854830e-01 6.119515416759385706e-01 9.889411351054546717e-01 9.224430348682410852e-01 2.327628435262834028e-01 9.854964947536630770e-01 6.211309979440200468e-01 -8.516084149510738666e-02 2.360108992599908029e-01 6.919496501026616009e-02 8.293388932642272726e-01 1.403545557273207234e-01 3.465320024991887515e-01 1.838947829867320638e-01 -2.499339325805783468e-02 -1.587741461678337379e-02 1.784182006318602021e-01 7.902835887907634638e-02 9.048243241756320776e-01 2.701966760865163741e-01 8.102446200057306092e-01 3.435197539017059709e-01 4.100187035234045818e-01 2.941894673236217228e-01
2.012986221226679695e-01 5.215123345060319604e-01 -9.188591047674650458e-02 2.764644491527519787e-01 2.087531004801617962e-01 7.480440513324759788e-01 1.000000000000000000e+00 7.345049778325158929e-01 5.447639273471521770e-01 6.337006067202084481e-01 4.200026120064094814e-01 4.400193523884365909e-01 7.563780500236411131e-01 1.913661010512662242e-01 4.253891524507634192e-01 1.899861765510978823e-02 4.225083065352334133e-01 7.921463926467608996e-01 3.922818172518295343e-01 5.318410182225632443e-01 8.170331716925506582e-02 9.473474412413007695e-02 2.566215822269298785e-01 6.996343670912198442e-01 -1.289696737597771647e-01 6.069549247502945555e-01 7.414997009936847849e-01 7.088025319261861412e-01 2.558485420583849201e-01 3.409653110899026340e-01 1.315860010013456538e-01 8.141958324077475107e-01 2.849360942473165847e-01 7.392255819265874939e-02 3.096006084926046231e-01 -2.255482343700762615e-01 3.317577112189794564e-01 5.899394325644453929e-02 7.849264079406436112e-01 6.514256946818726135e-01 1.090910780914237932e-01 3.597097091283366632e-01 -3.323021145027463957e-02 6.622323783562096278e-01 1.255203786420385770e-01 6.253330033110611197e-01 4.801517879922897469e-01 7.279318857462573344e-01 1.470623608670106053e-01 1.818239412915709785e-01 7.289679408941204253e-01 -1.835547367477777193e-04 1.896295614140934560e-01 7.233404025218735933e-01 1.935926157176878770e-01 3.939158309955245740e-01 -7.376726439184640161e-02 5.447663186719060580e-01 3.144190160325966987e-01 3.721469642286486801e-01 6.809457761628932015e-01 7.326864511486386178e-01 2.152437026272295273e-01 6.059757679733792646e-01 1.779597547229123111e-01 5.804964661526621494e-01 7.351072094767276965e-01 4.595065807991720597e-01 4.356715117017941341e-01 5.347200254337139969e-01 -1.164349300649327457e-01 6.376038643502199843e-01 6.057894945279134191e-01 7.261257923022572669e-01 2.028675173885148286e-01 7.368966244828142331e-01 -9.556263067820279511e-02 7.399366561905986739e-01 6.136799364242160326e-01 5.474171720820051323e-01 6.676065571669001497e-02 7.198377530411940173e-01 7.420080624374199019e-01 4.099920906165462897e-01 2.401513824730284463e-01 3.631275449631304886e-01 5.917658726059567276e-02 3.865939359129922370e-01 -1.931359945226576030e-02 6.313413061519353997e-01 7.302402921961794746e-01 5.217335878800679616e-01 6.352257990405248966e-01 -7.181926980088162993e-02 1.113359285569249513e-01 1.591536785179655800e-01 3.174433582895282435e-01 2.514352763371315302e-01 3.102363413390603619e-01 -3.613425059705351744e-02 6.371351838651010402e-01 6.022974085193688598e-01 8.695067307110969368e-02 3.413265186844750554e-01 6.436265400158832639e-01 5.049908913121982090e-01 7.167361345614688961e-01 5.045055185650462182e-01 7.154449950067033326e-01 5.610209985469388760e-01 2.968528359289801521e-01 3.212544988830360326e-01 9.973369233775079834e-02 9.805695570881570178e-02 7.212453871925170734e-01 6.221436579597707794e-01 4.171205301128594334e-01 7.597963140762417078e-01 6.210448177101943745e-01 3.210188700706319564e-01 7.587713428422020456e-01 3.140944252774401924e-01 -3.006735645476286273e-02 1.814324832841905932e-01 1.699401242423844716e-01 6.853699521041130005e-01 1.381969164175626541e-01 3.385573522977636252e-01 2.704879957611029395e-01 -6.988560766856119488e-02 2.218933439177735861e-02 3.354212267112531842e-01 9.814209018209500701e-02 6.608093018482631420e-01 2.650848531809084641e-01 6.608255319369448211e-01 1.885108110677121973e-01 3.792795201729595167e-01 5.399357431262787888e-01
1.400013427246538655e-01 3.129362721818162441e-01 -1.636466044210781456e-01 2.609865346527880381e-01 4.152942354918839341e-01 9.758995851382064046e-01 7.345049778325158929e-01 1.000000000000000000e+00 5.426483656900864538e-01 8.255799673838503105e-01 3.279782350855432460e-01 5.211148252282093996e-01 9.448531701105669089e-01 6.084261383460051048e-02 4.318612498432377045e-01 2.188411240711305994e-01 4.540385215396664509e-01 8.231154090282082336e-01 3.291842312661329983e-01 4.529915449517042947e-01 -6.817810666951776288e-02 -2.019837156836735287e-02 2.092712193662600306e-01 8.504369163699662115e-01 -1.815476263707100357e-01 5.820903678977248363e-01 9.722879779554481905e-01 9.778860644830466020e-01 1.930218413927576870e-01 3.917238983380423867e-01 1.321409996662749331e-01 9.472790162128070790e-01 2.034414598888831804e-01 -7.344367766142016751e-02 2.854962179461889571e-01 -2.923978642323915578e-01 6.641407073148013207e-02 9.699775786543034239e-02 9.890242217231886013e-01 5.732200699917427977e-01 -1.056714933752188612e-01 5.536499783764041727e-01 -1.880588489482558079e-01 8.846244996727593568e-01 1.159020032309723280e-01 4.278357776892665609e-01 5.570922360391643569e-01 9.781959074534105625e-01 2.415954952444864662e-02 1.263231592501389555e-01 9.922809572745624473e-01 9.998313017934265523e-02 7.338453706022776690e-02 8.703365586060902714e-01 8.364728058557589774e-02 4.397722069532218336e-01 -1.659582735714978663e-01 6.690357230234345032e-01 1.756751338611603763e-01 3.096397284996231236e-01 6.875498981781194008e-01 9.493891824074005559e-01 1.278271350796791883e-01 6.035760997375831938e-01 7.915132921255248200e-02 8.266532567141762211e-01 8.118239711601058506e-01 4.444411997796223202e-01 5.261164640548708915e-01 7.560422975752719710e-01 -1.516118738510960628e-01 9.455081988225531031e-01 8.016330127171652498e-01 5.458552290328952949e-01 5.112763162242624226e-02 9.934029944722748695e-01 -1.890925956100103777e-01 9.960001617777749505e-01 8.404979179516824939e-01 6.067507805866136916e-01 -4.782381874134598865e-02 9.615013319096693545e-01 9.986225646670108258e-01 5.292069502828711247e-01 1.703351113111546133e-01 2.591721557036351098e-01 5.997898594260440107e-03 2.810335653161328828e-01 -1.172297029401211388e-01 7.941411312718280602e-01 9.975371107769014367e-01 5.545066387238273276e-01 6.456143511892500353e-01 -1.837361231553595320e-01 7.042637276048213657e-02 8.163099069949057707e-02 3.589696684011218220e-01 3.043034152690559102e-01 4.246650916915314378e-01 -1.132338540363193591e-01 8.367416985987180533e-01 7.741615922539668571e-01 4.601599866870469124e-02 1.807091744216932083e-01 7.089633609974120843e-01 7.214294972936334815e-01 9.368553103639822854e-01 3.822266632253230045e-01 9.550700144370116718e-01 7.998574093774794003e-01 4.508141399806532834e-01 4.498822448960161924e-01 -4.605025513972288778e-03 8.428897584136521570e-02 8.139072801752258446e-01 8.502615524521937029e-01 6.314872419559662831e-01 9.885527190166680800e-01 8.758185246406127167e-01 2.043288158492315154e-01 9.936657276609706102e-01 6.437541284895262894e-01 -6.554343312903326835e-02 2.154882889860791073e-01 5.986699614384490692e-02 8.823015806311904630e-01 9.750085856624397807e-02 3.082991859317965044e-01 1.828443827758898521e-01 -8.799243138543031209e-03 -4.310089304149136713e-02 1.277149415962421652e-01 8.644435730241098459e-02 8.199242878579562355e-01 3.184621288956960283e-01 8.652289679876521422e-01 3.598902156585743195e-01 4.451334916025750377e-01 2.488200304734569657e-01
1.535159885420623316e-01 2.336103497413272445e-01 -7.188801917675843867e-02 4.102405474756147252e-01 1.084206553727587174e-01 5.014907376071036094e-01 5.447639273471521770e-01 5.426483656900864538e-01 1.000000000000000000e+00 4.057748129696553963e-01 7.117257432585324395e-01 7.759941323085182141e-01 4.827560017715414320e-01 3.417768523345923182e-01 2.377756713100188102e-01 6.591278468625391684e-02 4.655934849043400492e-01 4.523192650109935653e-01 2.649960080632389192e-01 9.352212030878332971e-01 8.633268265355850679e-02 1.970403860167290189e-01 4.009865752399118799e-01 6.379584004327785163e-01 -9.337104262902300167e-02 4.693507534852655594e-01 5.771859441465120311e-01 5.157320885184818460e-01 5.072242470708520079e-01 3.809144100135872790e-01 1.934549835131217921e-01 6.022374744643713695e-01 3.833565683945404645e-01 -3.274095405223292343e-01 1.925661794097640322e-01 -6.233152494351468231e-02 1.756270042587790015e-01 1.332607865701238015e-01 5.734760336071902387e-01 4.513594770050282645e-01 2.990365430947304962e-02 5.210588461711167518e-01 -3.147570683039219164e-02 5.090872706369033995e-01 1.138141841779378993e-01 3.142386478129626237e-01 4.875565787596241596e-01 5.551267187754658217e-01 9.608098471979548139e-02 3.406484657902092428e-01 5.590615533613900734e-01 1.325049293946097273e-01 2.930614445272590740e-01 5.361852718247120952e-01 6.421500496923730761e-02 7.479702140745999595e-01 1.472221946129255096e-02 5.010511829765121883e-01 4.819335763519178029e-01 7.051594056605166028e-01 7.705198804359232323e-01 4.986382024300096139e-01 3.183139493331153536e-01 4.318113722452173175e-01 3.008827741205432615e-01 5.003511937465657811e-01 7.944545411472625496e-01 2.589033748732514906e-01 6.602699100439890501e-01 3.552934373840921367e-01 -7.278684716178047964e-02 4.937152305215698478e-01 5.771525183831887063e-01 4.929237868965648528e-01 3.958495598896220602e-01 5.463218798747302429e-01 -8.901575272170383912e-02 5.473997266985275445e-01 4.780085903938527947e-01 6.175550873703606891e-01 1.177429943782414973e-01 4.837408685985510326e-01 5.470894274141875346e-01 2.507915219723370059e-01 4.364423245024862119e-01 6.115621681178833313e-01 1.656995259390271480e-01 4.423758018638309086e-01 9.422474102890659661e-03 4.091494090618056911e-01 5.566882479193018263e-01 4.860773154765730131e-01 3.531748561884998638e-01 -8.634527804955836883e-02 6.960866008940666538e-02 3.829366847067298685e-01 2.774042577611035010e-01 4.888200081549795017e-01 5.011706022047929254e-01 -2.252739450184812128e-02 5.004649321425391761e-01 6.249729117458810990e-01 4.134224933239287469e-02 2.117101817784667050e-01 3.943275133991986370e-01 4.074884181159834640e-01 5.695644688274013046e-01 7.226343656319028641e-01 5.955479512085044558e-01 3.907882447299823037e-01 3.020741398051555171e-01 5.315193144856020790e-01 1.308023504097714507e-01 7.788621257996176939e-02 4.831730454511318773e-01 4.948514165344287674e-01 3.762568003503586334e-01 5.458833533743180366e-01 4.030981605476030016e-01 6.003005909739489443e-01 5.451892005322254153e-01 2.024555035598526731e-01 3.488890321411490525e-02 1.795451033888662840e-01 1.490931580756128250e-01 5.994619838177158710e-01 2.824427898322671160e-01 6.681026730010801717e-01 3.068931814004149938e-01 -1.215887412351017022e-01 2.202929499377416500e-01 1.786252143796790981e-01 1.271701709867941454e-01 3.966264364775542450e-01 3.594525213849805167e-01 6.137799329031748963e-01 4.090457234521882590e-01 6.212528630074622971e-01 2.385388677094850141e-01
3.469005200040289894e-01 3.234765916985565259e-01 -2.450297250000147906e-02 2.370861766338767107e-01 3.927889789546240573e-01 8.013341857212216146e-01 6.337006067202084481e-01 8.255799673838503105e-01 4.057748129696553963e-01 1.000000000000000000e+00 2.335674679820518573e-01 4.022154589403357794e-01 7.843332573059178525e-01 2.634604381502923115e-02 4.682186924150227858e-01 3.346295625273937313e-01 4.836336795181866433e-01 6.738480315183738023e-01 2.852664041190383082e-01 2.996046589669247306e-01 -1.670888013303555714e-02 -1.149862904750298398e-02 1.265687543696073780e-01 7.875457325467702940e-01 -3.382524680424608965e-02 5.350577969326397731e-01 8.341817583328342556e-01 9.022015409621539916e-01 1.723113411129724715e-01 3.456102547652696311e-01 1.499476748683163385e-01 7.926881344499620008e-01 1.400619139593271556e-01 1.830088231135789528e-02 2.728829625389193048e-01 -2.724423908193325805e-01 8.856201485185102862e-02 1.268664439735862903e-01 8.279549324040044178e-01 4.859479148566049345e-01 -1.601362192047418170e-02 4.068757348534198792e-01 -1.178559143526313260e-02 8.109770051201659058e-01 3.102928508115826989e-01 5.858805946407956711e-01 5.296794027062927679e-01 8.153410445520176131e-01 2.392915868471776064e-01 1.261628943834732508e-01 7.910779871271953478e-01 2.108474620716457512e-02 6.539165636086070876e-02 6.449304121141284929e-01 2.357946674315637148e-01 3.722041047157719218e-01 -2.759545013651321654e-01 6.037510134531092199e-01 1.562552654060629376e-01 2.986273159785539089e-01 6.569316345899897103e-01 7.576192489259987450e-01 1.539977301716852764e-01 5.023545512722622508e-01 8.243400306377209052e-02 7.649445402538779248e-01 6.985697898146937534e-01 4.876709280259241552e-01 4.301437694881778961e-01 9.100623426213794165e-01 -1.390592668116693090e-02 8.150427055332010173e-01 5.543526845480659659e-01 6.032378642268410029e-01 1.045866349091699107e-02 8.532482052913193948e-01 -1.780712182755080780e-02 8.411098305514057571e-01 6.885718611297424463e-01 5.242482087424022996e-01 -7.521889055399866297e-02 7.759162848862936057e-01 8.247203390655049038e-01 2.827504065587992388e-01 2.597372958167263879e-01 1.739174084418924626e-01 1.433872132967028111e-02 3.508536748212112699e-01 3.464599707692456176e-02 6.376373877318639583e-01 8.308753650245874756e-01 5.266825778945215530e-01 5.445633119207580197e-01 -1.809687025866771881e-01 1.658372175929571646e-01 6.950878503828988864e-02 3.605196356711998229e-01 2.436935674274832431e-01 2.411069224668903055e-01 3.564541056342453162e-02 7.694174987946011957e-01 6.585635616453124896e-01 2.915332776691730854e-01 3.136799937096975688e-01 5.365171066719839343e-01 6.650463758663713865e-01 7.023186972129064065e-01 3.110492466501544873e-01 8.426763397707108805e-01 6.665046554399640666e-01 4.389568235540929342e-01 3.419556172807954875e-01 1.330201893104453748e-01 2.906816759643162662e-01 8.807543243205643302e-01 7.166862399506515047e-01 5.464140587810695227e-01 8.197319596559655697e-01 7.583771939872184786e-01 1.825017050298170795e-01 8.145333960518449379e-01 6.714503044478081772e-01 6.287865390311010716e-02 2.069665217713979044e-01 1.619044647438688811e-01 7.746877386065602611e-01 7.224653353161483715e-02 2.604228741147753268e-01 2.064151904600299847e-01 -2.878513186332477478e-02 -6.983659088726631992e-02 9.286776796998373606e-02 1.753801822422790813e-01 6.057828599298308303e-01 3.267856946066916568e-01 7.337272734870399216e-01 3.001906801117519841e-01 4.089880517795798087e-01 2.781479762354662766e-01
9.060724942039297125e-02 2.154597564091036976e-01 -1.455329615819738742e-01 4.169005181915433900e-01 3.779814814446983556e-02 3.366908535765450461e-01 4.200026120064094814e-01 3.279782350855432460e-01 7.117257432585324395e-01 2.335674679820518573e-01 1.000000000000000000e+00 7.805173184530506125e-01 3.222901950056920595e-01 5.688339317287564034e-01 7.088827077108203478e-02 1.380711014482479959e-01 4.318975207742095646e-01 3.366221743448692405e-01 2.347165084107918909e-01 7.649066961993067348e-01 1.234201030137661581e-01 1.760352473372142623e-01 4.616422543665583689e-01 5.013495143059242265e-01 -1.470661995651539600e-01 2.745874862197186239e-01 3.588143922393086660e-01 3.090560311983137076e-01 6.041888143498032049e-01 4.817744362402961444e-01 3.478456278003926316e-01 3.568958517028693045e-01 7.258802559767210116e-01 -2.459925613894141105e-01 9.961163805611931987e-02 -5.723019835704083041e-02 1.799112352568480733e-01 6.471171972762670976e-02 3.463765789124655381e-01 2.634936826628021533e-01 1.106798869739941127e-01 3.943653057652019567e-01 -1.292114516403413682e-01 4.043133053133399768e-01 9.813678756493354749e-02 2.361586553887570772e-01 3.639990214591558026e-01 3.725535110871313060e-01 1.196046572770292638e-01 3.277175203267387316e-01 3.561286833256646078e-01 1.122545891881999020e-01 4.409275115852522298e-01 3.184041107773700197e-01 3.798974491880276194e-02 7.216447538716462828e-01 4.789482591900512398e-02 3.483741135049806537e-01 5.217652922487179268e-01 8.095855837402898825e-01 6.574538777602132456e-01 3.218706441292579212e-01 1.944188319364708040e-01 2.738274441553285588e-01 4.209068178416231487e-01 3.084079547327985837e-01 5.249408414483224261e-01 2.881846702244651448e-01 5.874102803262787331e-01 9.063469472967330964e-02 -1.321845441359584816e-01 3.022029233211486199e-01 4.377724185754464648e-01 3.527838947799862845e-01 6.020243962169353757e-01 3.364920360410498246e-01 -1.397721884040176166e-01 3.352235989462776788e-01 2.651141559647589019e-01 3.479952736034629956e-01 3.498542971915977740e-01 3.055861548785830939e-01 3.387931592835818906e-01 2.059693468272752459e-01 3.439678761400669638e-01 9.264042269506671534e-01 2.578410840699864037e-01 1.934351467393982671e-01 -2.067692589989343285e-02 2.754964706461314750e-01 3.402195188214252042e-01 2.742893941168222938e-01 2.927278084082686194e-01 -6.499351416705015372e-02 2.750389058787766627e-01 5.341074413501903928e-01 4.155775231211588094e-01 4.470233642389557227e-01 4.818538328207816468e-01 -1.166927090340218742e-01 3.371783770390029966e-01 5.598261818209638863e-01 1.494328292859401809e-02 1.979403315790844164e-01 2.973510653542786319e-01 3.101211232744818802e-01 3.194698963212952436e-01 8.827705811641799460e-01 3.863564961084905436e-01 2.879882710031757553e-01 1.857023463164075294e-01 4.556041790756810705e-01 6.928644201537607905e-02 1.236641501083912773e-03 2.696558420799756717e-01 3.382467760836182502e-01 2.582969929078246518e-01 3.492474366403098829e-01 2.751907210078131105e-01 7.741857444046863490e-01 3.421542217596028612e-01 7.389792320072484377e-02 -2.867967409970888573e-02 1.792298542994317789e-01 9.455801984048267661e-02 3.749421137782466551e-01 5.501776109023155392e-01 7.119287216599786694e-01 2.574759946780710296e-01 -1.881897761714581563e-01 4.077297265825478578e-01 1.057304250184449151e-01 1.959372663913234724e-01 2.683877731039733261e-01 3.889103215409187020e-01 3.944101243140835655e-01 3.199101892638793188e-01 3.400265667506345291e-01 2.136245904632387282e-01
