1.000000000000000000e+00 5.858798979289908671e-01 -2.259559624426887015e-01 -1.370701938858515101e-01 2.063047180561388208e-02 3.258382184526867897e-01 2.949830866463493129e-01 9.646323377054662196e-02 -2.639606568183260338e-01 5.642228994679017173e-01 -1.853224721861377877e-01 -2.988689610831894439e-01 3.588149840174845173e-01 -3.103347358797038935e-01 4.333785262667251281e-01 4.867187494337413267e-01 1.731708509388645845e-01 2.801616323596128333e-01 5.979877911236480825e-01 -2.624819450185690850e-01 3.840970404126603510e-01 4.318802430113605761e-01 -1.527417166584980612e-01 3.555424411820020669e-01 -2.063279362707878817e-01 7.102032097430722724e-01 2.245956313578593710e-01 3.670293050147843128e-01 -1.055942601737972497e-01 -1.774229534952390108e-01 -1.148647754820448785e-01 2.100747357879660382e-01 -1.971549564685124434e-01 1.519908613706088575e-02 6.588281886094238260e-01 2.189986708468363852e-02 2.919321104080697671e-01 2.212456184400785619e-01 7.757430680778108767e-02 3.006501909587718790e-01 4.776768450440934677e-01 -3.953254441070798153e-01 -2.593878653210239804e-01 2.592784091539729330e-01 8.370034885394112001e-01 5.223182804010694236e-01 -1.566787727214552228e-01 -6.664381802926608311e-02 7.847162688635873629e-01 1.305920592259885438e-01 -1.221992882186103691e-01 3.275605128736920613e-02 -2.980266236043923045e-01 -2.515935805564366579e-01 5.078998352148449413e-01 -1.225683019801436097e-01 -2.884596767837783182e-01 3.204121809314751657e-01 -2.233647797162476301e-01 -5.737328623482490508e-02 2.273792477285804525e-01 2.991810952412367053e-01 3.933519631546334994e-01 5.211882471048223664e-01 -2.891208359178584764e-01 2.066751926541524065e-01 4.735906970394128390e-02 -2.482247733456899655e-02 -1.359904274762264165e-01 6.204904674679896370e-01 -2.336494453452334363e-01 1.249094445383405194e-01 -2.992892850391735693e-01 7.298973772008319205e-01 -3.106909970098461482e-01 2.889359201684835732e-01 -2.194414211313995278e-01 2.231838508134217913e-02 4.164217819688754707e-01 1.172122738741891573e-01 -1.014063058633390552e-01 2.537031553874026235e-01 5.095355263469755064e-02 -3.850687897031509488e-01 4.125529312162046214e-02 -1.981815536771130148e-01 -2.576063208741451449e-01 4.494111894539796204e-01 -2.876257122288725654e-01 5.147862945662970979e-01 4.387939234996304783e-02 6.970532909810092104e-01 3.503753186307526635e-01 3.997570804125157307e-01 -2.190627014720941401e-01 -2.262561485253677118e-01 -1.960887679989784804e-01 -1.978331025813210853e-01 -1.555501554771048511e-01 -2.242212048941600311e-01 -5.227663498510044804e-02 -2.215984582956225246e-01 8.826090762839143844e-01 7.652258803901798023e-01 3.418957730120938399e-01 -8.178299069613130523e-02 -2.671839003001403867e-01 -1.956812956658638206e-02 1.222552771980518482e-01 6.183953883678492414e-01 -2.197209369597418471e-01 -2.008550068004006373e-01 -2.211876424786025086e-01 8.302870675184765847e-01 7.064419879369966404e-01 -2.688362072427542548e-01 -1.937160763957767318e-01 4.643628304551543629e-01 5.716619737485103547e-01 -2.430822457135256298e-01 2.993636875651057849e-01 -4.765023984947149710e-02 -1.994503208955689666e-01 -2.779808521536104582e-01 6.063141550874462382e-01 1.050937958355378371e-01 -2.869064257950449948e-01 -5.756204068846078326e-02 4.077334808633016339e-01 1.731567037373668017e-01 -2.478127323849492192e-01 2.338603241596108329e-01 -2.782293136095375097e-01 1.443285993460597660e-01 1.387956278332576690e-02 3.192116946316146155e-03 -2.022095950749611681e-01 4.056567088411689066e-03 4.365264307175962810e-01
5.858798979289908671e-01 1.000000000000000000e+00 -2.814727216632765261e-01 -1.565275785896139971e-01 -1.213764645485581467e-01 1.533055591520968153e-01 5.166454939760530829e-01 -9.970333071188164364e-02 -1.425745211329986772e-01 2.456104325962322754e-01 -1.073205290801695078e-01 -1.766353028405011627e-01 3.050484105778911159e-01 -1.966438284203289588e-01 5.420089743853307995e-01 3.220917398181845082e-01 1.931799568924796318e-01 5.161283284386778414e-01 3.975911992354451696e-01 -8.278818037337909441e-02 6.967092246453490123e-01 6.392310461756298690e-01 -1.313402353832234248e-01 3.143157558721827449e-01 -2.522258632263606470e-01 5.991632708247541794e-01 -9.891171209853166779e-04 6.901387944623973980e-02 -8.498091633840409997e-02 -1.988326868275291925e-01 -1.438044318608609484e-01 2.351176650084222108e-01 -2.209175868062493997e-01 -1.138580025415801417e-01 6.933719810384638693e-01 -9.748329038515787803e-03 6.826826977922553219e-01 4.405684223534157562e-01 6.261388388663378934e-02 5.774032017952703821e-01 7.534178137610119119e-01 -3.963693167881445767e-01 -2.818553730526753842e-01 1.620462818167252572e-01 4.825243757039244241e-01 7.654636079903065493e-01 -1.417090802569521413e-01 -2.167258657724150939e-01 7.664604650301009015e-01 -1.013799090456791036e-01 -2.316180760698798302e-01 3.000624385587140064e-01 -2.323265250174333940e-01 -1.652498513642417233e-01 6.895769021680179245e-01 -1.240497644394200627e-01 -1.571394040745762721e-01 1.025773769257225937e-01 -5.641288615653785449e-02 -4.476457113328867476e-02 1.008495437466988137e-01 1.836765435591764251e-01 5.507667034288399321e-01 4.847341881595355062e-01 -1.959625882814154674e-01 1.799445170627524473e-02 7.570351448060540223e-02 -5.176913471983459261e-03 -1.122809123887124755e-01 2.278901030891068991e-01 -2.557106885811505359e-01 -6.517167214123327501e-02 -2.833429701679682777e-01 7.797467247167598758e-01 -2.460277159602181629e-01 7.399168739829539709e-02 -2.700063180479916891e-01 -1.451880378773332814e-01 3.092558029237816308e-01 4.709628824265588501e-03 2.548886975066697730e-02 1.276021395256647650e-01 -8.325515234182097324e-02 4.346200633319743586e-03 -2.667176612907794508e-01 -1.950005112664276175e-01 -1.303725658299727808e-01 5.769869508333471675e-01 -2.791366585425992808e-01 3.402520165710866129e-01 -1.214562867949858516e-01 6.147955747825686323e-01 1.506425379941625786e-01 5.535632340817990826e-01 -1.709952923726524021e-01 -1.232542520343227616e-01 -3.091947762609149608e-01 -1.429545407605632978e-01 -1.827227682108428231e-01 -2.726822040390343704e-01 -2.757967638522021980e-01 -8.411726750084395215e-03 4.673827727700113899e-01 7.329713828496728922e-01 3.288312849958812123e-01 -1.633550144939562299e-01 -2.542911706402838368e-01 1.162631888494798302e-02 1.035839490135972464e-02 3.622910136710706941e-01 -2.719772585980371749e-01 -1.671236658559981103e-01 -1.424980158764546645e-01 4.078353178766918608e-01 5.361609013984838246e-01 -3.752583035943701795e-01 -2.627052988635750208e-01 2.482290343604127147e-01 1.786250569618534900e-01 -1.396128145250227492e-01 1.543172054663935200e-01 -1.651609892999451323e-01 -2.504132284790744345e-01 -2.170076074860368132e-01 8.272042539629467228e-01 -6.939720175175219385e-02 -1.759559636936093019e-01 -6.659995626545285596e-02 5.602627218544121712e-01 3.369358031161695521e-01 -1.562854477938058206e-01 5.889743722193805375e-01 -2.779503472613106263e-01 2.073936367691491256e-01 4.894173375690046013e-02 -1.097500512353287785e-02 -2.510671556951290517e-01 -1.698462406937113200e-01 7.555641882680250720e-01
-2.259559624426887015e-01 -2.814727216632765261e-01 1.000000000000000000e+00 7.010915418423265821e-01 5.383197684736936578e-02 -1.813078404850320680e-01 -2.996328120824426899e-01 -2.599273588251885814e-01 -1.813323088774563274e-01 -3.452832978684819976e-01 -2.143922815697042739e-01 -1.440128240445319174e-01 -2.940531916230573195e-01 -1.081822845622043144e-01 -3.315981588755779752e-01 -2.105511563557279087e-01 5.396023178568315481e-01 -1.491993747724136843e-01 -2.443180752400579137e-01 -2.934135230147711937e-01 -2.647373670602095608e-01 -3.568025305831662441e-01 2.945813485648661814e-02 -2.333816614639081660e-02 9.830777115261941645e-01 -2.827383830068450621e-01 -3.177387776913945805e-01 -2.298647830745409182e-01 -1.152310677561573932e-01 6.466438046585756272e-01 8.066058394909145779e-01 -4.873846804078413864e-01 -2.022576211379464861e-01 -4.731708282255719933e-02 -3.757194831371500343e-01 -5.210034558932370718e-02 -1.041803372717507309e-01 -8.383641166704441927e-02 -4.322743239932046455e-01 -3.718958279931202648e-01 -2.520886929088057005e-01 3.744091294504719447e-01 9.269940355666351772e-01 1.571843652444187001e-01 -2.262966631235713011e-01 -2.737040470570767381e-01 7.200754367330393091e-01 2.780223977594751816e-01 -3.593928538568523234e-01 5.615925262525683914e-01 -2.196377943094076080e-01 -9.998086503489558852e-02 -1.044883030744669233e-01 -2.496318720829261706e-01 -4.184665895561893167e-01 -1.636496094576007920e-01 -6.481524714355398065e-02 4.534787725189217689e-01 -1.136859349668107033e-01 -1.991261869211385649e-01 -3.116294423989626194e-01 -2.736078728985524289e-01 -2.368550886547970136e-01 -3.480470200065045039e-01 -8.253436150412775396e-02 -9.681119716450059531e-02 -3.984933371940044267e-01 6.591326077041174125e-01 -5.022177839737481525e-02 -2.482636094871984722e-01 9.827395175281312678e-01 -2.592832962248839968e-01 -7.882798841696787850e-02 -3.189401116152196236e-01 -1.378698420813733450e-01 -3.966032176201753079e-01 9.822588495063460101e-01 -1.291908389810188518e-01 -3.709367839045544235e-01 1.539153335309066672e-02 -2.633804609107487371e-01 -2.435320147710013094e-01 -2.590084667137049212e-01 -1.201967649347338157e-01 4.205316934429487175e-01 -1.898230613282074208e-01 -1.620436239029981462e-01 -8.975188839146520936e-02 9.137895299643364888e-01 -2.605879101704953182e-01 -3.551072802745226520e-01 -3.330479786275620246e-01 -1.912974052562224081e-01 -1.621939592454913481e-01 8.434871868872214629e-01 -1.642986227062726012e-01 -1.279102516248703247e-01 -4.833353621202652467e-02 -8.923011461787007381e-02 9.744838099010596499e-01 6.613790002037618354e-01 -1.737948929771523654e-01 -2.029792340207091095e-01 -3.073242493677631471e-01 -1.124782634997524705e-01 7.512807550355320441e-01 -2.531648521375512439e-01 -1.018404248925814520e-01 -2.735821482356605716e-01 -1.077254135439376787e-01 6.413713663302165191e-01 1.178739745116677562e-02 8.654024489945889576e-01 -2.463210319085218925e-01 -2.893787445792400659e-01 7.492483994482089793e-01 7.389463257371085003e-01 -2.290987211432312376e-01 -7.952760540999948002e-02 -1.232100525140289032e-01 -3.612096881916200264e-01 5.193841349306351773e-01 9.627836505275032541e-01 6.712965598141279466e-01 -2.946199963813622147e-01 7.913747699436513017e-02 -1.629610420610329846e-01 -1.721563994507969986e-01 -2.772430137612301726e-01 -2.004367474640154911e-01 -1.041424697221614570e-01 -2.020036414890951926e-01 8.893023766396824792e-01 -2.496897423814199435e-01 4.939786866592024706e-01 1.313094204274384003e-01 5.125946012910654881e-01 6.299177871225286607e-02 -1.415786103531564977e-01
-1.370701938858515101e-01 -1.565275785896139971e-01 7.010915418423265821e-01 1.000000000000000000e+00 -1.125124031547414527e-01 1.352791043630486483e-03 -1.293512443624157682e-01 1.020124451827229307e-02 -2.700528609781114309e-01 -2.425965169584041736e-01 -1.358199776320405672e-01 1.310281923437343898e-02 -6.239772480279990458e-02 -1.467236384471473920e-01 -1.470126818615952735e-01 -9.975460523769454080e-02 8.215565592367035652e-01 1.214253746868567269e-01 -1.474654544841310089e-01 -3.309749106803320240e-01 -1.839991526211960937e-01 -2.207111972967345515e-01 -6.442653037881131139e-02 5.229578681862549761e-02 7.040244575606511290e-01 -1.952509481072442765e-01 -1.007061217642648970e-01 -8.236249003542650549e-02 -1.562601186013696519e-01 5.639247754904821441e-01 7.578600503988730530e-01 -1.643444698380907842e-01 -2.603625720771816088e-01 -1.272829353219125884e-03 -3.940187688308575131e-01 -6.819636222251086732e-02 -8.655087707949390974e-02 -1.816060796939017365e-03 -9.402893194576916747e-02 -2.938926299366766415e-01 -1.783803304345022711e-01 5.035111897366981726e-01 6.489068773292446801e-01 2.342954529116194062e-01 -1.806969287515005629e-01 -1.326320096690847827e-01 4.829886326238712613e-01 3.902500049633769175e-01 -2.109053229054607126e-01 8.183269430334648709e-01 1.478806539571340603e-02 -6.322976936192761452e-03 -1.283700558195206565e-01 7.172816256224844034e-02 -2.250882916405839151e-01 -1.072530067769194295e-01 -2.096251242978406856e-02 5.077553699616296212e-01 -1.111522932368373545e-01 -1.905260521535266371e-01 -2.381542168518132052e-01 -3.468626576432518732e-02 -1.908750085179459766e-01 -2.549104181351180554e-01 -9.218453206052598659e-02 -9.165062264939199954e-02 -3.337385365296245410e-01 4.788043997136995911e-01 -6.642237323942447313e-02 -1.193059809887574013e-01 6.882607141584147215e-01 -2.074962508991765320e-01 -8.066985073390027516e-02 -1.906833885039050380e-01 -2.231941170115803730e-01 -1.660555832321041758e-01 6.735950962512570195e-01 1.306685947191527919e-01 -3.020622040946938647e-01 2.282595613549063818e-01 -1.917217107258884778e-01 -6.392129618990428919e-02 -1.794470105110870795e-03 -8.532019763027862136e-02 2.186346592009939249e-01 -1.729479992248543208e-01 -1.693590791242919613e-01 -1.829737440444961869e-03 5.693990454596341566e-01 -7.479409185937424542e-02 -5.626308361072681480e-02 -2.495365834739445565e-01 1.206023030574353283e-01 -1.171180350549232696e-01 5.909386308399923182e-01 -2.107356804490931879e-01 -3.060741711443795143e-01 -1.045906919654075312e-01 -1.722731734916190527e-01 7.218586253474830183e-01 6.284065561422728097e-01 1.021519170752432648e-01 -1.450246264673830665e-01 -2.310669767021174548e-01 -1.993092039333338363e-03 5.652598389498567633e-01 4.579074668226109507e-02 -1.277489315033576156e-01 -2.189008017494636638e-01 -8.447000610097307738e-02 3.936667441163832493e-01 -6.949317473725843963e-02 5.939011259003009746e-01 -1.546785562747867715e-01 -8.225136688733336587e-02 6.441507871446082722e-01 6.059770788281618747e-01 -1.284156838984933449e-02 8.670866027916619700e-02 -2.116230220966234810e-01 -7.199820078190809214e-02 3.360904917051114049e-01 6.529981161639220044e-01 4.057349497429910690e-01 -2.173026233162947685e-01 2.277643198330140950e-01 -1.937568681674687321e-01 -1.108745138086994625e-01 -1.795326304458372546e-01 -3.362757329711095478e-02 -2.328040952444941358e-01 -1.280822719446552682e-01 6.415276597002356196e-01 -5.979534835014972682e-02 8.336281950907677984e-01 8.500543859221215692e-02 4.776237211079691347e-01 1.025595781043560500e-01 -1.042462537230367109e-01
2.063047180561388208e-02 -1.213764645485581467e-01 5.383197684736936578e-02 -1.125124031547414527e-01 1.000000000000000000e+00 3.001847141576167721e-01 -1.848795029773021292e-01 4.024260259832936337e-01 -3.380345269355674587e-01 3.416487909225968123e-01 -4.565136351805723081e-01 -4.852847426922005103e-01 3.073637790905253131e-01 -2.590697202492402984e-01 1.144974051222581723e-01 4.021012691426778529e-02 -1.392694682475356105e-01 7.838586932663264839e-02 -9.915916535834864987e-02 -2.621858020745887474e-01 -3.126642400027493385e-01 -1.008727196115025010e-01 -2.646229061952841688e-01 -4.667057594482993954e-01 -1.201170723452159653e-02 -7.142820031846422446e-02 -3.625550967191697779e-03 5.223552403888797047e-01 -2.834130332063743429e-01 -1.097502743585816870e-01 -1.031420264454848412e-01 -1.776167800231849836e-01 -3.823791544617853311e-01 -8.698073202528894265e-02 -1.205853284975081374e-01 -3.040639652574311097e-02 -1.143870627790710692e-01 5.501859652634116804e-02 1.176123993577613547e-01 -4.577856153816228790e-02 -2.549504872748379891e-01 -2.848504694881595078e-01 6.623994603225540068e-02 2.104786876814712659e-01 -3.695988503646389922e-02 -1.973498525743900278e-01 -1.586285463440709753e-01 1.931126902839712667e-01 -2.273684045589647040e-01 -9.828291364999922064e-02 2.510393356650670316e-01 -2.281493742672663638e-01 -2.544739762991911070e-01 -8.071844561901567183e-02 -1.759711018290854301e-01 -3.890857882611398755e-01 -1.769978124304760481e-01 5.583592328555748996e-02 -2.659199289850011083e-01 -3.690690583162636873e-01 -4.514388409734568230e-01 2.422967565407521673e-01 1.103124170123836317e-01 2.358029414950748442e-02 -2.540236129378852792e-01 1.101062853917298828e-01 -3.974068187815357200e-01 8.465034418253039594e-02 -3.300029021182415701e-01 3.079249019229599038e-01 1.689291317821297461e-02 5.271487587799914554e-01 -6.533959146837441112e-02 -1.443637064186479579e-01 -2.961118880629017291e-01 5.226571497731506977e-01 1.016846134414073257e-03 3.676583825454282084e-01 2.539158750007673992e-01 4.251157384182580740e-02 -4.374590902236934475e-01 3.688567102653615981e-01 4.023265371663075629e-01 -1.935277873014623895e-01 -1.012935008901332153e-02 -3.569583781963184821e-01 -2.872120259707470202e-01 1.568401760470196360e-01 -5.551995242859657231e-02 3.695028861549369270e-01 3.724799462834772479e-01 -1.172853488116594178e-01 9.638712721513764334e-03 -2.715099253446644559e-02 -1.420131115103910602e-01 -3.055326581890371873e-01 7.031879838516011394e-02 -2.435425084171443655e-01 -1.382663643848637269e-01 2.209455313789858780e-02 -3.726622975877249416e-02 -3.677954081434346434e-01 -3.924408339028533088e-02 -1.813585040661786774e-01 2.960818326057499394e-01 5.421054757760468412e-02 -1.167214907878461744e-01 -4.105486517382684886e-01 3.476973724600749827e-01 -4.520088539228479807e-02 -2.333428945585519776e-01 -2.722351561047337554e-01 -5.723093761397556045e-02 -7.467565408990059495e-02 1.102580905024533459e-01 -3.180529216200463083e-02 -6.728315304661026952e-02 3.344320999583010878e-01 1.510427875008987231e-01 -3.289498112342703617e-01 2.227038150377723125e-01 2.939137426418035326e-01 -4.853886290727150998e-02 -1.688846779799080544e-01 -1.601572701334032511e-01 1.683282077367849114e-02 -3.832967015809461975e-01 -3.352563778633975700e-01 -5.548035028562611076e-02 -9.932923105706495392e-02 -3.582053294448747649e-01 -5.836236387934924663e-02 -7.703939106145647753e-02 4.447899557410803228e-01 -1.874406302470447705e-01 -1.030724214892442675e-01 -2.808344458937136467e-01 -2.153100956105334640e-01 -1.602001372235112020e-01
3.258382184526867897e-01 1.533055591520968153e-01 -1.813078404850320680e-01 1.352791043630486483e-03 3.001847141576167721e-01 1.000000000000000000e+00 2.568138711983561362e-01 7.105960153922189493e-01 -4.607734411178349698e-01 3.635777433070785936e-01 -4.334963981384840070e-01 -5.312314667145823233e-01 9.353320235860668186e-01 -3.444848473292242974e-01 3.372387129137273121e-01 4.374470722161801217e-01 -1.048125559526355555e-02 4.240650415152682484e-01 4.833835939691973893e-01 -3.565483979475784770e-01 -1.881925276303612615e-01 -4.305225922021289897e-02 -3.438351673944829434e-01 -3.403394527633945010e-01 -1.710122559640233630e-01 4.883532145575289474e-01 5.931208141108947757e-02 3.959351825947443615e-01 -2.203168453380700831e-01 -5.090559432491971459e-02 -1.618520295812703874e-02 2.677075925535524759e-01 -5.160534356809987067e-01 2.024993996846967959e-01 -1.108914602822550083e-01 -5.476297852231086505e-02 -2.523579322425409943e-01 1.766296326448439091e-01 4.672500277710177619e-01 1.534266951164629800e-01 -2.252613740220631156e-01 -8.974343716413034355e-02 -1.492524286391278265e-01 1.822848969540571962e-01 2.800785486640500754e-01 1.781122341309690216e-01 -4.687065802246852542e-01 4.058258507213940436e-01 1.370248171231352730e-01 5.214247925157354524e-02 6.896124592715138224e-01 -1.870194538878478668e-03 -2.402671359551787622e-01 4.159272089437177078e-01 1.093260323028484998e-01 -2.591393258563601254e-01 -3.733185953733994533e-02 1.437053699059863132e-01 -3.075106092380275880e-01 -3.341242290336289278e-01 -5.271215695645838917e-01 9.102539565348697348e-01 3.061109298971672471e-02 5.736454576243626979e-01 -2.175921339563558765e-01 -2.320171155892591375e-01 -5.831267755625775262e-01 4.467227829823210844e-02 -2.345306875427111692e-01 7.136547592169892873e-01 -1.922620238299174444e-01 4.143873196214871157e-01 1.722249798019604428e-01 8.149880647909077402e-02 -4.945896859393115186e-01 5.896095211263474578e-01 -1.588060565905511090e-01 5.754060412088684018e-01 4.431421380708234214e-01 -2.402598101461047020e-01 -2.908586502829183518e-01 9.649958769593179886e-01 6.665056068457499983e-01 -7.456370903037037867e-02 -3.046495860365594499e-01 -4.575615105902126056e-01 -1.894616783869944587e-01 1.208741778266501921e-01 -2.613034177041390627e-01 4.138698392952612215e-01 5.424489546776167792e-01 7.794313522690606011e-02 3.891064282616815140e-01 -1.136816384435933164e-01 -1.357829783574697746e-01 -3.505564724435098478e-01 -2.976625081808535467e-01 -2.216253098633584329e-01 -1.663348835596605846e-01 -1.357843147926488525e-01 -1.822061487323258511e-01 -2.272496661546306029e-01 3.312218637283000366e-01 -3.405833804017870114e-02 3.039659416150798932e-01 2.995699183868669874e-02 2.665309425624389772e-01 -4.423708328213853958e-01 1.512082743880947544e-01 4.760588582554117210e-01 -2.542046057841188533e-01 -2.412763670940047955e-01 -2.096687299317087638e-01 3.162985826931566935e-01 5.158356044785280536e-01 -9.438933499173571273e-02 -8.322698537113844275e-02 8.883938131378391612e-01 7.284259433844394449e-01 -4.127800838484897428e-01 8.617699192561797394e-01 2.352810600333219981e-01 -1.975444571647054504e-01 -2.935760784908044152e-01 -7.179990514669856716e-02 -6.395232298933725907e-04 -4.272321906220645782e-01 -1.575760286577210789e-01 2.418722642216115590e-02 8.580151689665058146e-02 -3.741040090501664417e-01 -2.812462982332904482e-01 -1.462446746433550271e-01 6.636859630212171846e-01 -2.884293776970662387e-02 -3.744017080912929174e-01 -1.091125094060269446e-01 -4.441196573118536550e-01 -2.482980545866127486e-01
2.949830866463493129e-01 5.166454939760530829e-01 -2.996328120824426899e-01 -1.293512443624157682e-01 -1.848795029773021292e-01 2.568138711983561362e-01 1.000000000000000000e+00 -1.356467581926653308e-02 2.732427019006355897e-03 1.633156960140815239e-01 4.527127795496362767e-02 -1.732623585653088882e-01 3.760216875443283535e-01 -1.702330400115148468e-01 3.982428857853662074e-01 1.856494892374313255e-01 1.128817256761303067e-01 3.371106640754196748e-01 2.401705597928460167e-01 1.468653768913980862e-01 3.922255779905777784e-01 5.529672273170425090e-01 -3.044441378450181146e-01 -8.145516739717972637e-04 -2.511468003732623133e-01 5.359627255819512381e-01 -4.432669188844537422e-02 -8.162327074570427388e-02 -1.811731450376163621e-01 -2.447824279140546899e-01 -1.391390356837777509e-01 4.108700168218383797e-01 -1.475435178232248901e-01 -2.129510509517354780e-02 2.855249413015534254e-01 1.095896930405629438e-01 4.743739471201655067e-01 4.048161802150490596e-01 2.546935640600705986e-01 6.185243922716054943e-01 3.873577536000970545e-01 -2.802188908764083886e-01 -2.810724798062767538e-01 1.466789641538076075e-02 1.564826505942223389e-01 6.581673934078979826e-01 -3.487925332793092581e-01 -1.149436366293945105e-01 4.759078005032356673e-01 -1.803024364745228758e-01 -1.090134586451931009e-01 2.438160386195574458e-01 -1.975555437561609673e-01 1.406850620372036564e-01 6.837861132158998823e-01 -1.519169791239202705e-01 8.920420429716363619e-02 -4.276447437418875314e-02 -1.400368779112021456e-01 -9.426154635676298188e-02 -3.873500778175265058e-02 2.970226564138744307e-01 5.408665745258678381e-01 4.637847627400548123e-01 -2.167432361472638180e-01 -2.447953995310208908e-01 4.638057269198574140e-02 2.888247919448263396e-02 -2.458027128606978806e-01 1.561388532863766110e-01 -2.502697376329534040e-01 -1.742281258838616897e-01 -1.882849231765829356e-01 6.426040597280950895e-01 -1.279799073301746692e-01 1.006526313699887369e-02 -2.593675999657537035e-01 -4.529179064903997992e-02 2.446273277129256130e-01 -9.191995935327952616e-02 5.437777345432972392e-02 2.446195509519049072e-01 2.202385891045111413e-02 -1.994554341284012211e-01 -3.506600772285474177e-01 -7.446227929132816226e-02 -1.069928670622256883e-01 4.477870869169428003e-01 -2.338149539646580677e-01 9.046119988851204080e-03 -9.649992686934720509e-02 3.813674422025551403e-01 1.272470119317845594e-01 4.327622644439047539e-01 -1.627280330743460512e-01 -1.084310775511307529e-01 -3.179007398570437015e-01 -2.805766575614229152e-01 -1.762392756620730916e-01 -2.451585072965274947e-01 -3.956418541605923322e-01 6.047977884831873263e-02 1.959675330667857152e-01 3.066484149580744889e-01 2.493220811434505857e-01 -2.803277950370942073e-01 -1.509260832417912666e-02 -2.613346288652216437e-02 -1.037007748839525317e-01 -4.809638953895389521e-03 -4.250130705864945679e-01 -2.921119705690385926e-01 -8.643945769976084381e-02 1.643497468647716064e-01 5.531465964222289644e-01 -3.681976894882817986e-01 -3.634593375230284473e-01 2.885646642174998222e-01 -1.879961884670599409e-02 -9.510332500802110012e-02 2.301103285584685243e-01 -2.755466377422112201e-01 -2.784801378988641662e-01 -3.243044861737758300e-01 5.649519423778073257e-01 -1.294030431102349277e-01 -9.600004664121705722e-02 -8.297311967192672055e-02 5.286819622879420644e-01 4.343662855215837948e-01 -1.096771157851291340e-01 3.415538355747013699e-01 -2.821127971621539277e-01 6.565520279288125649e-02 -1.805202360313556270e-02 -7.134171511904703611e-02 -2.062019065961516462e-01 -3.571019740735042469e-01 4.550127224589735064e-01
9.646323377054662196e-02 -9.970333071188164364e-02 -2.599273588251885814e-01 1.020124451827229307e-02 4.024260259832936337e-01 7.105960153922189493e-01 -1.356467581926653308e-02 1.000000000000000000e+00 -4.882763225034289500e-01 5.011651354170891803e-01 -5.106783307835736085e-01 -4.588141036659705851e-01 6.399929776412225380e-01 -4.597362517555130812e-01 3.396182191875581902e-01 1.176878219639556217e-01 -1.004237129729423639e-01 3.141934757650667875e-01 2.783584771833628735e-01 -4.260829782201486782e-01 -3.866556059532710865e-01 -1.673949404097281879e-01 -5.060775241078793174e-01 -5.434093097741289347e-01 -2.846474317370189522e-01 1.327592343550929033e-01 4.910898275536479396e-01 5.861124388017084907e-01 -4.538757064188029267e-01 -3.668921440457049155e-01 -2.531888042590907939e-01 5.226548962714520075e-01 -4.757859736089681268e-01 9.482904898404220795e-02 -2.872334129538693936e-01 -3.649718779864592755e-02 -3.772793832218211962e-01 -6.018950628610984094e-02 8.128636860582666435e-01 -1.182712144441875751e-01 -3.811394972463021946e-01 -1.571759210040189758e-01 -2.638852779139527205e-01 1.969414731978237632e-01 9.536671516223952511e-03 -1.434168283973807356e-01 -5.897377926667423109e-01 5.007301488544837476e-01 -1.517783271998685846e-01 2.091131448555278924e-02 8.376435157697643685e-01 -5.564835874659608550e-02 -3.959277276417210167e-01 5.734681243637421710e-01 -1.716473373866276853e-01 -4.618679148322256678e-01 -1.510539575307341675e-01 1.058043018909080174e-01 -4.885220533254716058e-01 -5.129140211132425797e-01 -4.230288319137606723e-01 6.874237989394206272e-01 -5.498469431485016740e-02 2.556565144461383499e-01 -3.954735987802463493e-01 -9.984096151347409895e-03 -3.196807579935229682e-01 -2.524614598591602421e-01 -4.835808836383415077e-01 5.825483460023668236e-01 -2.788663954394526856e-01 5.692531318354944192e-01 7.614735960906213186e-03 -2.351669811892055095e-01 -5.884334796022008263e-01 8.318222357024478431e-01 -2.866998445323666322e-01 9.505409597753757822e-01 3.056149031473857081e-01 2.485230143381968182e-01 -4.550255559223009283e-01 7.375291326828644634e-01 9.752416968392179086e-01 -2.973201032535386507e-02 -4.423353128096955134e-01 -4.708824041389729764e-01 -4.233363257309076810e-01 6.106018762456625476e-02 -4.327516600968274174e-01 4.732140573246000348e-01 9.344024298826123509e-01 -1.134941235983917968e-01 4.828011505314854235e-01 -1.458798961611431078e-01 -3.977389713794934889e-01 -5.110356170471835879e-01 -2.450610567236003734e-01 -4.086898431270083454e-01 -3.855019678297540997e-01 -2.560030142133158937e-01 -1.371137297058784843e-01 -1.779654817111974707e-01 1.085912361594452563e-01 -2.224311348608068728e-01 3.451977404273401384e-01 -2.489514293303454751e-01 6.423151210668435196e-01 -6.089977055010481477e-01 2.606383618375912592e-01 1.007738602444531451e-01 -4.703193429578130247e-01 -4.602815596355844252e-01 -4.628099221858882339e-01 1.021827736624562472e-01 2.077076892510620332e-01 -1.073955112586798544e-01 -1.957636736703385338e-01 7.821540017788028987e-01 4.599264942333645689e-01 -5.846091844535856730e-01 8.444435912655695597e-01 1.247623690437242860e-01 -3.777003424713297752e-01 -5.307625303187202270e-01 -2.873636396834254314e-01 2.828904059223126266e-01 -5.401202164755316559e-01 -3.931575489876046325e-01 -2.838573931829010966e-01 -7.684725624615987294e-02 -4.967107868268270110e-01 -2.608739755648828429e-01 -3.884432327060157730e-01 6.987156032717760645e-01 -3.531579410885000297e-02 -1.698938719626419402e-01 -3.339617210948797599e-01 -3.207647988793250748e-01 -3.824011143379399402e-01
-2.639606568183260338e-01 -1.425745211329986772e-01 -1.813323088774563274e-01 -2.700528609781114309e-01 -3.380345269355674587e-01 -4.607734411178349698e-01 2.732427019006355897e-03 -4.882763225034289500e-01 1.000000000000000000e+00 -2.623862755784390766e-01 7.020198686754678397e-01 6.199456648428279815e-01 -4.797427356169199908e-01 6.650364441074132493e-01 -2.054380570691153873e-01 -7.797793186987529712e-02 -2.834653060919548051e-01 -3.443901116700379683e-01 -2.817666146749658873e-01 8.999044243867349024e-01 2.181278491733179836e-01 1.880504267391014950e-01 3.934002168566125279e-01 4.222573663106329311e-01 -1.963689820846941658e-01 -2.066554015862062665e-01 5.493284787557620868e-02 -3.735677977856891596e-01 5.053991825809311944e-01 3.378579072574382225e-02 -1.064718967030298530e-01 -1.527653912090144173e-01 7.906770857993402624e-01 -6.680881974751493035e-02 6.080024974158566853e-02 4.617023123676034652e-02 1.941437111624575995e-01 -3.487238726037043823e-02 -3.001140248808802924e-01 -2.521426271934537611e-02 1.794474119269282575e-01 7.942853812573644201e-02 -9.792323735450542133e-02 -1.817323379484327844e-02 -1.452915263325873507e-01 1.217634662014383001e-04 2.045008291728833000e-02 -1.412687733410164237e-01 1.524469219352675431e-03 -2.774049450700054598e-01 -2.321229282747991063e-01 4.934463235006347759e-02 6.122184398701346897e-01 -3.177684273973598872e-01 1.257391471725624599e-01 5.590799919868116863e-01 3.392725561542032642e-01 -2.619142897506071543e-01 5.246996601613276301e-01 6.660495764700573584e-01 6.133556348323971896e-01 -3.922665013869327533e-01 3.631445088638997343e-02 -2.596548535141753322e-01 5.362084223513539083e-01 1.252538394705727219e-02 6.697189653855153413e-01 -1.687834382554849189e-01 4.286342046853403032e-01 -4.695467111339851063e-01 -1.964531689612308285e-01 -4.599990127465600903e-02 2.901620635373548529e-01 1.230938830246730044e-02 7.607771616580351060e-01 -4.861120112485100009e-01 -1.524503537006602349e-01 -4.853807306389114062e-01 -3.049892192679457686e-02 -3.670193215207439956e-03 6.240512946720621068e-01 -4.352932968792093682e-01 -4.156887488872470504e-01 -4.411649362213280329e-02 1.836676868397408846e-01 6.905957488090697094e-01 4.985051263572126135e-01 -6.422707617481027143e-02 -3.160674347341926177e-02 -3.293453088670640905e-01 -4.180854022142388438e-01 1.233673832698054945e-01 -2.945075510924520246e-01 1.576252651488076195e-02 2.459863964681563431e-02 6.318888190146898509e-01 4.533350870424260326e-01 3.864496912255887540e-01 3.736868482408766123e-01 -1.719985527357587585e-01 -1.219063308973581672e-01 5.189710409177816786e-01 -2.113738032171057490e-01 -5.111312339010585029e-03 -1.299724229602446102e-01 -8.774110679011193348e-02 -2.314062541839175535e-01 6.572804856152402175e-01 2.124135932531618920e-01 -1.576224260542267441e-01 4.155079751708223162e-02 3.691828233038478291e-01 -4.552355354730194120e-02 -1.498741978659850760e-01 -3.111443551332482849e-01 -1.139301131559965485e-01 -1.987793300551913417e-02 -4.245762860989626963e-01 -3.936215037292999375e-01 7.179151881918024447e-01 -5.331746310134501954e-01 -4.418409659888842822e-01 -8.014921738767440129e-02 9.908315724921859524e-02 1.043401308293687713e-01 9.683386419837515524e-02 6.813172293043656680e-01 5.543138968083086704e-01 2.331252142963048668e-01 -9.742362393121026254e-03 6.103385532873695229e-01 1.563377349990211773e-01 -2.235939956905519388e-02 -5.053552416628263044e-01 -3.294610853976615017e-01 2.190869081380091843e-01 1.700414950638277078e-01 3.094473028431116712e-01 1.346187348604759304e-01
5.642228994679017173e-01 2.456104325962322754e-01 -3.452832978684819976e-01 -2.425965169584041736e-01 3.416487909225968123e-01 3.635777433070785936e-01 1.633156960140815239e-01 5.011651354170891803e-01 -2.623862755784390766e-01 1.000000000000000000e+00 -1.905578599540236895e-01 -3.671362199860134234e-01 3.502003948024065560e-01 -2.937193990380569941e-01 5.567291481840213052e-01 2.185853121474015115e-01 -1.410437617721767567e-01 2.644897633336423803e-01 3.426879769848961699e-01 -1.778348493788026174e-01 7.720042830880959051e-02 1.670070914272891449e-01 -3.140854287475488560e-01 -1.350661866330239991e-01 -3.721381089671836895e-01 3.172609156822923104e-01 5.923241609308764755e-01 6.247371538511643507e-01 -2.829247245323337490e-01 -3.475526713781354471e-01 -2.391566371399562185e-01 4.975786551999425988e-01 -1.190549888985145965e-01 -1.166758769299552391e-02 2.722407596096915183e-01 4.958868303778927317e-02 2.513923041952501741e-02 1.967897240179642543e-02 5.315389493448319236e-01 1.227708047847902578e-01 1.216408151315333946e-01 -5.660116275183053602e-01 -3.416499666201057717e-01 3.259184991782452245e-01 4.317664655705966692e-01 2.091951622467385918e-01 -5.287297916355087057e-01 8.243015383098784010e-02 3.605920965697901326e-01 -8.098631810190393132e-02 1.748968351690634582e-01 -1.401876355105793025e-02 -2.958101074428617916e-01 4.143622635942764004e-02 1.913551487043172461e-01 -3.378432264187815059e-01 -3.397128390245854890e-01 1.771594839516673070e-01 -3.418342185817876411e-01 -1.924698261523981047e-01 1.354880906558741660e-01 2.683501874854820057e-01 1.446838583437469183e-01 2.262015447313091010e-01 -3.777765490363156342e-01 2.071652172060624297e-01 3.601205443470563428e-02 -2.608333622671689667e-01 -4.188282527042954118e-01 7.359342996592806996e-01 -3.823131783007717721e-01 4.598086102565788202e-01 -3.234540649441968729e-01 3.068710834166226142e-01 -2.683476519003989980e-01 6.445754987440389661e-01 -3.768117985205963194e-01 5.250522621423039382e-01 2.674620073003276532e-01 2.669901042211284548e-01 -2.299436257390149174e-01 3.168088198070707628e-01 5.245377402090817265e-01 -3.623217356972772141e-01 -2.966451806478058728e-01 -1.120310445643006581e-01 -4.179938531593053730e-01 2.847274596586638062e-01 -4.915041881230219900e-01 4.970748218765396187e-01 4.460511002637276290e-01 3.127391095602024551e-01 4.451720945849533817e-01 2.079735328840217612e-01 -4.134433000334802877e-01 -2.893151019556693404e-01 3.680781982829183646e-02 -3.177394029706364087e-01 -2.542124747796611350e-01 -3.491972216376732496e-01 -1.439528385447409187e-01 -3.287455692925232986e-01 5.204593738119609458e-01 3.376936388607041373e-01 3.244667827119553372e-01 -3.648002253912823178e-01 6.017173642426663915e-02 -1.449053974612314055e-01 2.694125134084041084e-01 2.571311237103068859e-01 -4.816805477196782759e-01 -4.216175859067791687e-01 -4.639252975859913808e-01 4.663117824816733759e-01 4.618700967041399208e-01 -3.230982696056965975e-01 -3.482622299274749644e-01 5.258326600511681326e-01 4.111384526655207372e-01 -2.630222900273549991e-01 4.317387241599796033e-01 -7.157412053698961052e-02 -4.032937378837396780e-01 -4.705687165882977974e-01 2.092368119573654872e-01 7.491819666930553401e-02 -3.279735289358836070e-01 -1.974089072748287099e-01 1.714205016406993021e-01 -3.600321258100099009e-02 -2.842182664015014959e-01 6.919928911403158689e-02 -4.607887697895871604e-01 2.951914672917340665e-01 -2.587684364242878177e-01 -2.147179313750983420e-01 -4.954751886050157705e-01 -2.364151981448200934e-01 1.252820245471288618e-01
-1.853224721861377877e-01 -1.073205290801695078e-01 -2.143922815697042739e-01 -1.358199776320405672e-01 -4.565136351805723081e-01 -4.334963981384840070e-01 4.527127795496362767e-02 -5.106783307835736085e-01 7.020198686754678397e-01 -1.905578599540236895e-01 1.000000000000000000e+00 7.853229326907169572e-01 -3.955381862521251679e-01 7.373999651902195529e-01 -2.194468806078821999e-01 -9.656962582591230304e-02 -1.586961845219838352e-01 -2.452957564917571387e-01 -2.814924353460898088e-01 7.493320141680454016e-01 2.637847725909202579e-01 1.112799770758599316e-01 5.537925326792457748e-01 4.128510865160907040e-01 -2.092802208606373837e-01 -2.107376080287764741e-01 -1.638287973697232294e-02 -2.729746274191621191e-01 6.269762105028675592e-01 1.447723789218486323e-01 2.925025594541789259e-02 -2.135462413021242331e-02 8.213402884504106272e-01 3.752326027230524358e-02 8.131421643519747000e-02 6.255121825938747548e-02 6.954501797155801524e-02 -5.297839440371980568e-02 -2.020859623214354417e-01 -4.772330559856067383e-02 1.778652504261217238e-01 7.473424679668240478e-02 -1.406710827865997882e-01 -1.387859021167251183e-01 -1.370382906772173448e-01 -1.101949333143854570e-01 4.126640849718275772e-02 -4.162275236766270758e-01 5.436432735873965305e-02 -3.447975880087110478e-02 -3.290094795782889658e-01 1.567032819763778950e-01 6.826078677584088705e-01 -1.888457766834149010e-01 1.319839472390259560e-01 7.025282601336435562e-01 2.753851860596435719e-01 -4.451962364463624700e-01 6.386406509215654115e-01 7.860635531848754187e-01 6.977733123630914802e-01 -4.348844818601298456e-01 -1.618196358589930328e-01 -2.584381775651957147e-01 6.121195557493541717e-01 -1.025685871643785968e-01 5.210351267498517513e-01 -3.821479883776846692e-02 5.333260033120017507e-01 -3.862764760758976568e-01 -2.293336975605989314e-01 -2.227639256520956845e-01 2.238412155777188828e-01 3.293237385670461786e-02 8.332553063228707035e-01 -3.778720471681898396e-01 -1.995913081125516020e-01 -4.682004589584465859e-01 -2.310299107927563378e-01 -1.929276904737939335e-01 7.739828517729646640e-01 -4.504708455055183025e-01 -4.704418435048097757e-01 1.455641077296346564e-01 1.845787372265694226e-01 9.485017712356997865e-01 5.945203036258634999e-01 -2.139486984176839357e-01 -9.831554004343331932e-02 -3.537230536564082706e-01 -4.145665707472906969e-01 -3.754738150425177695e-02 -1.424874014712896875e-01 -4.937805310180053142e-02 -1.248817601644158694e-03 7.632201074909762406e-01 5.201276076948673222e-01 5.228471470709272761e-01 5.406787307440832357e-01 -2.031948274891482720e-01 -7.436085568138364743e-02 5.658007914714809905e-01 -2.085287634313781058e-01 5.352583843084052218e-02 -4.148112641691372171e-01 -1.356897131842697002e-01 -2.199516096123476372e-01 8.425813237747826756e-01 6.705030496425679054e-03 -1.926157538094317168e-01 1.287784670651442309e-01 4.843065242232427181e-01 -3.500872956350795789e-02 -1.742606799837626841e-01 -2.155045337343715894e-01 -1.429233108425845278e-01 -5.365843081702510731e-02 -5.477011037169529084e-01 -3.129984515653996269e-01 8.684963543301436051e-01 -4.639651305621612098e-01 -4.914178868187930038e-01 -1.045951830445701336e-01 1.631092843183988006e-01 2.982833569169976440e-02 -1.603462450098591119e-01 8.082968532770994363e-01 7.165043617752873129e-01 2.251770244698441115e-01 7.853821942685737523e-02 6.937186150277306895e-01 6.567779683419151804e-02 -2.228632168687615447e-02 -4.914275007858820432e-01 -1.154924134357849519e-01 -1.667145714735683848e-01 1.496632211307469540e-01 2.379713480906212042e-01 6.397540294007872386e-02
