1.000000000000000000e+00 6.010597302398473785e-01 3.385497290429902995e-01 5.360170077615898920e-01 2.414269222632669243e-01 3.427992317835498182e-01 5.760544140802983382e-01 4.428726256456602672e-01 3.882717231058926410e-01 7.426868789893299461e-01 4.359767857445859818e-01 3.653639360225075516e-01 2.254387124977291212e-01 4.265324635315049240e-01 3.166262803880894316e-01 6.033470374483207443e-01 6.219161963111841107e-01 2.046659016774778350e-01 7.682438029871713203e-01 3.541099799189076358e-01 4.912281617409225420e-01 6.120280802456796732e-01 1.559484750624104132e-01 5.505123792722586007e-01 3.300388576642361849e-01 8.905309976897795021e-01 5.505791032109257355e-01 4.474823455914299086e-01 3.947023452133850974e-01 4.034247779198724126e-01 4.900975087120335583e-01 5.932325629800988542e-01 4.385032311776333458e-01 5.244356768977144201e-01 4.847969655325929383e-01 3.680404451988982806e-01 4.116505604434713694e-01 4.375923302985464391e-01 4.609953232993387329e-01 5.645198859571981531e-01 5.041163476584695768e-01 2.910464371681475981e-01 3.426315620235606541e-01 5.680980840806260090e-01 8.470867356236514434e-01 5.042940093670307267e-01 3.593887292779661125e-01 3.726815226663887093e-01 7.727998221813467961e-01 6.095835769555719708e-01 3.279472008799887983e-01 2.841075023580850734e-01 3.609110490839900764e-01 1.942439520779291051e-01 6.716055082574632351e-01 3.848144106642784057e-01 3.937413001986638239e-01 6.108834685742197124e-01 3.440961534117796816e-01 4.341910930189730733e-01 6.046522500753612750e-01 1.706245594535348020e-01 4.156229649827111738e-01 8.247094925047875336e-01 3.454916008530727334e-01 6.190286107886502354e-01 5.559205332695480450e-01 4.869659493418002638e-01 3.455585912554267614e-01 5.278341353564002247e-01 3.356380185534993954e-01 4.513657235361489550e-01 2.263050970300541365e-01 7.699201732033238432e-01 3.367694616622925463e-01 4.624030881535908799e-01 3.390272691012263806e-01 4.633833921348354812e-01 2.386156720201214332e-01 6.281948472887479706e-01 1.826827230027195936e-01 1.901270104973238895e-01 4.335607189858337596e-01 3.106996885699090383e-01 5.298612397337295610e-01 4.317314324144556070e-01 2.644187507461980835e-01 2.525022710103942414e-01 2.965304552977411356e-01 2.568781750426460397e-01 4.124523911635241125e-01 5.720517445337347517e-01 2.852593108448301384e-01 5.147058132297419597e-01 4.641427890183129068e-01 4.020782370285129192e-01 3.721578799477933130e-01 2.672128136091956319e-01 1.767418102143858416e-01 3.244427015780467771e-01 2.849651467688384399e-01 4.543489012479497435e-01 9.373857127758690178e-01 6.626346910990044137e-01 2.341441568357288394e-01 2.524605036212337894e-01 3.341175443044718252e-01 4.626805619239964251e-01 3.932703983889223598e-01 4.474104496698042555e-01 1.763333458246187091e-01 2.213062712531757015e-01 4.008024457658644346e-01 9.169709929286046224e-01 5.927389323376284214e-01 2.207958892670625617e-01 1.938187008930904176e-01 4.992125321365223911e-01 4.313314348471266046e-01 3.991484627282714803e-01 4.931411829091110199e-01 2.371842022711427855e-01 2.754272419464758315e-01 2.237061401234098079e-01 6.027146203740978425e-01 5.669718051765906264e-01 4.107254311406882685e-01 4.325142618977815268e-01 5.679355459971808795e-01 5.028062241980617575e-01 3.311789823108266528e-01 3.539457965115983540e-01 3.186379301593698643e-01 2.501690195201316524e-01 6.010681390438932237e-01 5.476697687176131923e-01 3.262448648832885767e-01 4.630455242122099024e-01 4.390903253936169759e-01
6.010597302398473785e-01 1.000000000000000000e+00 4.272496198924294331e-01 4.762619785983225329e-01 1.596737270042926926e-01 6.683867357660339126e-01 7.331034305792768491e-01 5.217170741675596357e-01 3.144215368608538341e-01 6.505661747338531420e-01 3.899707222004035190e-01 3.369832993766405660e-01 6.083164610542368678e-01 4.203495509648326189e-01 4.657360321389180657e-01 6.279909700275395634e-01 5.202723905033633800e-01 5.339265121975305117e-01 7.380565095178421853e-01 3.134057590747967303e-01 8.528243095866830936e-01 7.823649912810325402e-01 4.015686086988626835e-01 5.842483138042574575e-01 4.395856333951366213e-01 7.337844719538882954e-01 5.226252433441593848e-01 5.411905027360439657e-01 4.992613430727304014e-01 4.942710598384579823e-01 4.948558548833094095e-01 4.652612778230388324e-01 4.248368223876621275e-01 4.402576925498644655e-01 8.900061325888606323e-01 2.819276089826195930e-01 7.986822030863782729e-01 4.843120103447137725e-01 4.514664633564139384e-01 8.510402134209009706e-01 8.860550807649932858e-01 3.878963501680154913e-01 4.893566640273869228e-01 5.833412702416300721e-01 7.940247570447572789e-01 8.973239197816342827e-01 4.954324619076243552e-01 5.453178235384342765e-01 8.671374727378532432e-01 4.760934193540931614e-01 4.886218173404079934e-01 2.929033389606058302e-01 4.064319075049471763e-01 3.820419581177909030e-01 6.742276359321462964e-01 4.514353935338153434e-01 3.372981147753943421e-01 5.610143931669454576e-01 5.242623672667112711e-01 4.273654819050501930e-01 4.745092374819980252e-01 5.676684204851445426e-01 6.043183218728661599e-01 8.008326848485205485e-01 4.722247641393358952e-01 5.260530226963802125e-01 4.166537865669736052e-01 6.231833570955468415e-01 5.053140340352388904e-01 6.709977256941803692e-01 4.241407515890451840e-01 4.972225479873015885e-01 4.660491574997031039e-01 8.663710055995148540e-01 3.396401213265503038e-01 5.539221554872073572e-01 4.634334963498544790e-01 5.325779887166979254e-01 6.075357681080499894e-01 4.474956307075501627e-01 2.121178450399070492e-01 5.571156275939800340e-01 5.084407789205649397e-01 3.946887372140328032e-01 4.719351774922089793e-01 3.745663808835894559e-01 4.266821873721868275e-01 4.529996213828272889e-01 4.955926550441344669e-01 5.258699216529962861e-01 5.186961619272552060e-01 8.552631957572082166e-01 7.012115761450690155e-01 5.661896005598314741e-01 5.280734365520700635e-01 4.596146520837828264e-01 4.602036083752311102e-01 4.674080512592627135e-01 3.260349509265319523e-01 4.426542255240824564e-01 4.777640816936878920e-01 4.118308770763849935e-01 6.867093904877911159e-01 9.657980426972787580e-01 5.598890684040137566e-01 5.358449237723312830e-01 3.641208913380159506e-01 5.017552544007697346e-01 5.151292995299576738e-01 8.857859187353916974e-01 5.175948062362075719e-01 4.468502182914900200e-01 5.531391642798899611e-01 6.723469426731945031e-01 8.304384999631835296e-01 4.348730905076448883e-01 4.739621051851684586e-01 6.588309328728862990e-01 8.282201586928434889e-01 3.953018515384550957e-01 6.334406865019952537e-01 4.979620780737732955e-01 4.329579990539701440e-01 5.113066046828356193e-01 8.331155310867446318e-01 5.324190673232178650e-01 4.318367557259550904e-01 4.607932201501057645e-01 6.816712187813511736e-01 5.257077904309157557e-01 3.419542822148474714e-01 5.855888019014315882e-01 4.831186780788677138e-01 4.146280121704972177e-01 4.914842970964455882e-01 5.338221818827030285e-01 4.665902278621862354e-01 4.396624512870881962e-01 8.739632608220235799e-01
3.385497290429902995e-01 4.272496198924294331e-01 1.000000000000000000e+00 7.907637648095219296e-01 3.478013070923867134e-01 3.243722299906756090e-01 3.261347784383846760e-01 5.078585123168157800e-01 5.493170768433031093e-01 4.114159917084386775e-01 6.106402040314148350e-01 6.181839007667513375e-01 2.245306201149474545e-01 6.250689441386283463e-01 2.708431433607501049e-01 7.056149867190658620e-01 6.876435760433966538e-01 2.414292691827785442e-01 5.556391086270950908e-01 5.454346061877867191e-01 4.427302154520559863e-01 3.166198663554479764e-01 5.051186105358009826e-01 6.746800235253098688e-01 9.952381430129388917e-01 4.183237399652208199e-01 5.626552639819475399e-01 5.060945250344726087e-01 6.881843243959941958e-01 7.899463707376780386e-01 8.334879192984052665e-01 4.513658647613654762e-01 6.261576822408463361e-01 3.847215185849502950e-01 2.587024900605436328e-01 6.327273864563910666e-02 2.321896827355434123e-01 4.056835574114376897e-01 4.978600220659110676e-01 3.593716774457094698e-01 3.878482251978067619e-01 7.941787260190439346e-01 9.309193395732062726e-01 5.908077054041324105e-01 5.137297443570373323e-01 2.823785641153885861e-01 8.497358204023648387e-01 6.377642807509605882e-01 4.525053369048290253e-01 7.217907939466738920e-01 5.833477963753572748e-01 5.052803125673213103e-01 6.574400342414354892e-01 4.491426987163961160e-01 3.769662225637538944e-01 6.781377432836251939e-01 4.602590758902156409e-01 6.989802702160516912e-01 6.526086195941225299e-01 6.584954089543624267e-01 6.083010618304898198e-01 2.559601123402459599e-01 1.415743219027533195e-01 4.493187874616898503e-01 6.962911680195501551e-01 6.313947607154984931e-01 5.633753763483346777e-01 7.813505008463417223e-01 7.188774015926977512e-01 3.096620589246779631e-01 9.962518022387630845e-01 5.333017568355328253e-01 5.335702516296856324e-01 4.470633201188111694e-01 5.785476332604964078e-01 5.229069025047294872e-01 9.896775286680788986e-01 5.375214278812844304e-01 2.371016409916607282e-01 5.980448040702203150e-01 4.450447542796428513e-01 2.429681055557448011e-01 5.145072585870420490e-01 2.641668918039040692e-01 7.728000226150553154e-01 6.009185818923102884e-01 6.104679303506271859e-01 1.627168779642536589e-01 9.514627740850825077e-01 2.722560100941519012e-01 5.593510509082680882e-01 2.568446419261687375e-01 2.091482987854038633e-01 2.378712100555518405e-01 8.583566570297719300e-01 6.677774053288814127e-01 6.213972775413052485e-01 6.726375638472447127e-01 4.641162325243131659e-01 9.872070089333870868e-01 7.912669562878845708e-01 6.164520451533216372e-01 4.388779835626211434e-01 4.279299866427021537e-01 2.591196665221616735e-01 7.922758965053724456e-01 5.231077045924903413e-01 6.755555204351461063e-01 6.241084916950303541e-01 4.776851900377206972e-01 7.222653356638049083e-01 6.432518087993359668e-01 9.002681144894910670e-01 4.549080574243024588e-01 2.893744756485352454e-01 7.599302473795257473e-01 8.027314712485800197e-01 4.420752533118553762e-01 4.393103537346038645e-01 6.129301506162689872e-01 5.173507599031921256e-01 8.312518601588108069e-01 9.684986778460217272e-01 7.561868445415778073e-01 3.509087608630271360e-01 6.443395392209125827e-01 6.636261045315339224e-01 6.756949703612921132e-01 5.000385926562369576e-01 4.509832030552921589e-01 5.474504005767987236e-01 1.842556574246082546e-01 9.249610716146816625e-01 3.561584785932766506e-01 7.351128476882239360e-01 6.874461612369097141e-01 8.426484574934548499e-01 7.368997172660166628e-01 2.654244459603448680e-01
5.360170077615898920e-01 4.762619785983225329e-01 7.907637648095219296e-01 1.000000000000000000e+00 2.585732918936145541e-01 2.465292721548412724e-01 3.222662560346908345e-01 5.005423435083014017e-01 6.093516670236198696e-01 5.205272678666063024e-01 6.846285009466134275e-01 7.079493078921791360e-01 1.025071686913148206e-01 6.629851487170401736e-01 1.876463321534400097e-01 9.339575485693542012e-01 9.669410738929485882e-01 9.648059894242658197e-02 7.654050673498926649e-01 5.787807719814608287e-01 4.741371243215623532e-01 3.199603520893504749e-01 4.156228351500125262e-01 8.245951321951382473e-01 7.622136113332982355e-01 5.770567168454143747e-01 6.744321392761860601e-01 4.698734335956838981e-01 7.083704926088185694e-01 9.250831069149910713e-01 9.860220704511967194e-01 5.056069322755532003e-01 6.957652528009923287e-01 4.303257537165549595e-01 2.716174356311882865e-01 2.048277831103484381e-01 1.923378558631511082e-01 4.531334455583697074e-01 4.750641711552113233e-01 3.725081173823373559e-01 4.122547391798588867e-01 8.517292699425847990e-01 8.543663286417771952e-01 6.999855425550954857e-01 7.074555146788288340e-01 2.743203003037218979e-01 9.062066621652251630e-01 6.559153494025571352e-01 5.490339279860915189e-01 9.830424417751011390e-01 5.223928783094546890e-01 4.229055858487848485e-01 6.807353658209330804e-01 3.432734429656209008e-01 4.319036655087690191e-01 7.279599751395188223e-01 4.875682682042822291e-01 9.440370476902610886e-01 6.266896846003964239e-01 7.510951619493411169e-01 8.252696848407227170e-01 1.021764677651583186e-01 6.291361600502418105e-02 5.919943321614533627e-01 7.013028700296987106e-01 8.914830266857369789e-01 7.149386448104915193e-01 9.240655454427901816e-01 7.159646873818503732e-01 2.691840027664348378e-01 7.681657089814892814e-01 5.162558434242214833e-01 4.424016122214280422e-01 5.498086096587635474e-01 6.092718989960379528e-01 5.151957445635457766e-01 7.742282503827461193e-01 5.738702551307597322e-01 1.025007043162815823e-01 9.246495165478496592e-01 4.907301485708388533e-01 1.046500329411041569e-01 5.013198072193866262e-01 2.558432246438032687e-01 9.941009218755123555e-01 6.800582412621767325e-01 5.802750305642269124e-01 2.144385396032010699e-02 7.576556129839240317e-01 1.327021931045057612e-01 5.439738406239237323e-01 2.419329464449226086e-01 1.280109797550728623e-01 2.303840465249482050e-01 9.661068045368876867e-01 7.073230390321015859e-01 6.408112002398811402e-01 6.282645770874584201e-01 4.025733475103378534e-01 7.792986144985233343e-01 7.765196062147876610e-01 6.974767541907649360e-01 6.601054190997684978e-01 4.941240355579633592e-01 1.027318196894483060e-01 7.526543333083790532e-01 4.757842595977969102e-01 7.401396802136196440e-01 6.004349397885396789e-01 5.032886307999124842e-01 6.421800545770246504e-01 5.592730398224529109e-01 9.124057414718835801e-01 6.922021165827422218e-01 2.959454499521750881e-01 7.023350149834023393e-01 6.900625504493888007e-01 4.294601063495537829e-01 4.148052451915485994e-01 6.577614180604091088e-01 5.444064891956589269e-01 6.672737637876802186e-01 7.322723964644860528e-01 7.310918863589896954e-01 3.541636303466602631e-01 8.423830831860502633e-01 7.251304958987384586e-01 7.436595258765608119e-01 5.581582829675444390e-01 6.184396218028944681e-01 5.793111639352498399e-01 1.185797016770579748e-01 8.614525164631376963e-01 1.946752536946856904e-01 9.887335136425321469e-01 8.905803387329568332e-01 8.887384142471089765e-01 9.476987050309985117e-01 2.594793540746992422e-01
2.414269222632669243e-01 1.596737270042926926e-01 3.478013070923867134e-01 2.585732918936145541e-01 1.000000000000000000e+00 2.436322321069566699e-01 1.299749493080133433e-01 1.131191501911041619e-01 1.907776422878334488e-01 1.134494331374644727e-01 2.336945176143341851e-01 1.719222203716372632e-01 3.199387927227301254e-01 2.431701872666698350e-01 6.601557068011650875e-01 1.954598197173678664e-01 1.791800324765751018e-01 4.258817043618268738e-01 1.364971273034614740e-01 1.968566356394684524e-01 1.904103873774720401e-01 2.171062742797654488e-01 8.986351604096173840e-02 1.487799580111271447e-01 3.359548376271641601e-01 1.756682773358745897e-01 8.472668785407330705e-02 9.341922271039719561e-02 1.811005012874083997e-01 2.026274811598626491e-01 2.654388997566888286e-01 6.493823351025727886e-02 2.427811109084987429e-01 2.977472725038085022e-01 2.540495865728187308e-01 1.352774742632738003e-01 2.477317533590071841e-01 1.735324952120460007e-01 6.923785083053282663e-02 1.563905411837390735e-01 1.732903411953290174e-01 2.003661246971376320e-01 2.670114451492184848e-01 1.017528468610232883e-01 1.548872493908408643e-01 2.342411114543769823e-01 1.897989548617959321e-01 1.122743442946038117e-01 1.936193758992626190e-01 2.585692289062220262e-01 1.750013282811956616e-01 4.627924066510277212e-01 1.984190007142519474e-01 2.814604095573781106e-01 1.138308118215561604e-01 1.744031543425646480e-01 3.313222149845070352e-01 1.455532624867443559e-01 1.517698636898150988e-01 2.086153662191306546e-01 1.930796509932271865e-01 3.496532178129587165e-01 2.333798228073340475e-01 1.408822176579716812e-01 1.471025441167508607e-01 1.420667407802193027e-01 1.624213277497419949e-01 1.439278068231295005e-01 1.200444756716301936e-01 2.590317275325223489e-01 3.664003991594069198e-01 7.678734365250741711e-02 1.713828586758954775e-01 1.636316504813545847e-01 2.246609397322655577e-01 8.802920919398031507e-02 3.259222810823700911e-01 9.918143245350372061e-02 3.982517149197167816e-01 1.751003557405050315e-01 1.032167297930139532e-01 3.442677582393690039e-01 1.173382071519296910e-01 4.984694241424270089e-01 2.674462953643101937e-01 2.500391456415949065e-01 9.748763551908543046e-02 3.667411226614120667e-01 2.795501480608043043e-01 5.382960323651253542e-01 1.233258821123005139e-01 2.044074896941336095e-01 2.328242646625218737e-01 4.395215303018414899e-01 2.459169978455802430e-01 2.000439387192482210e-01 1.862397702419117673e-01 9.776639206264482740e-02 1.347087498613261380e-01 3.284583948482512339e-01 1.528998694445770634e-01 1.661423361066164672e-01 1.864958870389610834e-01 1.368732028589188521e-01 4.608264532513092204e-01 1.321720507089151342e-01 1.558153760484354000e-01 2.179209058134858878e-01 1.082323311573079316e-01 1.341785403143588573e-01 1.581686961040424111e-01 8.141094718787005025e-02 2.200971168555253266e-01 1.868184824818747147e-01 2.092836976482103373e-01 2.089283319846830800e-01 1.635797623538471912e-01 1.174202192936991962e-01 1.549489948394617844e-01 2.304533551711518968e-01 1.111858417007780958e-01 2.440115665732509598e-01 3.006202768968930239e-01 1.305657260389427032e-01 2.479638310593354211e-01 1.111446440082396736e-01 2.032592474626546131e-01 2.017492696764676130e-01 1.934835276705626217e-01 1.527447664451598575e-01 1.717644786868025575e-01 4.982096935920753422e-01 2.458479304934725052e-01 6.949047052972521232e-01 2.330028990649980758e-01 1.385414012568044473e-01 2.098239169100428181e-01 2.247801073751444778e-01 2.621233744603327920e-01
3.427992317835498182e-01 6.683867357660339126e-01 3.243722299906756090e-01 2.465292721548412724e-01 2.436322321069566699e-01 1.000000000000000000e+00 6.600282570453265274e-01 7.156987026957420950e-01 1.630970395863097777e-01 5.928154915656567159e-01 2.149171304637586266e-01 1.570819586625390174e-01 9.070074718773785127e-01 1.943558959656161433e-01 4.767195775767602006e-01 3.733801541186220208e-01 2.711868975757698585e-01 8.011074860141406129e-01 4.203887803046675309e-01 1.626849441977571142e-01 5.240296678818149312e-01 4.995168822660812635e-01 3.464814725232398529e-01 3.981894680689995747e-01 3.370762684927456898e-01 4.757823106276670155e-01 4.972131061691547060e-01 7.031669578958961164e-01 2.868903198683468991e-01 3.148786908768965165e-01 2.633589873855411434e-01 5.605026517563309607e-01 2.315132195084037003e-01 2.620087075620064487e-01 6.782898948160445141e-01 7.274464631624169564e-02 6.126004824519155623e-01 1.763584316306524291e-01 6.275370276978720074e-01 6.623751648206649412e-01 5.582963159776489492e-01 2.773446144563688209e-01 3.074018716610563695e-01 5.065862890365118165e-01 4.384735428400342028e-01 7.155523111698715022e-01 3.569851343150813316e-01 5.783644541951808993e-01 5.220438530588605852e-01 2.268742907878431581e-01 6.133622952071335899e-01 2.876269244733104524e-01 1.833999556972525091e-01 6.401386652650168374e-01 3.999818778730001578e-01 2.620757567966434110e-01 2.367987979873986681e-01 3.332209793028587663e-01 3.277403292238015853e-01 2.202724380197072507e-01 2.628902587326295004e-01 8.914804818922833496e-01 4.111285446490265949e-01 5.545295773488045921e-01 2.505554090761283881e-01 3.610707803820050743e-01 2.640591599506991183e-01 3.880727765923801531e-01 3.192583500247767603e-01 6.469753568596396942e-01 3.168387645023645338e-01 6.081866564442029999e-01 4.815862911071976948e-01 5.603508154350662629e-01 1.515401064814506094e-01 6.828760760247042372e-01 3.529241407009845455e-01 6.567207896279386725e-01 7.990569992552154499e-01 2.460527225483662705e-01 2.019310054655044581e-02 9.067991175765508505e-01 6.816980042919263960e-01 5.559125961317841202e-01 2.356421234203164572e-01 1.846198967980708927e-01 2.400716832989388538e-01 3.534415866076708879e-01 3.962543131026259879e-01 7.434339222722556872e-01 6.374255622966199519e-01 6.796079143142159662e-01 8.794296274862327678e-01 4.372547630875597280e-01 2.993678769479412582e-01 2.330984660179253320e-01 3.480201934179098511e-01 3.048438142613509316e-01 2.765194894863114428e-01 3.412235937969295696e-01 4.547278002712140110e-01 2.863077909150445466e-01 3.613330957888288286e-01 6.078299646079672325e-01 7.006588861819607050e-01 4.700559594074866787e-01 4.702867149928899870e-01 3.000295569166910314e-01 5.234741003545330118e-01 7.870197299087184906e-01 4.698664635556600300e-01 3.570783928062238877e-01 3.696432597926604391e-01 3.539185949524935038e-01 7.545171314245726624e-01 4.315187094639368337e-01 4.420371542979425472e-01 8.578009839696048022e-01 8.656238038740798890e-01 2.088778548098066123e-01 7.716322512144058177e-01 5.003978135609969957e-01 3.623135610490710867e-01 3.869490011688508369e-01 5.324841820944375970e-01 4.220800800020756971e-01 1.913938677461902160e-01 2.395563240373531355e-01 4.285497168793310219e-01 3.114348221985550058e-01 4.612271427490401143e-02 5.606953880753954289e-01 3.444289685882326868e-01 6.864414612342271127e-01 2.527519321165295763e-01 3.955413502689626992e-01 3.204867800388828125e-01 2.335316462608248711e-01 6.890739644462283708e-01
5.760544140802983382e-01 7.331034305792768491e-01 3.261347784383846760e-01 3.222662560346908345e-01 1.299749493080133433e-01 6.600282570453265274e-01 1.000000000000000000e+00 6.084294955600201282e-01 3.694107225957042329e-01 8.242083638646784394e-01 3.981392911376041011e-01 3.138320249836825671e-01 5.770917296925293094e-01 3.693316499549239573e-01 5.090024927702681001e-01 4.455100646946272280e-01 3.564705431047428541e-01 6.295259297280592081e-01 5.461838309709616812e-01 3.760485931184369135e-01 6.950887085924903896e-01 8.313546278197134765e-01 3.818121352632587451e-01 5.582317268701266766e-01 3.410734674740444339e-01 7.631573888486820056e-01 5.450924430473269577e-01 7.299107896784210459e-01 4.619204438086893516e-01 3.681763223892772219e-01 3.303767953028174387e-01 7.172564508006031847e-01 4.154686758343945074e-01 3.773853485563335441e-01 6.799968143820671607e-01 2.327320217871677310e-01 7.503458011993824339e-01 3.799749666340673793e-01 6.752535631030817109e-01 9.207014000458109138e-01 7.119696101981092262e-01 3.133053424206694304e-01 3.342346810602877527e-01 6.496732195392147524e-01 5.872448000165666482e-01 7.873311636157838134e-01 3.603809305777943561e-01 4.614229542370585913e-01 7.601855496263204559e-01 3.085529754508044564e-01 5.767894350835726103e-01 3.888905275858791089e-01 3.589725918960732787e-01 4.324141158981077426e-01 7.384449275534258339e-01 4.231540103703137490e-01 3.544130550306018312e-01 4.124425375814949613e-01 4.983974194853250661e-01 3.961222960602989174e-01 4.696374444648209190e-01 6.101232949043307041e-01 7.396401636242080357e-01 7.938780867115164952e-01 4.076347762615097348e-01 4.311646212134602196e-01 4.786404075687408222e-01 4.207509234372861506e-01 4.626036159334027120e-01 7.969992685243326713e-01 3.346747044924885950e-01 6.597990910570483702e-01 4.614976239197872698e-01 8.274469008371869716e-01 3.293041853509762751e-01 6.714473113374394009e-01 3.525266484628927777e-01 5.377818968537902977e-01 6.889396689648913386e-01 3.431473821312932548e-01 1.559663090778330152e-01 5.538564693521660365e-01 6.130012412696886903e-01 3.448052738298598152e-01 3.173635402269140426e-01 3.623737236180090693e-01 3.883401056930370632e-01 5.695867498480818858e-01 3.627810190701702409e-01 5.820419473761931917e-01 5.989861027183396303e-01 8.668244281332286860e-01 6.838089330420354939e-01 5.174685707065986850e-01 3.494434969205796326e-01 4.033886186210239311e-01 4.994914378037510483e-01 4.222016436351617164e-01 3.191556350601436609e-01 3.431193063900677687e-01 3.538771994158914636e-01 4.640151812639586870e-01 5.310337578995090180e-01 7.709661829518358322e-01 6.635077345964532913e-01 3.646375020159183800e-01 4.393551261780362371e-01 4.925191256163795606e-01 6.241755143030990327e-01 6.492119587690595717e-01 3.274013458492809892e-01 4.130130558459884638e-01 3.686768292446457318e-01 5.168410875374712665e-01 8.759107633413799610e-01 3.166615224634125036e-01 3.314301040842230206e-01 7.492373207625587783e-01 6.287394094204575845e-01 3.895649539911564263e-01 6.211594228425625364e-01 3.679677134050882703e-01 3.399508343627529183e-01 3.487002480012287298e-01 7.307514601880157334e-01 4.459962301319274625e-01 3.736710605353187331e-01 4.188251763997563049e-01 7.339719272385941684e-01 3.985994535080854551e-01 2.909320108371015179e-01 6.384649830154026651e-01 3.499718456888510909e-01 4.427420867627585577e-01 3.317631793096710857e-01 4.357875226482404996e-01 3.436809850269300637e-01 3.490083936891225647e-01 7.194320350944001241e-01
4.428726256456602672e-01 5.217170741675596357e-01 5.078585123168157800e-01 5.005423435083014017e-01 1.131191501911041619e-01 7.156987026957420950e-01 6.084294955600201282e-01 1.000000000000000000e+00 4.700723869513764863e-01 7.345928258559463186e-01 5.185867335534579681e-01 4.728241323722767175e-01 4.782492041745073363e-01 4.673530658546241057e-01 1.918967345854369622e-01 6.252642552910026019e-01 5.480744609400248768e-01 4.616070113006400244e-01 5.859351842166741209e-01 4.483519019870099709e-01 5.091870939232335802e-01 4.389598101106265138e-01 5.054342171406354112e-01 7.338064583411537667e-01 5.095188158929435662e-01 6.070118063952920640e-01 8.627701826137945673e-01 9.646379783120474505e-01 5.601111643072741453e-01 5.499916540186027269e-01 4.966857331762439820e-01 8.654066169178218360e-01 5.235566106658297025e-01 3.311251407330786378e-01 3.516825272808362657e-01 1.555955964510610523e-01 3.490834755187421368e-01 3.117440561347287198e-01 9.597190451924788590e-01 5.945733474421828202e-01 4.693631592873503955e-01 5.256730505236374418e-01 4.907238308613462441e-01 8.512155770094800289e-01 5.626604666453249859e-01 4.208497921135747610e-01 5.846315546394165175e-01 8.678418936496932190e-01 5.636633330299440914e-01 4.862899100058752921e-01 9.273253158416011610e-01 4.002544939118276024e-01 4.541927460056065513e-01 7.112919262840055046e-01 5.197219949046503196e-01 5.535320992449539457e-01 3.835885821438854149e-01 6.189284048254294346e-01 5.651794076661291744e-01 5.293288807550211583e-01 6.198891196961460182e-01 4.930400647028176375e-01 1.970172077128413135e-01 6.413075570856278107e-01 5.064696160785493451e-01 6.664626184193086500e-01 6.351972197380513219e-01 6.055894982077199007e-01 5.952091193481044984e-01 4.406818118732981349e-01 4.875092842656328362e-01 9.606959871309598276e-01 6.594809547258349003e-01 6.175512796321929176e-01 4.221822440648696495e-01 9.789483636761776575e-01 5.289972205709855269e-01 9.784764662866273222e-01 4.076977077183913667e-01 5.430596319079499246e-01 2.746979021086262129e-01 5.004990145013835656e-01 9.952667659188207949e-01 4.208960846249647503e-01 4.871758730376799518e-01 4.853709363238810637e-01 4.835313007695601906e-01 1.154200813534201897e-01 5.623582304245454688e-01 3.802878900992173739e-01 9.751217732282443373e-01 4.242803744907004959e-01 4.678367366751357004e-01 2.756074116940721019e-01 5.149363475989873207e-01 5.135118568013739004e-01 6.319775920676198311e-01 5.371865540670721639e-01 4.944441233061597218e-01 5.121119069099818732e-01 6.872466724261266924e-01 6.356433604503288759e-01 4.832664836392367991e-01 5.430202138847779469e-01 3.344524180585015105e-01 6.416115473700948479e-01 8.594688151612324134e-01 5.999257337078894858e-01 8.645745167919290930e-01 6.728012187876705186e-01 5.665326182133372246e-01 5.800941154549322798e-01 5.541671485940847797e-01 4.868638165284129293e-01 5.268980677954223646e-01 6.254354566308244490e-01 6.027121508574515563e-01 9.196285514208704104e-01 6.973145579540379613e-01 4.924608224726531036e-01 9.437263754470519572e-01 6.745389417160500001e-01 5.376058209325919046e-01 5.295214831698966673e-01 4.020037611556435131e-01 7.337147481152321848e-01 4.863581535185320659e-01 5.367383750007336252e-01 5.934440351390690704e-01 4.882158103321797560e-01 3.011723586705742362e-01 2.331396855917894084e-01 5.434337994382908432e-01 3.885670184521642367e-01 5.175551727977861782e-01 6.990808157353710639e-01 5.329073864968916219e-01 5.208853712245783418e-01 3.817075870954103611e-01
3.882717231058926410e-01 3.144215368608538341e-01 5.493170768433031093e-01 6.093516670236198696e-01 1.907776422878334488e-01 1.630970395863097777e-01 3.694107225957042329e-01 4.700723869513764863e-01 1.000000000000000000e+00 4.780185262298110582e-01 9.629349923244511222e-01 9.289687104405350837e-01 6.112058358416655457e-02 9.071356501412314310e-01 1.808853711128675934e-01 5.836443427011029916e-01 5.882091175399823957e-01 1.190091690311788353e-01 4.118240907234930748e-01 9.939856135673317272e-01 4.029872485612683297e-01 3.722734930949144205e-01 5.959504368010163367e-01 7.478377117494388049e-01 5.381335427405989913e-01 4.989549546178067563e-01 6.182980566709809223e-01 4.932113470863914162e-01 8.654327705445383767e-01 5.784377842804672154e-01 5.866234962713796630e-01 5.384351181175501821e-01 9.319435720231570297e-01 4.382619069549561486e-01 1.674628122993583046e-01 8.392396145891425907e-02 1.863166395834111311e-01 5.332254581994424480e-01 5.079391596801964281e-01 3.842876339770922023e-01 3.175175776807543926e-01 5.776197602727223268e-01 5.187915805322793616e-01 7.064940919890085880e-01 4.210583884956982104e-01 2.034120871918992379e-01 5.494562526826924920e-01 5.186209054213005709e-01 4.382090221768758509e-01 5.920767708219021319e-01 5.846664092544180402e-01 4.253256468381454991e-01 8.970281163277828984e-01 4.244729563961894270e-01 4.325252282993609643e-01 8.909866847996408268e-01 5.269935598756527728e-01 5.729103321977404573e-01 8.127344799804474551e-01 9.161966581961762390e-01 8.121643035736674232e-01 9.518020585662953503e-02 1.549095971687044493e-01 4.586195638991181767e-01 8.067427278669896396e-01 5.958997009855552252e-01 9.054916539898167915e-01 5.389614306239363106e-01 7.986496018778087569e-01 2.222295175678221102e-01 5.427385182048618528e-01 5.618797421958747762e-01 6.261154959971054756e-01 4.673990161402032939e-01 9.398699230588032361e-01 5.123697805697393637e-01 5.272957929254126208e-01 4.868733879658279085e-01 1.113584175980077695e-01 6.116808179438033566e-01 7.510653515202322383e-01 6.917448183076385648e-02 5.029037579650711409e-01 1.871793104613280190e-01 6.040433170570114196e-01 9.494267769634499032e-01 7.582592538467192167e-01 1.217507542543352084e-01 4.927452495938091093e-01 1.246673770972288320e-01 5.522293615589081162e-01 2.229820492923590969e-01 9.622649164759859708e-02 2.195333996619791284e-01 5.630364615520995208e-01 8.866296453876264527e-01 8.868118217943490311e-01 7.308730309587023743e-01 6.166126569629726273e-01 5.186448133439044428e-01 4.688389972291077124e-01 9.487609231634051010e-01 3.833780982820366168e-01 3.431101264687953512e-01 1.234845647031494187e-01 4.462680382800560674e-01 5.638678026354624340e-01 9.070697557177224146e-01 7.480684736399140222e-01 3.176485029213234612e-01 3.381575455978523270e-01 6.732404904006714652e-01 5.394535125976571699e-01 3.829828280744919100e-01 2.423449699823375103e-01 4.140188637646387559e-01 4.158042152883491549e-01 3.437276016844658666e-01 2.642923886065573491e-01 9.545894250213059484e-01 4.074512726594353706e-01 4.339272769632476212e-01 5.199775834226672000e-01 4.009033397118571540e-01 2.791941378397664875e-01 6.140749967379393048e-01 8.832870585190246704e-01 9.106221241488693385e-01 6.257864713635471476e-01 4.348114941830026892e-01 6.719886942507826699e-01 1.367702538280071156e-01 5.296954759432581650e-01 1.695755822330893003e-01 5.967412681514125961e-01 6.284599937235856304e-01 5.435455911049146271e-01 6.504778539452578112e-01 1.805280572397501282e-01
7.426868789893299461e-01 6.505661747338531420e-01 4.114159917084386775e-01 5.205272678666063024e-01 1.134494331374644727e-01 5.928154915656567159e-01 8.242083638646784394e-01 7.345928258559463186e-01 4.780185262298110582e-01 1.000000000000000000e+00 5.136446814527931837e-01 4.708744367337722170e-01 4.130855573081456678e-01 4.783597760687237077e-01 3.882928566302840112e-01 6.465805132134496702e-01 5.876505450681681619e-01 4.106674670099571545e-01 6.925136484685059379e-01 4.595240705173564422e-01 5.983013544981210519e-01 6.886306550222173195e-01 4.029431102045955559e-01 7.202059077415048360e-01 4.064949213624736712e-01 9.228688493839971585e-01 7.774216082516920423e-01 7.902166157723246043e-01 5.352117982904972537e-01 5.168172565503613702e-01 4.978812957717481669e-01 8.880446530300071251e-01 5.139531209717623783e-01 4.373718146450004118e-01 5.400351129450584597e-01 2.368084423599616795e-01 5.295185702627669411e-01 3.694284338608243567e-01 7.850809705729128174e-01 7.730161804207144050e-01 5.985987922239837111e-01 4.462112096514741499e-01 4.085184686241150054e-01 8.247126910015516454e-01 7.135246539237343200e-01 6.254997250866136671e-01 5.000976045185974161e-01 6.008336551280113458e-01 7.675311837947240701e-01 5.218151770762201602e-01 6.024307156202026725e-01 3.675823951195215655e-01 4.578541072641360010e-01 3.672412078472133690e-01 7.099439962654753300e-01 5.299112869068729470e-01 4.349539223472979610e-01 6.551124615377714733e-01 5.327256540692275610e-01 5.176071648703426398e-01 6.724859787448436155e-01 3.801885145980719583e-01 4.959761776425142266e-01 9.252413459622559344e-01 4.902074547143840944e-01 7.097551348612713973e-01 6.801716797940597914e-01 5.779131853472729841e-01 5.399836269060296345e-01 7.254748805165588399e-01 4.055978176888894171e-01 7.578704808256782055e-01 4.501526554363521337e-01 8.500890451928926339e-01 4.254706972517202646e-01 7.759286278833583683e-01 4.212699426029050676e-01 7.192483304619978757e-01 4.600441929123154639e-01 6.149153481547435796e-01 2.711247359387234934e-01 3.789326736566281384e-01 7.244284802439824311e-01 2.976904331096394962e-01 5.207980635353055554e-01 4.789864586064229712e-01 4.636407840187904417e-01 3.259548226714527042e-01 4.226332672781884514e-01 4.059699023490705438e-01 6.962081932406821716e-01 6.969929337012791271e-01 4.877474504044978509e-01 5.079019417576084994e-01 4.924735695638561284e-01 4.927487428815411907e-01 5.839973054157667764e-01 4.856241589476399945e-01 3.604777937443050528e-01 4.123230641131619412e-01 4.866216392141556324e-01 6.230415727010204519e-01 6.897529294447740655e-01 7.061944761537182202e-01 4.194824840891362427e-01 4.467212703631577853e-01 5.354294965694259556e-01 5.751809553089538563e-01 6.920096263216444221e-01 6.184352878549927990e-01 3.661813272527540408e-01 4.685096354792368523e-01 4.742732090627380659e-01 6.821630222830619150e-01 7.864415030596341172e-01 4.070313618611675066e-01 3.897443586661439308e-01 8.161679072058678486e-01 6.117090207004293179e-01 4.870390752036916626e-01 7.642857505510025629e-01 4.352374149682964877e-01 4.099315318726834967e-01 4.048679219457692047e-01 6.343998212872310472e-01 7.172949625528043383e-01 4.775779103957093485e-01 5.209072440323522235e-01 6.889999972186263699e-01 5.143491104196684649e-01 3.575570183458941509e-01 4.361088987295314578e-01 4.417903252557364158e-01 2.996910821913291167e-01 5.500744616364405815e-01 6.867226043053720197e-01 4.621448261189773921e-01 5.371715823260114764e-01 5.420655022946935242e-01
4.359767857445859818e-01 3.899707222004035190e-01 6.106402040314148350e-01 6.846285009466134275e-01 2.336945176143341851e-01 2.149171304637586266e-01 3.981392911376041011e-01 5.185867335534579681e-01 9.629349923244511222e-01 5.136446814527931837e-01 1.000000000000000000e+00 9.588009328448983126e-01 1.139710609940578490e-01 9.537350033783397185e-01 2.146846738187721537e-01 6.842100792784879815e-01 6.669686776208685330e-01 1.445538970408263013e-01 4.877174358806438126e-01 9.500511615827159639e-01 4.833869908277146910e-01 4.235565857586025551e-01 6.205978028925737133e-01 8.115095974278310198e-01 5.980037354830434193e-01 5.389315141921554586e-01 6.558810228462764735e-01 5.291566463182757474e-01 9.303494630571295110e-01 6.592607244584332005e-01 6.770296609068220395e-01 5.592495262993313343e-01 9.921672070497219442e-01 4.311651514509411420e-01 2.371196896311769109e-01 1.403937753936269905e-01 2.498481346036403872e-01 5.957248873128100364e-01 5.391654573954423046e-01 4.418580187245620960e-01 3.961933632499745617e-01 6.291853613730797878e-01 6.001147244788416213e-01 7.444412050360214028e-01 4.966076567546973131e-01 2.697048853243617650e-01 6.162245065725466819e-01 5.602448289681007942e-01 5.097567881405119516e-01 6.777569820893354358e-01 6.232028318295486091e-01 4.037040819876706044e-01 9.439657401313705787e-01 4.506021141851296319e-01 4.953498095570340043e-01 9.481724890097524838e-01 6.115636198344647223e-01 6.419004536469214983e-01 8.615960893414238431e-01 9.794781931757565729e-01 8.755185997078637206e-01 1.396576488200760857e-01 1.669798150715130769e-01 5.059566839914573233e-01 8.729842591390231110e-01 6.467530386081901117e-01 9.240095010993216729e-01 6.209016451075576315e-01 8.593473907574002979e-01 2.641524137818496709e-01 6.059402467658012714e-01 5.983033376220758814e-01 6.460919338706303527e-01 5.284254512732525777e-01 9.526981205554119203e-01 5.530260822558388245e-01 5.963793532392850372e-01 5.356604701939385871e-01 1.503401838009389146e-01 6.592443983130500396e-01 7.574743984726229895e-01 1.202705684717472606e-01 5.474186343405830213e-01 2.309104646744951916e-01 6.897351660068214985e-01 9.959947736467086310e-01 8.054539603903325684e-01 1.272303450357712140e-01 5.657816405084263867e-01 1.566397778787414485e-01 5.928611149737840202e-01 2.753738086898463444e-01 1.366466817630256902e-01 2.774802697784334859e-01 6.560173186562405778e-01 9.494380857511727223e-01 9.241051659091485959e-01 7.808158197992354221e-01 6.318720278167592186e-01 5.847000634637727901e-01 5.238603802809672638e-01 9.556060957566063774e-01 4.494331364247208249e-01 4.184482066027795932e-01 1.539199994488754664e-01 5.073753089962514951e-01 5.907837164381305461e-01 9.710569977217788917e-01 7.728819628670726694e-01 3.789050119632465519e-01 4.004701366501161597e-01 7.169972029879376763e-01 6.191502683461702627e-01 4.494625600489133288e-01 2.920972158992684031e-01 4.594950439062054914e-01 4.649132073498119522e-01 3.891975699475211381e-01 3.127788031312671024e-01 9.882555742830966272e-01 4.493717517070118239e-01 4.983828410950125187e-01 5.751661366685587584e-01 4.631234062968729859e-01 3.473169878253040688e-01 6.471869671889358688e-01 9.533047758881185718e-01 9.729916770393570724e-01 6.981376529138477727e-01 5.322204531842557040e-01 7.158273791754656834e-01 1.690638957954421762e-01 6.086975666761156312e-01 2.092913632398318013e-01 6.729733687437329248e-01 6.733742966176740063e-01 6.163023505095238663e-01 7.240950105146728433e-01 2.490819783397061060e-01
