1.000000000000000000e+00 4.286127634302202560e-01 7.848037268030644970e-03 2.795880752940161917e-01 -1.658592245722251279e-02 2.324668966230571954e-01 1.154535843628519132e-01 2.889512558465040515e-01 2.668076807797656325e-01 1.272858212096056596e-01 1.977517668860870603e-01 2.298946007381015288e-01 2.323029475725140736e-01 1.345026174608348335e-01 2.810906395098656252e-01 1.193473186777654904e-02 3.921587206956387850e-01 3.491049622966192478e-01 2.954077390539356363e-01 1.962773154666895836e-01 4.742028384670302077e-01 3.267569774301932739e-01 4.678657661789918376e-01 2.687824874854302659e-01 3.500694437136997461e-02 3.707145675109195238e-01 3.464145103186548891e-01 2.265864894303538934e-01 2.874134424270955446e-01 8.631018787940435144e-02 3.073114027814882743e-02 2.707907398305159918e-01 7.037111959454916965e-03 -2.752503884131216050e-01 4.137487059137813783e-01 -9.551344910930240073e-02 5.050361800079651298e-01 7.097978088268037944e-02 2.751050965094747891e-01 1.798085612859285920e-01 4.871664711884422516e-01 1.345250584660812876e-01 -1.514773387926153236e-01 1.960300582438468109e-01 4.994080987309537645e-01 4.017797053164700039e-01 1.829788609778448816e-01 2.812293101221917113e-01 5.438824034552135478e-01 4.244636618468414779e-01 2.949364268680053636e-01 -8.979619774665301146e-02 3.713747718390057045e-02 1.613392148395583203e-01 3.456688843631516850e-01 1.811466204683996328e-01 -2.367419254936626305e-01 3.115797675194350025e-01 3.124652129137724388e-01 2.117016266515463485e-01 3.629300043695404820e-01 2.428881739343424773e-01 3.282068192694057585e-01 2.254420277939489792e-01 2.092953842833377431e-01 2.994843550655658659e-01 3.757416073587488969e-01 2.307270221488706002e-02 2.657682521490614680e-01 4.261067127902133655e-02 5.108264588694157171e-02 2.561059650606343774e-01 4.245066513391987928e-01 4.849438439756464381e-01 7.354876359675882602e-02 2.591624917903187497e-01 6.301944313581715751e-02 2.912237510197477897e-01 2.055388926999524024e-01 3.790315643802665835e-01 3.612429508838119890e-02 2.347715538631614529e-01 2.864082625740725918e-01 3.660721875016371696e-01 6.683941904382570409e-02 1.973499423868420588e-01 1.179159617817927136e-01 2.330806664559966213e-01 1.788172622209328877e-01 3.297858084363727293e-01 2.892913380821639513e-01 3.703604590742205493e-01 5.160671371287230136e-02 1.614735136787260328e-01 -9.157727494091719156e-02 1.618934900582595093e-01 -6.215536381951247691e-02 2.519125455425145210e-01 4.954107185316558026e-01 1.217356720216440993e-02 2.608698582612594130e-01 2.354728363011242553e-01 6.903704328627623399e-01 4.889133182379942211e-01 2.249370474687964472e-01 2.954058570504161096e-01 2.202138522122092379e-01 2.947189545666007993e-01 2.693701538594558964e-01 2.121068391527891617e-01 3.317038641954950795e-01 3.605422379653816511e-01 1.890028578684495031e-01 5.905157158334375378e-01 2.687412763448567277e-01 3.365902572790652192e-01 2.817264730266564321e-01 2.563459296930556963e-01 1.676578224524795935e-01 1.896271337436524207e-01 2.506280959091324867e-01 2.129702865411115253e-01 1.376023268870831817e-01 3.915981983405374955e-01 5.393216904874313933e-01 2.864854313904811045e-01 3.153673580309802882e-02 1.764175773499970790e-01 3.253938074937299807e-01 -6.820243885828139452e-02 -1.729852868310728306e-02 5.501843200062429551e-01 1.378025305083671881e-01 2.868535314623062438e-01 3.445664833289915352e-01 3.084295932633671633e-01 3.605931295411164694e-02 9.143554077670604241e-02 5.200948676355258149e-01
4.286127634302202560e-01 1.000000000000000000e+00 -1.038313633827146337e-01 3.679268160735066351e-01 1.782568324252241099e-01 6.231348875345241733e-01 6.356973803714277560e-01 6.441127704951277178e-01 4.604946309283744488e-01 5.011938315204453875e-01 3.486243098180483169e-01 5.395666665776636117e-01 6.239659571621716250e-01 -2.324404099785357808e-02 6.531025814173540001e-01 4.086430028700571704e-01 4.646246169829423844e-01 6.446179723827680785e-01 5.482734292781581420e-01 3.938610459250923568e-01 4.862718685355815751e-01 4.331666290225232308e-01 2.002726866165074893e-01 6.133975489653541446e-01 -1.067634142450025470e-01 6.579418833633590147e-01 6.372134452492812517e-01 6.111515126379322149e-01 2.375150018085590564e-01 4.671908507673023792e-01 2.747237915823445009e-01 5.764009707107543568e-01 8.801472882011431020e-02 -1.442249229143571509e-01 8.046709786496082373e-01 -1.963311320317944197e-01 6.891189267009796282e-01 -6.856272010138531048e-02 6.285889310341256087e-01 5.887308911632629371e-01 5.753070692576234269e-01 5.109596844342971789e-01 -1.671232559217115665e-01 5.900788836490320488e-01 6.041789865304945106e-01 7.183505533679345190e-01 4.991440468478772208e-01 6.737667099217621303e-01 6.092384538965551766e-01 2.094240266659067040e-01 6.716233349541131936e-01 -1.151439349173589977e-01 -1.335262353273035385e-01 5.457492051602684802e-01 4.070783910307214093e-01 4.503769355139072283e-01 -2.403254362439136427e-01 5.795715463480466401e-01 1.396668044106261219e-01 3.941158503247230716e-01 5.209191975979653444e-01 5.962853274456370034e-01 4.721600670363702568e-01 6.621754009706392052e-01 -6.324354708460075414e-02 5.688469327795478980e-01 5.817884662041490351e-01 4.755758870303165575e-01 4.650939749033786152e-01 5.044889686966654851e-01 -9.916224937518888782e-02 6.078875643836264553e-01 6.165873546496319912e-01 7.658264845025484213e-01 -1.363259738934856011e-02 6.248476477042770316e-01 -5.668375744815769973e-02 6.493771447540366282e-01 5.963464388704061703e-01 4.790901644854580477e-01 -7.322536586295941285e-02 6.041136033967787755e-01 6.507470562618276055e-01 4.471012209533979376e-01 2.124103704250722424e-01 1.932204290487923026e-01 -1.837612901584117497e-01 5.894092772404873060e-01 -4.262590808111393686e-04 6.169881977332952738e-01 6.558924175728909622e-01 7.496614255620868139e-01 5.060842959367632954e-01 8.710062039900931530e-02 8.026504929593729354e-02 2.603661090472482106e-02 2.635958881176126978e-01 1.934093133764156480e-01 4.679296250366166698e-01 -1.018192204937901496e-01 6.360985197126955981e-01 6.021209167451362365e-01 3.987255573892267702e-01 7.559776031419748188e-01 5.987398139907058603e-01 5.693924207405911542e-01 6.293896668613839784e-01 4.459551431026795854e-01 6.643230510895268282e-01 6.543494497705036883e-01 4.019716983319304715e-01 3.949536324213520633e-01 1.682466194612846910e-01 4.641945901643900751e-01 6.657952899647112677e-01 6.587111957575906285e-01 4.860835295881872353e-01 6.236942065968273941e-01 5.956085551502753317e-01 2.236450610938943151e-01 6.343629230130144458e-01 5.942492149262343926e-01 2.895960653267523610e-02 2.974956737909032478e-01 6.090421181139483719e-01 6.430273794810884569e-01 -6.721675852854740174e-02 3.088120454587689467e-01 3.600062828272350135e-01 -8.718934673115205647e-02 1.203899319261255221e-02 6.052631106857541132e-01 1.999353019245604934e-01 5.809314390859953159e-01 3.393529227719917496e-01 6.226996442331135251e-01 3.024030887462346717e-01 4.674586701214071272e-01 8.036522304634067249e-01
7.848037268030644970e-03 -1.038313633827146337e-01 1.000000000000000000e+00 4.700596685848587031e-01 -7.748410973813499303e-02 6.408069722963315173e-02 -4.495846510817227970e-02 4.161784409042706273e-02 1.175530718274296199e-01 -1.246161343566819513e-01 4.442749759903573126e-01 3.747163435881791238e-01 1.090760035614884715e-01 3.839340093144579802e-01 -1.213867876733178974e-01 -3.762899809571000620e-02 3.145232254459183197e-01 5.909790620678617712e-02 -3.415833963892147551e-01 1.220331334180640298e-01 4.801765845544624101e-02 8.368767484599377859e-02 9.295712117196713864e-02 7.524522742343761617e-02 9.645753359705653285e-01 -9.965813449677692060e-02 -1.461637727193320149e-02 -1.619627676885384074e-02 2.545084202122050443e-01 2.666591078506126977e-01 5.596822959154355015e-01 8.673253359367399246e-03 2.137152640729445829e-01 -1.229461901168087679e-01 -5.864245591957686216e-02 -1.103751697145324284e-01 -1.214501564785330778e-01 -8.880091769647753541e-02 3.068699744037188884e-02 -1.169022710163218487e-01 1.918581788765892984e-02 2.509154606837042389e-01 8.076356281562763195e-01 -1.236884222725282145e-01 -1.804849391182967722e-01 -3.306757148154600839e-02 4.205657824061481698e-01 -1.694693995257828129e-03 1.380977750555184291e-01 4.746715697874329121e-01 2.865540678818895293e-02 -1.715615293462880997e-01 3.440457717564188722e-01 -3.844408258408771317e-02 2.338560987711638811e-02 3.125319631043191326e-01 -8.399605148488661910e-02 4.602952651032325010e-02 1.616942472895686600e-01 4.062605740305607616e-01 1.279348256622547808e-01 1.069273755046566549e-01 1.369116855292974999e-01 -1.762624940440542520e-01 2.346684556756474804e-01 -7.334531347958236913e-02 -1.686706844640606428e-03 -8.323666978952838635e-02 1.440977116853681683e-01 -8.027088203083865281e-02 9.440038665598319279e-01 -1.599932237854518116e-02 -5.943997301000817496e-02 4.421339071148333577e-03 1.954715631772001583e-01 1.765945606797980280e-02 9.490948978842229655e-01 2.169733827462129103e-02 2.616683335194512280e-02 4.517630367830226951e-02 4.454044067484536074e-02 1.012763174586220893e-01 3.087277123452443137e-02 -4.306042575309763920e-02 3.108664600149491086e-01 4.942263941760500212e-01 4.152819101903064414e-02 2.045990204021198300e-01 7.102535767217971197e-01 1.446359243268455219e-01 3.118157961524347169e-02 3.840988116300970978e-02 2.298993541749965244e-02 -1.101576351676757798e-01 4.652452035573990119e-01 3.844148589248362891e-01 -2.160383209471012922e-01 1.199800150531419723e-01 -2.615328102249511733e-02 9.487750535085937020e-01 2.198676985536878598e-02 3.403323674873853788e-02 -1.952538438945861932e-01 7.640884766086025737e-02 -5.560659831009057488e-03 1.131013802086007908e-01 -3.393671341859191837e-02 3.341337984478695011e-01 -2.386277955822274643e-02 -2.965973128094535199e-02 1.468222812100959396e-01 4.449066867084611188e-02 6.815325347875877959e-01 -2.121370062821161251e-01 -5.512126659272559293e-03 4.743462366129007346e-02 1.619696791359454546e-01 4.315859243698865616e-02 2.933713077363086022e-02 3.637001314771842742e-01 2.252577791450360162e-02 -3.954685186836226496e-03 8.852429614846549777e-01 3.581131410612560795e-01 9.628698304959618093e-02 -8.625126746965895708e-02 4.097846591946653905e-01 4.170104278105852269e-01 1.858099263809306206e-02 -1.226894858900409169e-01 9.632222662262543422e-02 -3.422267759673970622e-02 6.659086173249981755e-01 1.429367444846335322e-01 3.974429164879088594e-01 1.317627196502371180e-02 3.631674990111175561e-01 5.267334701686596926e-02 -8.115980601631236913e-02
2.795880752940161917e-01 3.679268160735066351e-01 4.700596685848587031e-01 1.000000000000000000e+00 3.446857222108164476e-01 6.571767662906572438e-01 4.437853165067249250e-01 6.304349871644251424e-01 3.336305621309209046e-01 4.707847888222905786e-01 5.169236396581384785e-01 6.907388065744110017e-01 6.833017518964368264e-01 3.422816926971843365e-01 4.274346245099756025e-01 3.483533347593946727e-01 8.969470023071421938e-01 6.668412129811465139e-01 2.625478230711981165e-01 2.569587509308070006e-01 2.215181059853600920e-01 1.193564308370902161e-01 4.813309442611570788e-01 6.995237770395374977e-01 4.622060072851696400e-01 4.457487624410242377e-01 6.100031469222235714e-01 6.004897552135441963e-01 5.485003911088939255e-01 7.718959449806429562e-01 7.879303650603111109e-01 5.796868345636398967e-01 2.305549257112264883e-01 -1.819777122384431955e-01 3.796871175235416729e-01 -2.990729840808409312e-01 2.867009770762248833e-01 -2.599915376225516717e-01 6.032330518247093210e-01 3.304351972684986261e-01 2.085919387516289858e-01 7.395233297738224021e-01 3.012882277329384517e-01 5.215238670854557279e-01 2.245569717865755488e-01 3.855265441869836218e-01 8.097579337577531788e-01 5.995275250308486070e-01 2.400887202254803898e-01 8.563040971933533196e-01 6.267956648847508028e-01 -3.798235223918925429e-01 2.878973706964357282e-01 4.944634574730929488e-01 1.211165330991799405e-01 7.216377452283231353e-01 -2.961583928346093186e-01 7.481860593750039312e-01 4.090315852921645456e-01 6.616740488056296332e-01 6.473547851250488483e-01 6.890924123696007264e-01 1.811850371190356634e-01 4.345979049573734376e-01 3.709028397432795332e-01 6.053575681124779839e-01 5.417133400262950094e-01 4.546981784885101296e-01 7.423059936984640617e-01 4.835906325087546698e-01 4.751011448569973927e-01 5.865269184303371075e-01 5.691219987681739312e-01 4.170805674332915269e-01 1.165803201099818026e-01 6.168480421230575494e-01 4.546209376805857572e-01 6.118664153199311340e-01 6.452728555980776770e-01 6.674501795137094406e-01 -2.495230768689413875e-02 6.854390271850443472e-01 6.283822719551370728e-01 5.416966241545952965e-01 6.931535835914914845e-01 4.359089126951636861e-01 1.772888433588511725e-01 3.665961065219165427e-01 5.008275872118490568e-01 6.916627708123890272e-01 6.178806992431378209e-01 5.151810554191653679e-01 4.960040196969036641e-01 -8.341314071396906116e-02 5.752701079252146021e-01 4.174443038722510657e-01 1.534355059623262463e-01 6.073809552869359196e-01 4.368040274681466717e-01 4.690056222348717441e-01 5.945655921592988280e-01 5.631349579273627892e-01 1.241492507829447395e-01 3.420680217321799832e-01 5.269355501574806144e-01 6.283379566289992724e-01 5.138996528139714304e-01 5.922305427881413564e-01 5.781820651338176464e-01 5.180888564886273473e-01 6.125109038929636984e-01 6.562893545474741686e-01 7.153474544845459526e-01 2.338929066393674872e-01 5.821568672383732324e-01 5.840099220379469935e-01 5.915978390263326725e-01 6.547519392463055921e-01 5.862372681058607427e-01 4.278250898678628289e-01 6.252899110106058256e-01 4.814995722331484873e-01 5.738659659952112246e-01 7.046670467516447101e-01 2.554434521624645571e-01 5.528828551124158608e-01 3.899261485531210214e-01 6.474980801618197557e-01 9.011677590908696855e-02 -3.530099608695915769e-01 1.043508624079855229e-01 4.072346497901653817e-01 7.173314842936483471e-01 7.172631858325566601e-01 9.095707307234123240e-01 6.611426924354671941e-01 6.758048751879093263e-01 6.152367540683483238e-01 3.864538908543982965e-01
-1.658592245722251279e-02 1.782568324252241099e-01 -7.748410973813499303e-02 3.446857222108164476e-01 1.000000000000000000e+00 5.465857903796660366e-01 3.945502852745430555e-01 5.199496542305003244e-01 2.709928676198789521e-01 5.714619813114106828e-01 4.207235712546687073e-02 3.104603641615796272e-01 5.528102069715828959e-01 -1.765743265312729182e-01 3.624995162881943789e-01 3.550835958203871212e-01 4.373327115353760064e-01 4.890479245898918248e-01 3.183260505979070842e-01 2.206578529594569460e-01 -3.366530836392636530e-03 -3.363459649688049780e-02 1.295248118351666478e-01 5.640974770188482701e-01 -1.183711007675551097e-01 4.156453824658326579e-01 5.151051915078531662e-01 5.682260594287653621e-01 2.296524008354666659e-03 5.939078449648067526e-01 3.725963126236763179e-01 5.579261724493187469e-01 1.470198002036895990e-01 -1.207913773131145535e-01 1.224658885794413371e-01 -1.009172656497909354e-01 9.140580074405262045e-02 -5.250378999086728615e-02 5.297742580302323701e-01 5.283172574128035537e-01 -2.133382954736550222e-02 4.453304846708987519e-01 -6.507873267186597976e-02 5.834643160746046942e-01 1.473006769874863620e-01 2.979415534426053669e-01 4.657355183050285730e-01 5.255997324788425074e-01 -7.013834856038647647e-02 3.415473619842438469e-01 5.172983706574221241e-01 -1.122096009999139915e-01 -2.074552023400938749e-01 7.066511170606293302e-01 -2.391236071794210563e-02 2.503160864050825163e-01 -1.991497716082636094e-01 4.721904718976233650e-01 4.578283341716878063e-02 1.605837993593254853e-01 5.268936282433347440e-01 5.541070557528171570e-01 6.178010272393633789e-02 4.150210570067507376e-01 -1.535621063901680128e-01 5.362471734662278555e-01 5.468464386757844187e-01 2.983920436745619575e-01 3.681920511357922310e-01 4.814590554347933926e-01 -1.013902194925413169e-01 6.085123534116902988e-01 4.664156806642411057e-01 4.044967467239919401e-01 -2.279860188992683390e-01 5.405909159170039224e-01 -1.497532274274728514e-01 5.212800376739475938e-01 5.171476148948431772e-01 5.381357024801652900e-01 -2.040755841997737297e-01 5.570142959475475886e-01 5.150638820552984054e-01 4.451812079771152453e-01 6.063672571227730623e-01 -8.387444870049451384e-02 -2.587748669825583603e-01 1.411999506892261114e-01 -2.545560649192296632e-02 5.558353893665497480e-01 5.198146108165654367e-01 3.323575826646291143e-01 4.039932222094997916e-01 -1.754992195307563119e-01 3.410853231660982421e-01 -2.162387396766792258e-01 5.516950735387792237e-01 1.739683850386082031e-01 2.966772129648762579e-01 -9.772884462614880863e-02 5.269786972117019852e-01 4.296778909182490946e-01 3.647737073098380328e-02 1.727456611741898795e-01 4.724026558983723811e-01 5.092388443369157969e-01 6.489097914868131589e-01 2.235000079913381232e-01 5.651800789727381424e-01 4.964287786831856897e-01 3.977262499302052223e-01 2.614321833224911296e-01 1.870243756320438266e-01 6.809319401955588047e-02 4.663138256878747723e-01 5.278035010014232586e-01 4.703323704153239970e-01 5.318835095630868315e-01 5.572455503799207399e-01 -2.830677700997275004e-02 5.352149706611590840e-01 4.649254180665393088e-01 3.114958188660933366e-02 3.785980827962491801e-01 -2.933049604564401738e-02 5.327176130726702930e-01 -1.787276208878287725e-02 1.303599048908248570e-01 7.444909154309539701e-02 -1.094786270377820225e-01 -1.831892938475628008e-01 2.547053887469282740e-01 3.254635161563816936e-01 5.486372614148586901e-01 3.520807098181413242e-01 5.205262140858211151e-01 4.902913187338590051e-01 5.427074625439088917e-01 1.217533675638335644e-01
2.324668966230571954e-01 6.231348875345241733e-01 6.408069722963315173e-02 6.571767662906572438e-01 5.465857903796660366e-01 1.000000000000000000e+00 8.016691958662043316e-01 9.862246155317802021e-01 6.362231406378036080e-01 8.392305884196591403e-01 5.495666506274277108e-01 7.359702072700305964e-01 9.908997848790546126e-01 1.362845672391103380e-01 6.370972841920059526e-01 4.796651607900418446e-01 7.693079002080253082e-01 9.406104471778189424e-01 5.737129667587496096e-01 5.514426018695074427e-01 2.688468924129633897e-01 2.284759378783988437e-01 4.101260185545256287e-01 9.578268042853453901e-01 5.015467245412044001e-02 7.575508278859482969e-01 9.655563202585574212e-01 9.752052422111200380e-01 4.790792037490801403e-01 8.068889100257022884e-01 5.447048070910079920e-01 9.564179503709728802e-01 2.660208256118963832e-01 -2.729083658021958514e-01 5.782255855387919974e-01 -2.661548165156564227e-01 4.273017971915863411e-01 -1.802983677301043808e-01 9.779030829570096728e-01 6.205413715469627611e-01 3.040424974168965955e-01 8.146259438443733680e-01 2.494464927605410942e-04 9.226584894737334119e-01 4.179242219386726798e-01 6.370879183841954285e-01 8.635111447986105748e-01 9.798964644269879676e-01 3.203538442815189180e-01 4.918133985167065236e-01 9.840592524399802699e-01 -2.753620686210034862e-01 7.260551234945253340e-02 9.022021925103225204e-01 1.893643703859083927e-01 7.197016449459630039e-01 -2.959217520524780043e-01 8.877922794932441297e-01 3.787862116039308336e-01 6.008664894356960939e-01 8.406467902289058713e-01 9.895640610638871681e-01 3.222893129730601824e-01 7.577308165825626940e-01 1.813503020075005190e-01 9.081365657420160664e-01 8.531451700528622784e-01 6.538052538146340575e-01 8.154711990292042856e-01 8.036455435928285818e-01 6.432875894247085113e-02 9.690159713281654152e-01 8.870734492206111543e-01 6.768255982256239367e-01 1.836578039387635336e-02 9.860870807358658174e-01 5.725414147587572916e-02 9.806203676905468347e-01 9.445417424056137268e-01 7.838935324290348117e-01 -1.510221878237531234e-01 9.949202656915101528e-01 9.854039680759234532e-01 7.308133046374882813e-01 5.278815827817033846e-01 3.542823582976423191e-01 -2.763321500529487135e-02 5.295085403965940074e-01 2.288511743342984128e-01 9.312691593440389770e-01 9.830055098414050008e-01 7.724551905485284031e-01 7.597448472978978184e-01 -4.931571355909528803e-02 3.689171650868846575e-01 1.768221000387708297e-01 4.541983898745768355e-01 5.330854023680481335e-01 6.173534912704305988e-01 5.001367063001727065e-02 9.176531131156513421e-01 8.624411298876879517e-01 1.988187577475339085e-01 5.424636544320219356e-01 8.558761776010882505e-01 8.987723361710833192e-01 9.382845070924759057e-01 6.859652124830951658e-01 9.706918838081023404e-01 9.124594606261571261e-01 7.551764171747847865e-01 7.038264578043067488e-01 4.406981050663033028e-01 3.227628315083214683e-01 9.074300979769882591e-01 9.238485183529936418e-01 8.340389476999432450e-01 9.949745479699558803e-01 9.457541754749844154e-01 3.384234267343043112e-01 9.920735645708200767e-01 7.816908499281139955e-01 2.766431373609646860e-01 6.475745314580038103e-01 2.947599141539428702e-01 9.280852285433226490e-01 1.262650122501631778e-01 5.819028368033137832e-01 2.427976849994553654e-01 -2.250922264877713574e-01 -3.957672154835607803e-02 4.942063602774968700e-01 5.160539833571237134e-01 9.496388553040857605e-01 6.589070411313826536e-01 9.330607307204829004e-01 6.915066118207908730e-01 7.073496037065176711e-01 5.889927907425926978e-01
1.154535843628519132e-01 6.356973803714277560e-01 -4.495846510817227970e-02 4.437853165067249250e-01 3.945502852745430555e-01 8.016691958662043316e-01 1.000000000000000000e+00 7.911816587610301932e-01 5.411984242920516719e-01 7.138744743939260395e-01 3.911293766060766064e-01 5.222722327950114485e-01 7.831409725617142215e-01 -1.120396228148782675e-01 5.215560997793401432e-01 5.546955654280025794e-01 5.383512752403593060e-01 7.988714298206101017e-01 4.227581115031213699e-01 4.439617169513851991e-01 1.264493742357015171e-01 2.034752151593917924e-01 1.840800215651924865e-01 7.814527232404087087e-01 -5.025886443624413141e-02 6.859290640149262597e-01 7.684026051383900935e-01 8.005791376928022007e-01 2.522876747137273168e-01 5.884129883376777448e-01 2.975218258087072298e-01 8.030340741276329464e-01 1.951944782693187386e-01 -1.133334139232572146e-01 5.445054625747424160e-01 -1.134347197875779090e-01 3.885157829318905409e-01 -2.177454511678170168e-01 8.082847685463356857e-01 6.121220954604184028e-01 1.969987486809038901e-01 6.919332834603348914e-01 -2.593745656586142131e-02 7.826930805363991883e-01 3.333829819909868153e-01 5.838310611796304617e-01 6.754479155122147249e-01 8.113729158542287712e-01 2.229543601371241357e-01 2.073328402925859459e-01 7.991414937222833803e-01 -2.834479064684896632e-01 -1.166114954357390515e-01 7.676045020878936587e-01 2.225862169696321557e-01 5.594238355867593437e-01 -1.718741964695851832e-01 6.856385645958583686e-01 1.667031950215616121e-01 4.082997885561034934e-01 6.572651766913242266e-01 7.823493918912058920e-01 3.240159354335777064e-01 6.831694975656102953e-01 -4.278601837082807169e-02 7.404035987364819826e-01 7.129227125772220619e-01 6.226283107025658570e-01 6.134304530779458586e-01 7.640537943852093727e-01 -4.021295529183546713e-02 7.849616412303628277e-01 7.142976251721747660e-01 6.864438955895002525e-01 -6.176528274908258537e-02 7.940033080401570631e-01 -2.486382183183001929e-02 7.988508872060050559e-01 8.282081340734761543e-01 6.316961652413335404e-01 -1.370805384826773166e-01 7.877010918211074797e-01 7.954278278260447088e-01 5.421810988283444210e-01 3.636316724188680127e-01 1.742688329473776054e-01 -2.040933609973094587e-01 4.604908408651242624e-01 8.573246708269757765e-02 7.754367179407287702e-01 7.989931009412762908e-01 7.668917787702425048e-01 7.685090796053394291e-01 1.101692449853813177e-01 2.585220993561750946e-01 -7.508374712645349280e-02 4.335766861481058498e-01 3.144166039833695692e-01 4.712271518778494150e-01 -2.207275041241769584e-02 7.770241148465790726e-01 7.121175957172826143e-01 9.528893526934241465e-02 4.473845609431911230e-01 7.990995339431505862e-01 7.456653243472002313e-01 7.794428053782846977e-01 5.125751290934107418e-01 7.894422443997961558e-01 7.982614429377878906e-01 5.648690809024436987e-01 5.192636473834798538e-01 1.825120878755298603e-01 2.582911667264704558e-01 7.892451899938526250e-01 7.761299852541830857e-01 6.611257452974056426e-01 7.951093397929879236e-01 7.856927293304859505e-01 1.242779962355120282e-01 7.984823298132341929e-01 7.346927561449380084e-01 1.247527838881441475e-01 3.823109912434000113e-01 2.561652427073490834e-01 7.454298153065026522e-01 -1.674331775733969574e-01 3.735435043657954202e-01 1.951258781532749786e-01 -1.992452444800866529e-01 -6.656381350738463376e-02 3.529670299979509873e-01 3.294410640035384530e-01 7.500270630692831286e-01 4.429710386197224237e-01 7.800294789657619132e-01 5.190515051914863509e-01 7.043831697916337342e-01 5.838287604148204579e-01
2.889512558465040515e-01 6.441127704951277178e-01 4.161784409042706273e-02 6.304349871644251424e-01 5.199496542305003244e-01 9.862246155317802021e-01 7.911816587610301932e-01 1.000000000000000000e+00 6.259138452979715606e-01 8.186664024851463273e-01 5.231613917854718299e-01 7.126925851551916269e-01 9.752967544388908561e-01 1.328262549487107813e-01 6.473833857307529360e-01 4.652555529311831473e-01 7.649965787350277990e-01 9.331067224362957768e-01 5.906246008193131170e-01 5.364018277939162083e-01 3.620055919917326559e-01 2.765712407612976875e-01 4.293306374051540364e-01 9.497854757433328299e-01 2.746486937910282491e-02 7.697264706753360608e-01 9.836620906502056005e-01 9.782251092868298192e-01 5.023297394941093064e-01 7.708971233473863593e-01 5.222675766048611168e-01 9.676599376546907161e-01 2.393203293141407673e-01 -2.713325832352605493e-01 6.140608322029530441e-01 -2.793273103794363665e-01 4.872695599528275023e-01 -1.542307316942804485e-01 9.929861536649241538e-01 6.345286091705067966e-01 3.894150536360205250e-01 8.030111150949741372e-01 -1.740151043338401121e-02 9.202533345878244342e-01 4.640234936310964065e-01 6.763552451183618697e-01 8.450243855478316579e-01 9.904737977410080774e-01 3.908967237967237995e-01 4.862446073830782867e-01 9.946818965886355945e-01 -2.913408448317100219e-01 8.156334601692619146e-02 9.087009585030976222e-01 2.211257181571158470e-01 7.118787248490148212e-01 -2.860421054363934124e-01 8.817363712130583675e-01 4.180741028140415594e-01 5.775914684063108151e-01 8.297571375079046962e-01 9.766780528830913966e-01 3.445946541398873797e-01 7.594202652948227605e-01 2.112579114203325670e-01 9.126840868710679455e-01 8.522094351008332458e-01 6.286038148267216741e-01 8.153811033013991239e-01 7.645760166837148875e-01 3.842873017228506938e-02 9.805580822579361699e-01 9.034762073290831808e-01 7.218200315043976634e-01 3.361829532727982767e-02 9.947269086552695816e-01 3.337265009006452898e-02 9.975160164713752220e-01 9.326144049540415759e-01 7.762633395952966975e-01 -1.416178452340754457e-01 9.818485856117196153e-01 9.991998095541724245e-01 7.022678747074376782e-01 4.873209833092997378e-01 3.352339261820681537e-01 -1.646883532548606976e-02 5.188620613554999483e-01 2.056213506143695913e-01 9.318608335253891761e-01 9.982804399368558901e-01 7.899941348959835796e-01 7.517437997446932973e-01 -1.054877095503110526e-02 3.447428969397660081e-01 1.836729454176921073e-01 4.272515779364372546e-01 5.378727943208546636e-01 6.500887772816054122e-01 2.503192346225221326e-02 9.167478301795874973e-01 8.526639593081462021e-01 2.525266972522233755e-01 6.090442010617311830e-01 8.471297719805701565e-01 8.950106432402933354e-01 9.570622928149479236e-01 6.893493239599202127e-01 9.769464427487222213e-01 9.088355876339326844e-01 7.478101988406218315e-01 7.120760599889573994e-01 4.340515824693864100e-01 3.623702973538696082e-01 9.005982435493979921e-01 9.353107709503513112e-01 8.283608590761464274e-01 9.928635260255012085e-01 9.347416409640499912e-01 3.287315858319056483e-01 9.944320999399358652e-01 7.637392853959521499e-01 2.586695368705188569e-01 6.461780924813830262e-01 3.564648503821569170e-01 9.296071185512909674e-01 1.204728447291212590e-01 5.667284835735035831e-01 3.058133650341309240e-01 -2.163551272303055606e-01 -4.714878972139833341e-02 5.454115385722131393e-01 4.896458675847841779e-01 9.295069237151059038e-01 6.466071148353439435e-01 9.376615371575747204e-01 6.704465137847425149e-01 6.683535721313675904e-01 6.339648960751891327e-01
2.668076807797656325e-01 4.604946309283744488e-01 1.175530718274296199e-01 3.336305621309209046e-01 2.709928676198789521e-01 6.362231406378036080e-01 5.411984242920516719e-01 6.259138452979715606e-01 1.000000000000000000e+00 4.779031914960293892e-01 7.089601469886321894e-01 7.273882887415266119e-01 6.249743870082262731e-01 2.194502254895899784e-01 3.479626423249388978e-01 2.016143212812078200e-01 5.039373886002386227e-01 6.433193745773539973e-01 3.643914809525704568e-01 9.157002305130357289e-01 1.220760630163570254e-01 2.322111264485349214e-01 4.301761757380735962e-01 6.745663173901929044e-01 1.444029667063467248e-01 5.295830534560194147e-01 6.539728010049082885e-01 5.988625926616226725e-01 3.884642967614432840e-01 4.783335988723892429e-01 2.237136724716117242e-01 5.867720072563782363e-01 3.969187957712558834e-01 -2.560196374393737262e-01 4.770251146543847409e-01 -7.936532643966442979e-02 2.917458606309518143e-01 -2.277913819996442157e-01 6.094464531328351864e-01 4.313882979616373570e-01 1.919301619783825852e-01 4.960986090861614350e-01 1.712485808869351062e-02 6.351639501144494826e-01 2.594280234265556317e-01 4.805894883073461021e-01 5.706346925220816546e-01 6.495682748138706941e-01 2.403368031906089330e-01 2.402796395461123391e-01 6.413681418712323667e-01 -2.922405298660416539e-01 4.654067604684240800e-02 5.424346874843090083e-01 1.826858985864988627e-01 6.089858629735368512e-01 -1.499692016320010313e-01 5.976679525632456746e-01 3.328571355027323264e-01 5.823925661231159623e-01 7.041609482602163572e-01 6.193877701143440939e-01 3.545896116897245265e-01 4.526149309304499657e-01 9.783395997425363422e-02 6.535653921365595087e-01 7.803934519871454922e-01 3.924668114591792767e-01 5.825674596176885212e-01 4.286233580084043981e-01 1.954864664998003376e-01 6.219078347198822021e-01 6.324605837146707321e-01 5.706763418853038061e-01 2.744593459365608501e-01 6.244723456190948152e-01 1.928586667442114544e-01 6.262953812945958321e-01 5.793150561837414614e-01 5.844633443098028458e-01 -3.247899175025975756e-03 6.137130105855561624e-01 6.261808346706213557e-01 4.786201099579458496e-01 1.985677710724867429e-01 5.430859567166861357e-01 1.374882388746900786e-03 4.327798887051846899e-01 3.322062527721029723e-01 5.943357820517631840e-01 6.390280641887906565e-01 6.075149703348433627e-01 4.094597260553620721e-01 -8.488143294306611797e-02 1.253411871263033772e-01 1.662002812260793827e-01 4.295427078592108927e-01 3.773812948032947423e-01 5.949402632243987465e-01 1.251629303439823482e-01 6.415695634397338143e-01 7.141794439053174015e-01 1.122511192677801140e-01 4.285116366522855325e-01 4.951961702779834051e-01 6.919488319236697382e-01 5.772209719332470623e-01 6.609373347166365154e-01 6.702673576210900208e-01 6.593256717241325893e-01 6.731028900204428789e-01 5.267820593024759024e-01 3.262242109644536425e-01 2.053881797379547847e-01 5.709708361855581060e-01 6.971808672221639913e-01 6.769822718275901874e-01 6.298124255346685407e-01 6.178804195465656957e-01 5.072958765150585858e-01 6.263033254398447935e-01 6.154160706858287089e-01 3.075325090388905114e-01 4.949228591025011670e-01 2.623374318807284444e-01 6.388095973182881249e-01 1.226433341767818597e-01 5.288950839539592330e-01 2.079597015074725053e-01 -9.534714895443294203e-02 5.536924013210424433e-02 3.442858129980311821e-01 3.965962662881583611e-01 5.743041054969321157e-01 4.092587395088219671e-01 6.650237114349809575e-01 3.316909022000836815e-01 4.354496362771166362e-01 4.627219979463336186e-01
1.272858212096056596e-01 5.011938315204453875e-01 -1.246161343566819513e-01 4.707847888222905786e-01 5.714619813114106828e-01 8.392305884196591403e-01 7.138744743939260395e-01 8.186664024851463273e-01 4.779031914960293892e-01 1.000000000000000000e+00 3.050356555167835215e-01 4.962048884068384069e-01 8.244885456328912010e-01 2.951399671939813202e-02 5.764890718493793642e-01 4.476009898519029417e-01 5.604134447937132446e-01 7.731233582186366471e-01 5.289312435353032971e-01 4.420474334331602195e-01 4.993458442661850849e-02 3.674403519473258550e-02 2.708047090497597287e-01 8.225011935192083623e-01 -1.323721237144926122e-01 6.198613178507638155e-01 8.147233788742476168e-01 9.011995259213092524e-01 2.648964797665811499e-01 6.343687959848205438e-01 3.046799630972683026e-01 8.212928431024695275e-01 2.537647115426658884e-01 -2.159230284793268451e-01 3.795293929177510073e-01 -1.574872879672807868e-01 1.868951735429549843e-01 -1.663824914136155519e-01 8.310774087034976665e-01 5.363681202295966788e-01 8.257259060559067609e-02 7.696175674502168107e-01 -1.313517991079041214e-01 8.114649868070827887e-01 2.695628486165741466e-01 6.300543959115337822e-01 6.988937102219121567e-01 8.264743612835619979e-01 2.363870690026055321e-01 2.369937890981689554e-01 8.355120711764678632e-01 -3.050197662918806563e-01 4.982070448785106201e-03 8.046634325592437742e-01 1.135106265400294134e-01 5.101739627363131024e-01 -2.112236845579811839e-01 7.258998799902052212e-01 2.216794013019901810e-01 3.576141420765894807e-01 6.860287103788720309e-01 8.512021466549131166e-01 1.425650260671733338e-01 6.810832327840563583e-01 5.488337432343833727e-02 7.746232852882332098e-01 7.180021151219736497e-01 5.505633188431129366e-01 6.648599006130553324e-01 9.224882849228810411e-01 -1.368833033163807666e-01 8.445591745873031186e-01 8.450840434008517477e-01 5.359942903627148425e-01 1.043400678445163821e-02 8.505991944628272794e-01 -1.280313338099808296e-01 8.283032100403368014e-01 8.005965996748279911e-01 6.328710017544262323e-01 -8.905446745023308519e-02 8.364102388338692240e-01 8.258513315786915054e-01 7.987603594523526862e-01 4.533489726957457000e-01 1.196631856890516266e-01 -7.176688364425212741e-02 3.649133924108916571e-01 8.550462675971648441e-02 7.768136284555313686e-01 8.224556875389170685e-01 6.259653427250306823e-01 6.567576400861223629e-01 -9.745332244730489646e-02 3.380937394328994428e-01 3.427473241488139533e-02 5.079001690241931044e-01 4.177711314247428698e-01 4.999190591015413854e-01 -1.292444587919147903e-01 8.162065059066098138e-01 6.987977513055394496e-01 1.128822466993064932e-01 3.200848009652024762e-01 7.876257652765807915e-01 7.358192045021183514e-01 8.117522468756577236e-01 4.631050723835000715e-01 8.368900101849652273e-01 8.481512279583920400e-01 5.951175165491793262e-01 5.657352904787916748e-01 2.009116352395685645e-01 2.054234237824921760e-01 8.735656789729990823e-01 7.687942346152516482e-01 6.872408543715293749e-01 8.439788389342964825e-01 8.122687403820201268e-01 2.002791417638892235e-01 8.298945543569337113e-01 7.619719672619018613e-01 5.960583326836772777e-02 5.075829223825290004e-01 1.241888722246786703e-01 7.864633631445058226e-01 7.420054133611338198e-02 3.260822587205662315e-01 1.098079557366568870e-01 -2.163388574140455434e-01 -2.070214085212128408e-02 2.613692838492419068e-01 3.320298519241050572e-01 8.366339108864000451e-01 4.135392911325068144e-01 7.936813933198371140e-01 5.933649235281447387e-01 6.011710833983420210e-01 3.765032378612796493e-01
1.977517668860870603e-01 3.486243098180483169e-01 4.442749759903573126e-01 5.169236396581384785e-01 4.207235712546687073e-02 5.495666506274277108e-01 3.911293766060766064e-01 5.231613917854718299e-01 7.089601469886321894e-01 3.050356555167835215e-01 1.000000000000000000e+00 7.809194855880944308e-01 5.655135163556022082e-01 4.874600197489730169e-01 3.039169888514899887e-01 1.674895539806225409e-01 5.665137201083146890e-01 5.347330187321466255e-01 2.037290307420539237e-01 7.207515224439313695e-01 1.620711039502820694e-01 1.308274890828942105e-01 5.095341806169659815e-01 5.785842292272453946e-01 4.591516055798477436e-01 3.085335348658478916e-01 5.168925677549285336e-01 4.606301879252301390e-01 5.967418647756018713e-01 5.237262248766930695e-01 4.445994145508649353e-01 4.687840599679313769e-01 5.653456657179534162e-01 -2.609091617730155965e-01 3.721193713642980683e-01 -7.237408664982161732e-02 1.869643673278680029e-01 -2.017180186772643269e-01 5.010018915351726054e-01 1.927904029246537143e-01 1.658891869256167162e-01 4.744664153503820314e-01 3.123032742856409194e-01 4.417520444335819585e-01 1.936647907180411021e-01 2.837266246253890567e-01 6.565954705110089717e-01 5.144530268567302222e-01 2.020859921843854434e-01 4.362552313751299482e-01 5.273623007551633268e-01 -1.583224004382954020e-01 3.386923376629059623e-01 3.899768860226018874e-01 5.441112336751456613e-02 7.447963249518408935e-01 -1.585436947219211745e-01 5.187165640514621590e-01 5.009661119087265302e-01 7.787448669981670291e-01 6.323864778793117924e-01 5.515471857731319982e-01 2.380815769835125939e-01 2.493242280103281916e-01 3.579791412221550173e-01 4.829348343235679297e-01 5.461570075665360680e-01 3.139392903062466766e-01 6.130309490841667763e-01 3.305114340236954273e-01 4.808534972923824702e-01 4.531250397940662644e-01 4.529513631878009372e-01 3.423570112501863050e-01 4.342083942463793034e-01 5.005580078708226077e-01 4.826256312922689307e-01 5.044362841370315653e-01 4.764646612272597781e-01 4.298841191418443231e-01 9.342616340888625082e-02 5.471536121526849872e-01 5.204774040130304424e-01 3.826904332468895609e-01 2.817328343640047583e-01 9.032633236967273493e-01 1.821145571029856025e-01 3.728948810860984731e-01 4.775053855792171786e-01 4.867340793207134975e-01 5.197612895813036316e-01 4.073543794064103940e-01 3.755602608149114507e-01 -9.173187797275215993e-02 2.313068904256891378e-01 4.772249001278912606e-01 2.448664624842256665e-01 4.744981957586403287e-01 4.630117023242544261e-01 4.298780836807055694e-01 4.700172070470586272e-01 6.003895060963670982e-01 6.796072735550763577e-02 3.657615257247482377e-01 3.278429001449644220e-01 5.865551445721524093e-01 4.279240995354890442e-01 8.436929614073009898e-01 5.119759259363341197e-01 4.636372200498695695e-01 5.895002675002767312e-01 5.155911185390807949e-01 5.675394937686691899e-01 1.550575583302991611e-01 4.374860525825142732e-01 4.994418101469629834e-01 5.797557263357266955e-01 5.346744899837665432e-01 4.751034693536436149e-01 7.042880951757681807e-01 5.291347493433460336e-01 4.335201885556934087e-01 5.651580373936874180e-01 5.413408278488973657e-01 1.587491741124354983e-01 4.749115509787407707e-01 4.219277784322755798e-01 7.488779014065842787e-01 8.918935453060405916e-02 -1.634974091508247795e-01 2.505203204032048769e-01 2.574814853342152210e-01 5.437618210970962540e-01 5.065754702647895513e-01 5.632575141510189898e-01 5.065225425077766186e-01 4.235919909468446320e-01 3.832401126620403886e-01 3.498430069796187869e-01
