1.000000000000000000e+00 -2.431606501199683884e-02 -6.017338089386729816e-02 -3.811617463308256126e-02 2.701689635542336293e-02 4.305657483677215180e-02 -9.287207866003591161e-02 -1.924583657885119148e-01 -1.789041995099391047e-01 1.420142881510736976e-01 -4.284461589282929916e-02 -2.119263832537286452e-01 -7.968730699375059859e-03 6.146197193410134207e-02 4.676105479748650373e-02 1.326466176077100712e-01 1.033079528598668945e-01 7.092887162190034123e-02 1.155137768150287930e-01 -1.500989970319576983e-01 9.787057862119792617e-02 1.168349773476102735e-02 1.142589540651351571e-01 5.695510302541710590e-02 -2.518055515010113668e-02 2.185700618597867795e-01 -1.078296525070860656e-01 3.993908510172096415e-02 8.904155129725124795e-02 -1.595303768531112776e-01 -2.608891031167704863e-02 -3.473941938199911345e-02 -1.778279584979813033e-01 2.732530508105585759e-02 5.097874693286591485e-02 1.626349457877983296e-01 1.241215971327774836e-02 5.544587429799020806e-02 -1.517488277952303011e-01 -8.215222609743193238e-02 -1.980785195263997170e-02 -1.994925247368901089e-01 -3.924709964543308255e-02 3.846690673558799539e-02 4.373140904303772780e-01 -1.672668979689833496e-02 -1.496831715367430982e-01 -1.390559904639878941e-01 4.780539534784206124e-01 2.004442579409980163e-01 -2.369582529603019849e-01 -1.307996981619317413e-02 3.129630717121023586e-02 -1.131751148910127985e-01 2.138754532452859236e-01 -1.312601179801377305e-01 1.511466693079620630e-02 -5.714052147708451740e-02 -6.258969929157234824e-02 1.041846470173787009e-01 1.957103187271189149e-01 -1.917052029828470588e-02 1.389445538005547875e-01 -4.250787562814807574e-02 2.354719032382375163e-02 -1.378135330710984485e-01 -8.908652998416786983e-02 -4.950439994498558038e-02 -1.318972340086752015e-01 3.659166785000791400e-01 -1.627020658069536913e-02 -1.688880024669692313e-03 2.378265790110919986e-01 2.500991271015562956e-01 -8.918381450416329459e-02 -1.347365241843123118e-01 -5.881508139378477384e-02 -1.602826728257694400e-01 3.957439615975074515e-02 -5.464414941217833610e-02 -1.190617919825514709e-01 2.659026902747958082e-02 -1.393449009798997940e-01 -6.467834617936960018e-02 8.877946705963772611e-02 -7.542447673811364210e-03 1.046280063432460973e-02 1.132402990741006449e-01 -1.095152827266607787e-01 4.114091776522466049e-02 -2.478705400852895813e-01 1.098245323476972624e-01 7.781468777594455211e-02 -7.707665269812473408e-02 -1.985161697367364975e-01 8.475994943956086103e-02 -2.330536343626506413e-01 -1.301082721327291858e-01 4.591982798554204714e-02 -3.685957215200494352e-02 -2.617171119153066661e-01 -5.618925081001641120e-02 6.627096016487192820e-01 2.460564778406540698e-01 1.844669716047199204e-01 8.959638928504540245e-02 -1.965503983047849901e-01 1.509590871628094765e-02 1.084053619489840949e-02 -1.160721236449563029e-02 -1.222790024738068526e-01 -9.886969719682757451e-02 -7.436425687235281856e-02 4.508259705600770606e-01 3.385223170969908213e-01 -1.549860866084175615e-01 6.890501013887062771e-03 5.223920510907364978e-02 1.082426101201121593e-01 1.387680565917576115e-03 -1.286194732197626922e-01 -1.172084049907963499e-01 -1.380083963139521787e-02 1.361938440988566812e-01 3.013873293212978033e-01 -6.977371144427649274e-02 -1.266419262483350350e-01 2.684514731696628978e-02 6.407326314040849569e-02 6.889557522245536025e-02 -1.581035354310023067e-01 -6.515470360900030115e-03 2.155029326236233139e-02 -5.857460972345298472e-02 -2.968608174727221244e-02 -2.201110026332527281e-01 -1.201373439588725514e-02 1.124832093501018648e-03 -2.797785066201255531e-03
-2.431606501199683884e-02 1.000000000000000000e+00 -2.041160465606329036e-02 -2.751731321884819462e-02 3.318177816134484232e-02 -3.577639569871620545e-02 2.508432565446678253e-01 -1.015176707152155577e-01 -1.530380225015489926e-01 -8.278623659840644508e-03 -8.442815136743735127e-02 3.557429450211290617e-02 1.772769610401191687e-01 -2.029465735724287345e-01 1.086539971408560235e-01 1.994314593528875579e-01 3.961610117944069920e-02 3.558059590266788863e-01 1.331167237319185181e-01 -1.652101300944971984e-01 2.730542647497663511e-01 1.647593366614084620e-01 -1.624816207219269282e-01 8.111225696027479781e-02 -4.777510369439830207e-02 1.576298998840712229e-01 -5.722814119569694796e-02 3.144946301618341267e-02 -2.541128653433515350e-01 3.382624043503125455e-02 1.970222377984713266e-02 -5.377745435458321233e-02 -1.745742759109344955e-01 -1.001734890843981318e-01 3.026214415812317760e-01 -1.601204937058251510e-01 3.414259866901890872e-01 -2.468184340465205684e-02 2.004746677711959427e-02 2.991700870992797801e-01 3.124338041908890640e-01 -1.308523211035785283e-01 1.959494849332602817e-01 9.731398883476423400e-02 8.108232538054076927e-03 2.526497363991510037e-01 -1.375779530698978403e-02 -2.095840884951592417e-02 1.112209468343659663e-01 -2.728955599654132522e-02 -2.074302784575331182e-01 -1.214179134042295549e-01 -2.969304703727044803e-01 -9.384387048439782331e-02 -5.176555186520073043e-02 -4.612372261737465728e-02 -1.688461038929186531e-01 2.919343336972163999e-02 -1.110974675677685736e-01 -3.883981729817091028e-02 5.378906553957895752e-04 -8.297009461070423142e-02 8.464716117826642794e-02 2.970618147755824667e-01 -2.685614083271346542e-01 -7.362470564579756682e-02 -2.389929824913316139e-02 -1.314514665367401414e-01 -1.503920942173835040e-01 -1.137211146787037164e-01 -7.943591525439168410e-02 -5.609898663225247606e-02 -3.405759316200248077e-01 3.795733220446697587e-01 -2.667208598270754405e-01 2.769946358582009438e-02 -3.661447986781089792e-02 -1.070563488030503753e-02 -1.144728016599461627e-02 3.313893983108584518e-02 -2.362246904021313987e-01 -7.862491369089767701e-02 -6.634651556366004399e-02 2.653743548220951348e-02 5.036063930514885628e-02 -1.232713165886487605e-01 -3.017908851246776103e-01 1.531595723462989833e-01 -2.004802348873076512e-01 9.922703502675150888e-02 -5.772794855496023864e-02 1.217430694362785226e-01 -2.107743333260022889e-01 9.191976927826392418e-02 -6.973122775219303682e-02 -1.887108665263695639e-01 -1.450475616199417561e-01 -1.951588350751976009e-01 -2.805711941294473100e-01 -5.177565454451227289e-02 4.485749487845160088e-02 6.419102502978567271e-02 -8.384681899544037254e-02 3.400826467593637270e-01 -6.500720569245492519e-02 -4.447646781745726724e-02 -7.649055161749508669e-02 -9.400008797986904308e-02 6.390806384955562136e-02 -2.704650911514071623e-02 -2.517116871923210653e-01 -2.063174505068857412e-01 -9.473458495949919900e-02 -5.096362261499647051e-02 -9.000458823413901022e-02 3.670734899677201291e-02 -1.031430830329277404e-01 -7.263177666540542032e-02 -1.785815340883794289e-01 -1.270971780995421574e-01 -8.263728082623959803e-02 8.893921673668736538e-02 -7.431471713105339272e-02 -5.302237782672316463e-02 1.010869622884281033e-01 3.887948924824474739e-02 -1.862911782442708830e-01 -1.042494309895480586e-01 8.599805213616010247e-02 6.619773389774710748e-02 -1.121992679948194682e-01 3.772987504305617135e-01 -1.600200128509653499e-02 1.262874795006647122e-01 -2.702858966812936650e-02 5.438669990120108266e-02 -3.165322205928829125e-02 5.347887095818786019e-02 4.677166270523730462e-01
-6.017338089386729816e-02 -2.041160465606329036e-02 1.000000000000000000e+00 1.863480332158364006e-01 -1.334628585363693554e-01 6.947158158196198308e-02 -4.298942801360110949e-02 1.385389500094419690e-01 -4.329506547203375300e-02 -1.154898652421185445e-01 1.107282410815981361e-01 -1.336724953639853997e-01 -2.244550768245601180e-02 -8.626771032481757306e-02 -2.404884167573369605e-02 1.075109233798571262e-02 1.146648588072264607e-01 5.136677175467439099e-02 -8.733680532499166899e-03 4.333243243420527996e-02 4.733634802235416050e-02 -1.332147412073313997e-01 -7.000269425896502029e-02 1.189324240354602963e-01 9.089485339216454296e-01 -1.419781903458182115e-01 1.247233307776863809e-01 1.781986195423435060e-02 -1.494556680099004276e-01 1.758964512542565695e-01 3.505652420313107864e-01 -5.023044311758566305e-02 -1.882955504059364849e-01 -4.595603898963724482e-02 -6.041587994418283480e-02 -8.261702230836970307e-03 -8.221578189435893580e-02 -2.607563201042950758e-03 1.425524890286123947e-01 -5.890401916514844544e-02 4.287705916376964577e-02 -3.358851538778030721e-02 6.841783849120626204e-01 -2.343555701585679427e-02 -1.464938242898252974e-01 1.723113833380709309e-02 6.533979095151836169e-01 2.246263814405914661e-01 -5.524240445190088666e-02 1.458550221896257326e-01 4.510125432587464706e-02 -2.260400223314144585e-01 -1.047776818245044900e-01 -4.996178449609813693e-02 -5.838098428751627850e-02 -1.021769336426355812e-01 -1.979620069943633098e-01 2.145874794976630751e-01 -8.182092052330899867e-02 -3.385298948510016837e-02 -1.155152781732784739e-01 -8.225330917437569112e-02 -8.471587013761879004e-02 -1.542531330899183650e-01 -1.435080410839429665e-01 1.289422689209355211e-01 -1.341730289199933313e-01 2.644326466354274437e-03 -1.462113405489112172e-01 -8.651543366706157534e-02 9.186892375242535769e-01 2.890742998681032280e-02 -1.463276352697259475e-01 -1.039615435634023283e-01 -8.939074773696809029e-02 1.087021064759182282e-01 9.173684228095344562e-01 2.301134282527027841e-01 -2.551785738014107352e-01 4.793370795651274302e-02 -1.502377445117226429e-01 -5.686022173970929627e-02 1.556648021805882576e-01 -1.398417484893704765e-01 4.609089716161901551e-02 -7.516034749711741469e-04 -1.385701579259386862e-01 -2.109805906271266032e-02 6.815290835683931459e-01 8.147661113148388715e-03 1.309687765520297920e-01 -4.809626150074437778e-02 7.416821305882162485e-02 -1.734943536292966604e-01 2.503906514211348133e-01 -7.027339240530725006e-02 -3.277483615076743351e-01 -1.757801917646949763e-01 -1.538154473777849918e-01 8.589912334751220735e-01 2.022864772518512544e-01 -1.438686945846280874e-01 -1.642005814463958491e-01 5.084299122869014032e-02 -2.634232140877116463e-02 3.047193409410278164e-01 -6.135301347722053183e-02 -6.591951964189959878e-02 -1.320151131237450592e-01 -8.252925617001487246e-02 1.304184427720162243e-01 -1.850513052484245580e-01 5.484871580417721715e-01 -5.665922639466861727e-02 -3.855001354111910411e-04 3.481805369018383667e-01 1.880793537617273525e-01 6.770630201983637853e-02 -2.909852676477092757e-03 -4.983616603400296829e-02 1.275062100709663526e-01 7.158592413591496895e-02 8.924509729166250072e-01 1.973759089272333900e-01 -7.784440599022286744e-02 -8.024974979692769961e-02 -1.630525727384741774e-01 -7.294525823640797546e-02 -9.708985865047699282e-02 3.650851585952510914e-02 -8.621033461328772574e-02 3.952825586757388598e-02 5.372586785952295774e-01 1.104569222245634606e-02 6.796031820576445281e-02 9.687252082376995865e-02 3.145474294023583445e-02 -1.456227622662669141e-01 -3.126620065296041584e-02
-3.811617463308256126e-02 -2.751731321884819462e-02 1.863480332158364006e-01 1.000000000000000000e+00 3.903878101545675550e-02 -6.864158217943537588e-02 -1.278696375618123826e-01 8.004739949534595347e-03 -1.135956907704633451e-01 9.391218931863928865e-02 -8.471444582068082818e-02 -1.149597981163134539e-02 -8.377010856887405488e-02 -6.332858595100181176e-02 3.403038891628230866e-02 -1.139594491521929570e-01 6.328848183554699469e-01 1.460188787595548786e-02 -3.234781347601197593e-02 -1.141776108377123566e-01 -1.011078491092454873e-01 1.302636458186563484e-01 -9.746537973854114967e-02 2.006436596401648953e-01 2.207980182043213779e-01 -1.151111709865722671e-01 -7.715527357555382326e-02 1.252188193611263323e-01 -1.241580113326649359e-01 3.344127008056954065e-01 5.345060216268568976e-01 -1.889896472065765998e-01 -8.088618420366666673e-02 7.175410548584308656e-02 -1.603209426783747948e-01 8.970541064656485652e-02 -1.814523105016354818e-02 9.918126790080043775e-02 -1.054983692631283887e-01 -1.376271471092563037e-01 -9.576076394347367293e-02 3.388799151434707113e-01 1.189853376409492069e-01 -5.983389740699969483e-02 -1.617646266464416449e-01 -3.016424850378638389e-01 1.987919101124453469e-01 2.268538925175513365e-01 -1.726976850721040901e-01 6.913986852307584252e-01 9.247042483732648144e-03 -8.016055697974673599e-02 -2.022318007778946269e-01 -1.418765153092471365e-01 -8.865429639012607776e-02 -2.227964565132964092e-01 -1.388965295060619887e-01 4.293899975190241247e-01 -2.453311171696043458e-01 -1.661531418334356025e-01 -8.241641327277095253e-02 9.156235289986052947e-03 6.774825916413459992e-02 -9.750193466564127664e-02 -1.847989348199960136e-01 -1.664803052904611363e-02 -9.814898963346876948e-02 1.557121544971100738e-02 -1.609017577207341732e-01 2.410331717548825359e-01 2.728668147235410180e-01 4.787081863557363093e-03 -1.075174467121191163e-01 -1.705088859570172699e-01 -1.521548434792163174e-01 1.525613392243873635e-02 2.222275769107507626e-01 -2.051208216273768883e-02 5.047614355811987780e-02 2.633199102121276391e-01 -2.476789439709767282e-01 -3.019663951559022758e-02 3.745877185734826365e-02 -1.795196993753068182e-01 6.094771508130514270e-02 -1.224014065111764527e-01 -1.515944682995845061e-01 7.198614060149270688e-02 6.869336394504818588e-02 5.577307621051439540e-02 4.399782038571731224e-02 -2.289566060077409190e-02 3.826047323326399463e-02 1.252392891851006884e-01 1.280265922301934423e-01 -9.511919356379235080e-02 -1.273687622968167066e-01 -2.254630452221712544e-01 -2.087918420948218223e-01 2.610817798257812350e-01 1.603416457609051216e-01 -3.696562095203696080e-02 -1.221688593998102590e-01 -1.907212186735639595e-02 4.748316922288156605e-02 1.853463853921237248e-01 -1.139487040960330128e-01 -9.133925311819086901e-02 1.409869724686009518e-01 -1.623132845039713390e-01 1.373400476207261023e-01 -1.584266471932835874e-01 2.087673429779511314e-01 -2.082562618014896505e-01 -8.676200045109222145e-03 9.226076802284663425e-02 1.816335968483212826e-01 -5.303778387975214420e-02 -1.049366420265535060e-01 -1.793421186459235872e-01 -1.134590525974632919e-01 2.725041156262404951e-01 1.559617687470706004e-01 1.677908126303576386e-01 -2.054512099804114145e-01 2.699794260800559773e-02 -1.258798474638529175e-01 -1.702246142931845285e-01 -1.999443879655592726e-01 7.316781010378534122e-02 2.621817024665024781e-02 -7.852349388442862732e-02 2.970139905470249309e-01 -3.409659798755491217e-02 6.509563830841181842e-01 3.042830427034168839e-01 9.285680925507580619e-02 -8.087390304786459816e-03 -9.134306247835098647e-02
2.701689635542336293e-02 3.318177816134484232e-02 -1.334628585363693554e-01 3.903878101545675550e-02 1.000000000000000000e+00 8.822029936476324941e-02 1.504329364888806753e-01 -4.971747278467996550e-02 -8.467490850699048444e-02 8.311604284654140751e-02 -1.515801422687263200e-01 -2.609468817114407035e-01 2.136532474238462542e-01 -1.431599340828311751e-01 2.017545622890217216e-01 -1.327306221178466694e-01 -9.886274067961420275e-02 -4.528604442565467222e-03 5.601550490810296157e-02 -7.178332250618965626e-02 -1.757013820472571042e-01 9.226441347763023396e-03 2.224183276859695302e-02 -2.626055183205848742e-01 -1.654749850261214017e-01 -1.409923244181331969e-01 -2.437272436642593243e-01 2.046136628682929115e-01 -2.000997281332295985e-01 8.499865848930664158e-02 8.937541569759654969e-02 -4.496462207465553966e-03 -9.248945228540006100e-03 -4.266551847058049074e-02 -5.250755344255746138e-02 3.355090426089800404e-02 -2.599363900245665188e-02 2.260775376917785809e-02 -9.247965420248573098e-02 8.063788189224752045e-02 -2.678323400783274022e-01 -2.038104421420566525e-01 1.269259925057564797e-01 1.213712540937233741e-01 -2.048705109931737156e-01 -3.299610237816771874e-02 -2.902152632001285815e-01 1.726763232509930662e-02 -2.942372414954019799e-01 1.435032756783753138e-01 -5.672566439811260741e-02 1.133281928966943103e-01 -1.641904527065290720e-01 2.433953984513006485e-01 -1.227058176121113287e-01 -2.416916952371252481e-01 -5.742170119185119326e-02 -2.191454261771988432e-01 -1.387035761790631205e-01 -1.323874986439912971e-01 3.704584536134756384e-02 1.735979557795752914e-01 2.495760419412969833e-01 -1.193363788007454074e-01 -1.236738222381520702e-01 -1.445833506847281624e-01 -2.784461037934092900e-02 -1.592720999760880995e-01 -1.949812101258171226e-01 2.397994634564249716e-01 -1.685875417074330085e-01 3.940758855395507521e-01 8.764823100605848016e-02 7.706673284670184643e-02 -1.224136139467717557e-02 3.583467474057557695e-02 -1.105104373032050474e-01 -1.070141974103856197e-01 4.401520960411896555e-01 -1.173600781536788124e-01 -1.183778188953518856e-01 2.073491821315198713e-01 7.438438456365647870e-03 -4.977125067680227000e-02 2.619853364660076900e-01 -5.743484819125310725e-02 -6.909604803876059909e-02 1.667996194074168881e-01 -1.731498117171255680e-01 3.252338945937344183e-01 -2.777567959096869862e-02 9.843476605789396039e-02 -1.584856385336717854e-01 -1.404414851198048653e-01 5.735220635490347746e-02 -1.976418506860909141e-01 2.325248634991758101e-01 -9.017830705772424127e-02 1.255229157192976341e-01 -1.053964661391975088e-01 -1.671110990525302986e-01 -9.120747663001757544e-02 -6.614368006835054381e-02 -1.834022674009297416e-01 1.265512848864216167e-01 -1.433878482924127451e-01 7.716750768731213406e-02 -6.309353267972613033e-02 4.241801901101854289e-01 -2.238978347588689299e-01 -2.525125791316559787e-01 -1.313929404452749729e-02 -2.451245866111149974e-01 -1.231350976277006681e-01 5.303862942970716254e-02 -1.070210696291561819e-01 -1.796752419741428630e-01 4.191092482728210611e-02 -2.813315237572326377e-01 -1.391714426058636156e-01 -1.713691549209959697e-01 -1.293965327042458369e-01 -1.342331822626812443e-01 -9.877824433373802449e-02 -2.136995650452797602e-01 7.875829904597720504e-03 -2.010760062715862551e-01 -3.030870432775283341e-01 -1.256030709811676860e-01 -9.072772712503285319e-02 -4.243724773471403700e-02 1.212568241106660449e-01 3.717357910241723962e-02 1.448878340731772629e-01 -1.204979132264166058e-01 -1.868295694592889411e-01 -9.512012737713812505e-02 5.747739799618171302e-02 -1.594888345288589804e-01
4.305657483677215180e-02 -3.577639569871620545e-02 6.947158158196198308e-02 -6.864158217943537588e-02 8.822029936476324941e-02 1.000000000000000000e+00 -5.282693683856824751e-02 5.966447729294002134e-01 -2.677467437935719397e-01 5.623251046694162369e-02 -1.981936412885213217e-01 -3.972276008112882728e-01 8.359157302110802323e-01 -1.757720477969274553e-01 2.632674636824494097e-01 -1.176272287427052171e-01 -1.201731407681514013e-01 3.210114172033473046e-01 2.687342882138709643e-01 -2.020127923780362378e-01 -1.005781750727140038e-02 -3.116179459993980577e-02 -2.290396195677883995e-01 -6.529732966737535893e-01 6.897020217967286815e-02 1.611980462434472461e-01 8.583937508303919606e-02 1.335689129637559203e-01 -1.828554116770376159e-01 -2.726158937261876497e-02 4.826245155951965071e-02 1.883123191502603100e-01 -2.952956119084041431e-01 5.207138488675865443e-03 -1.537396005050521430e-01 3.417743608075615724e-02 -1.417320893070475596e-01 1.322849870406163642e-01 2.835812587140743579e-01 -1.036693478584956168e-01 -8.876703197593592554e-02 -1.755221722541337182e-01 6.140099271887496796e-02 -6.796404009859759177e-02 -2.176797736896731242e-02 7.517250521660185161e-03 -2.936369911118912324e-01 1.153277936783555085e-01 2.062520482697984686e-02 -6.869688572106780189e-02 5.695746624881740106e-01 -4.915192686636964126e-02 -1.166140896194216986e-01 3.014580603548474569e-01 1.160858810868346802e-01 -3.107292035022715671e-01 8.552540221948905230e-02 -9.654246454872797423e-03 -2.284988081952107619e-01 -2.598718853728032019e-01 -3.152506346744326504e-01 6.835082487174439780e-01 1.232272582221682206e-01 1.958351834443021466e-01 -1.239256710363468572e-01 -3.234268635986498053e-02 -3.704213258104432915e-01 1.036458516522158479e-01 -2.673431791465155083e-01 2.123564713901230638e-01 3.781194743408285153e-02 2.584588184956738699e-01 2.156306013709198555e-01 -1.596417608747985328e-01 -1.668735303453023344e-01 4.102125821471952483e-01 7.188557480047290393e-02 4.403325094500138981e-01 5.478254974906671126e-03 -1.863882300151049054e-01 -1.222695340887196558e-01 8.617269552789125209e-01 5.739118124370299334e-01 2.079635894727697443e-01 -8.479338981577221046e-02 -1.974976156660656346e-01 -7.812035844356549075e-02 1.158840752154270543e-01 -1.413789093477705282e-02 2.557070449696389747e-01 3.993881359491162075e-01 -2.156977907628909175e-01 2.417374396027290595e-01 8.617949099426813536e-04 -5.568368884688621595e-02 -1.384903040449116385e-01 -1.656070431083456751e-01 -1.482114383719325690e-01 2.062015868928894144e-02 8.538821830252332767e-02 -1.232185008322679576e-01 -1.689875508676860760e-01 3.667835338163664277e-02 -2.020338447099933321e-01 4.731356897257471550e-02 -8.314470483680605484e-02 2.725741670950899698e-01 -2.848725666143141488e-01 -1.130322420980207354e-01 2.091964013659851351e-01 -2.832865076497404974e-02 -1.014517882491959566e-01 7.120688057235205481e-02 -3.274139650291294640e-02 1.245249312032700451e-01 -2.688428156326384127e-02 -5.480706307958294055e-02 7.965886184444738172e-01 4.036552071907396622e-01 -1.449649699012889870e-01 7.391670414117375021e-01 -1.189352373326277024e-01 -5.089227413302650771e-02 -1.029030522303657352e-01 -6.414035047858471228e-02 -3.338052495448554646e-01 -2.578316543550160933e-01 -2.202823747910459262e-01 -5.390645319977170613e-02 -1.015882976879479010e-01 -1.168596520398824251e-01 -5.545693135221876208e-02 -1.276132809811382773e-01 5.618515582645213780e-01 -1.451614336535099192e-01 -3.610138239843496688e-01 -4.208396734726378707e-02 -3.354762156442805954e-01 -2.043730383227438385e-01
-9.287207866003591161e-02 2.508432565446678253e-01 -4.298942801360110949e-02 -1.278696375618123826e-01 1.504329364888806753e-01 -5.282693683856824751e-02 1.000000000000000000e+00 -8.136392803217358527e-02 -5.169793000764366653e-03 -2.541282132232379198e-01 3.303210016393224452e-02 -5.379409910525508043e-02 1.520256384426685314e-01 -1.495189683127529645e-01 -2.660744256201026947e-01 1.665641837194528352e-01 -1.712116021363932761e-01 2.682725818947392371e-01 -2.063164102186095250e-01 9.854995391994605947e-02 -1.237429986761233724e-01 -1.662062243792116201e-01 -1.139371471053070017e-01 -2.518527839596493290e-01 -7.490076939561549074e-02 -1.864798747999082962e-02 -1.630946872761341315e-01 -1.835989844419015082e-01 -1.835682101660869314e-01 2.302537624473769903e-02 6.874424100569573141e-03 2.757256196932066916e-01 3.002415607420735703e-03 -1.434067441370944808e-02 -3.777547235454872115e-02 6.709392409701230020e-02 7.321620413721181830e-02 -1.314603335873612000e-01 2.068275290535518673e-01 3.068422002697779316e-01 -5.289594169913861693e-02 1.509960394919786508e-01 2.729239087433129457e-02 -1.206543280842470728e-01 -1.101015292686108038e-01 2.171662020586366815e-01 6.723671121176787169e-02 -8.093193401402732495e-03 -7.123090174060026092e-02 -1.093791421958788812e-01 -9.377354382087955964e-02 -5.964646465577644330e-02 -1.374421289535278923e-01 2.118274348886996228e-01 1.202377698658517804e-02 -7.820300656315814711e-03 -2.605150746645994997e-01 -1.951152059818822004e-01 -4.032813180457325841e-02 -1.202815054111184001e-01 -1.028388042279180722e-02 7.696424258641010319e-02 -1.156739739834842517e-01 6.978228345884567030e-02 -1.004689837044392825e-01 -2.119992164327700324e-01 7.598184895479687118e-02 -6.153768684250647547e-02 -3.204268065168956042e-02 -2.174719257469734379e-01 -7.849568578278189046e-02 -2.189091675657045266e-01 -1.624787287188428908e-01 4.758480582821955629e-01 -3.915813338023196649e-04 -7.966951608375097416e-02 -4.709736687395839339e-02 -4.199588865929772957e-02 4.449661808675828972e-02 -8.309152413567219564e-02 -1.126751908743136160e-01 -3.846052894314516690e-02 -6.193694034548775929e-02 2.299593126426063838e-02 1.427765006297391191e-02 -1.753148057911735249e-03 -1.025291476688025699e-01 -2.110438916885604976e-01 -1.664041796216260138e-01 -1.449296498863004989e-01 -2.021844263734561345e-02 -1.394519766247699077e-01 -4.311561481135441770e-02 -7.767595068980459594e-02 9.395878140423488678e-02 -1.415977942912815257e-01 -3.790705905643310114e-02 -2.796461211928031459e-02 -7.672281407917849738e-02 -7.686574417244160240e-02 -2.708265920731277587e-01 4.412466431277861818e-03 -9.129659221684333081e-02 4.265823462528768595e-02 -1.249525706719707141e-01 -1.967979247011362731e-01 1.570977214010378376e-01 6.045148143025841359e-04 -1.497174569696346214e-01 -1.180964723252378307e-01 -1.800531715302439717e-01 4.657859433381659336e-02 -1.750820008393015326e-01 -4.261921572628717125e-02 -1.391376055203815965e-01 -1.648970450024001555e-01 -2.014462948171843182e-01 -4.841584892597328160e-02 -2.009856929602451547e-01 -1.227561516860873753e-01 2.721269751648803387e-02 -8.345067940022712905e-02 -4.052928004448995425e-02 1.712684536139639710e-02 -6.617265016506009012e-02 -5.284257449531643350e-03 -4.525327029234994802e-02 -1.158624968548567225e-01 8.262330442198981273e-02 -1.739397402492347811e-01 8.404621936028544571e-02 8.877527223679130414e-03 6.832562080141657557e-02 -4.732672782975235609e-02 -1.362225358282044552e-01 -2.817715046581940191e-02 -3.272079505805428751e-02 5.379791336246266681e-02 2.366501422976100277e-01
-1.924583657885119148e-01 -1.015176707152155577e-01 1.385389500094419690e-01 8.004739949534595347e-03 -4.971747278467996550e-02 5.966447729294002134e-01 -8.136392803217358527e-02 1.000000000000000000e+00 -8.616421504786721253e-02 2.118261217835347987e-01 -1.899840367588430667e-01 -1.160169390782132409e-01 4.269519304131311754e-01 -2.887806222956088575e-01 1.117488847597591928e-01 -2.182099316621536611e-01 -4.512622098453613478e-02 7.246670673169719468e-02 2.180133176307113077e-02 -6.892827872361081964e-02 -1.106784479590544185e-01 -7.245438602850108600e-02 -1.407242585343323193e-01 -4.293654947149355694e-01 1.522338017904464325e-01 1.243273591401977685e-01 6.623547254005328622e-01 4.786652314135831920e-01 -3.093582517487331596e-01 -1.335409684701063526e-01 -2.005512286904598371e-04 5.338078232667420320e-01 -2.245416111430389439e-01 -4.932906892431034029e-02 -1.975028128189912913e-01 -6.986063903501267547e-02 -1.635953606845278741e-01 8.068173479845862361e-02 7.407470156889723878e-01 -8.253874687913675956e-02 -1.769861119034167318e-01 -1.119931835948769078e-01 -8.245283260688771737e-03 -1.337590541181181703e-01 -2.297054352271237221e-01 -1.785873856327853670e-01 -7.491891306406350814e-02 4.688540576368802060e-01 -2.285578176993416921e-01 -1.339237507624879740e-06 8.084740576624935837e-01 -9.491380672624760706e-02 -2.158620405029182954e-01 2.947209889285885565e-01 -8.957462619125923509e-02 -3.403119142569898115e-01 1.663107619394541548e-01 1.169532729945156335e-01 -3.036741532868697524e-01 -3.210607315236610471e-01 -1.368430850117485220e-01 3.236913812871476392e-01 -5.484877470558344875e-02 1.699856320982587043e-01 -2.553158270692206244e-01 3.248880759765098714e-01 1.447060616153129919e-01 3.180374529342146900e-02 -3.233130117461806008e-01 1.839024498868582769e-01 1.625302199976098039e-01 2.792350604186250029e-01 5.547395410643061325e-02 -2.818353956149373674e-01 -1.739463524779958081e-01 7.880781718934390945e-01 1.186915312130023825e-01 9.220823284599894976e-01 -1.495322643521971584e-01 2.909705558744178910e-01 -1.490394835387505168e-01 4.610837623450453338e-01 9.505204691917880089e-01 1.644877339224441182e-01 -1.095879268834860365e-01 -1.962293660682134788e-01 -1.997895394335248986e-01 -1.567878592386640763e-02 4.345980469563711507e-02 5.882910248471628564e-03 9.257751860242731112e-01 -3.216921998534826299e-01 1.208492602791356452e-01 -9.153904735086763889e-02 -1.180500103042471938e-01 -2.597142972591868770e-01 -1.598869091978231682e-01 -2.074220630035317203e-01 -5.745427015646289819e-03 1.172320397511001921e-01 1.678461736516907998e-01 -1.092918655957444696e-01 -1.961491157711336975e-01 -3.379803063695937526e-01 -1.376977038974201428e-01 -5.468058722358078855e-02 4.812492696086031474e-01 -2.895597344493675562e-01 1.337180179865889162e-01 -1.638315498270686288e-01 -9.430886935562185491e-02 -1.770000891097278095e-01 1.621687415421098344e-01 -2.218447781065073232e-01 1.764438574558543915e-02 2.046137165333238583e-01 6.198060282254165554e-02 7.266309725638975259e-01 2.927167042701297323e-02 -2.215329929234830519e-01 8.651156633574942356e-01 1.178945276342537041e-01 1.477204373714960731e-02 -1.109357650033517551e-01 -1.687950555485180637e-01 9.044790349058143275e-02 -1.793175261617479255e-01 -3.072031028959998356e-01 -2.555626594625272086e-01 -1.398630938559166925e-01 -1.473624238236841688e-01 -7.119086290776341364e-02 -1.002862314402120231e-01 2.652833022214987624e-01 -2.866710297135856983e-02 1.352218447538830748e-01 -6.740024639871299017e-02 -1.770539117436415455e-01 -2.366403881843688328e-01
-1.789041995099391047e-01 -1.530380225015489926e-01 -4.329506547203375300e-02 -1.135956907704633451e-01 -8.467490850699048444e-02 -2.677467437935719397e-01 -5.169793000764366653e-03 -8.616421504786721253e-02 1.000000000000000000e+00 -1.371073258198194089e-01 3.239927840950355131e-01 6.105620484345252175e-01 -2.390754734351122346e-01 1.792662353017025478e-01 -2.929264556689584187e-01 -2.573078378407387956e-01 -1.515999337095314536e-01 -2.154785535223076032e-01 -7.315236742124082980e-02 7.701863167973276303e-01 -1.937923863033326755e-01 1.636406059770716959e-01 1.337933143859218466e-01 9.119297973811121838e-02 1.076524530230421562e-03 -7.113987821310450987e-02 1.169499535421344161e-01 -1.848009594160135993e-01 1.358716449608166899e-01 -3.934245958186093073e-02 -1.821914531724794506e-01 2.610283535870592739e-02 3.879281793710390169e-01 4.981584487293014285e-02 -9.313883406466176573e-02 1.035857138827691593e-01 -1.650800406485768423e-01 -1.303738729349026571e-01 4.185783228847622661e-02 -2.142139103467765975e-03 -2.097281243253403260e-01 5.208484768464511847e-03 -1.906941397128900650e-01 -1.979751414649557617e-01 -1.803370383816072509e-01 -2.130194934263080486e-01 -1.800698899874043218e-02 7.708637816444713353e-02 -2.222340365722690336e-01 -1.503474303036134996e-01 -4.966140520876471953e-02 -1.826602523351672502e-02 1.233242500787254253e-01 -2.796230658096711050e-02 4.906012887610926299e-02 2.957046566313430991e-01 2.300209383197583321e-02 -1.770169983536976910e-01 1.429312818890641767e-01 2.317917999874024026e-01 2.103253197758129522e-01 -1.537316919237173840e-01 1.535076020666480967e-01 -9.779915022909967115e-02 9.766455810463997578e-02 -4.462369619776183904e-02 6.000695096574764076e-01 -1.821879470289678449e-01 1.508401753657090949e-01 -2.533784852973485768e-01 4.195629924099193719e-02 -2.095767914726958947e-01 3.270975582776517593e-02 -1.101965067350705318e-01 2.801823003195151318e-01 -1.610261654363215889e-01 5.675132201491155104e-02 -3.905098265517316369e-02 -8.194111412118305904e-02 1.791178250201514999e-01 1.980859349204206754e-01 -2.565203893950347980e-01 -1.085795656822087646e-01 -9.326611006574939133e-02 -2.100643149626419404e-01 3.508431983862762560e-01 1.223716307916256907e-01 8.086095903656194406e-02 7.657754812340131223e-02 -2.821517944331125016e-01 -7.572221824220307096e-02 3.119017252947791155e-02 3.161463063604970369e-02 -3.244260567316113036e-02 1.672885654610129988e-02 1.691278488937131563e-01 2.560946491030103855e-01 1.255900233319056369e-01 4.342303898178838384e-02 1.123806037528872828e-02 -2.799576951454406729e-02 1.024435569829255793e-01 -2.506160381301966722e-01 -1.913349621737197581e-01 -1.959690130303600453e-01 -1.727510354308524343e-01 4.814271532565893297e-02 3.259366434963179016e-01 -1.166751781571662497e-02 -5.124587065488668547e-02 -4.453641897846333936e-02 8.132781419207263385e-02 -1.042554878896401471e-01 -2.877816877095450421e-01 -1.963675419500282293e-01 -1.588444322040216596e-03 -6.610398162392114307e-02 -1.914018855709136435e-01 -6.491845540382520929e-02 3.567060799976710661e-01 -1.039496129160256688e-01 8.006464560072989317e-03 2.914941534823972669e-02 -7.637865497728965614e-02 -5.589657961665130820e-02 1.605442295137903819e-01 2.910458359906186177e-01 4.035385839760253779e-01 5.554461093465400123e-02 -9.423006309057518903e-02 7.654670821740636177e-02 -2.136703367250451235e-01 6.969449753140515014e-02 -2.076923471286161171e-01 -1.902913335542964768e-01 2.211881966274799605e-01 -1.453894532026428210e-01 1.701210171569818991e-02 -1.577492927314045335e-01
1.420142881510736976e-01 -8.278623659840644508e-03 -1.154898652421185445e-01 9.391218931863928865e-02 8.311604284654140751e-02 5.623251046694162369e-02 -2.541282132232379198e-01 2.118261217835347987e-01 -1.371073258198194089e-01 1.000000000000000000e+00 -2.861530158557262782e-01 -1.629099774012447155e-01 6.312605941955470867e-02 -3.221857889331696673e-02 2.243203592082878006e-01 -1.875045014390009368e-01 1.215227864417712383e-01 -3.888696525868890613e-02 1.228677741828952674e-01 -2.091722168259254333e-01 -1.203073636063153873e-02 8.154113663996752359e-02 5.652756864339307519e-02 3.196397142635478555e-02 -6.765310539801727696e-02 9.943211256249276375e-02 1.807974294491947465e-01 5.858991250982994448e-01 -6.869391185802457833e-02 -2.173932736143739108e-01 -1.166974521342224735e-01 4.037651888778971687e-02 -1.459941342623557181e-01 -1.299839765299266037e-01 2.686261527168335578e-02 -4.975421501558027759e-02 1.727965969920406547e-02 1.490611839168054786e-01 8.473145577818462504e-02 -2.087642009268536880e-01 -3.976283061557574910e-02 8.658097107163684192e-02 -1.654261064601164344e-01 7.554072624941228498e-02 -6.169240760438036986e-02 1.031432417214296626e-01 -1.232234299574823250e-01 1.013595763253642285e-01 8.457811938799561502e-02 5.229927959437379037e-02 -1.821829988463464362e-02 1.211811812805518862e-02 -4.527430755354654168e-02 -1.501257042726610869e-01 5.740686337221383162e-02 -1.254972459416461017e-01 1.723015332937569977e-01 1.327609034004188782e-01 -1.398673594271689358e-01 -3.597219305653261839e-02 -3.284575102175957273e-02 -1.839736972437593793e-02 1.527134623576801020e-01 5.895941113364797787e-02 -9.590352897380556574e-02 1.473277759383588015e-01 -1.516984102624038301e-02 3.625662830884576054e-02 -1.333153800602924488e-01 7.623641475723972327e-01 -4.830596157392887113e-02 1.563721182038314284e-01 1.031252456417603297e-01 -2.219693244896169815e-01 7.858858455388900016e-03 3.544899033861262927e-01 -1.437687042676575877e-01 2.313983436570537511e-01 1.359500747885572791e-01 9.394204450687951291e-02 -7.639667206968935032e-02 8.042048039578568452e-02 2.086088753778350680e-01 1.404902997409462895e-01 5.657769293008000494e-02 -1.810349008765999579e-01 -5.893473770369012099e-02 2.324776169400950554e-01 -4.862186116561758448e-02 1.441352263112188614e-01 2.305188097535906255e-01 2.253862163136206506e-02 1.525960206841255919e-02 1.020061110199463467e-01 -8.177588655195555667e-02 3.067110098545375481e-03 -2.167582613806384728e-01 -4.599645515838866883e-02 -1.180179434241896384e-02 -1.058940259229658870e-01 1.226150154383345015e-01 -1.351449446427953061e-01 6.925352155358181772e-02 -6.222885355506582034e-02 1.102338381447512256e-01 -2.051510399367535362e-02 -1.061449828341990698e-01 -2.274549696492728368e-01 2.687618261566152023e-01 -1.534497649159401178e-01 -1.833719105823549966e-01 -1.174514833636463723e-01 -8.335848323219140210e-02 -6.629200877511157164e-02 5.134911001227443483e-01 2.982188779015140789e-03 -4.021977396665148141e-02 1.129558989223786447e-01 -1.568216040595752092e-01 5.368523919037873626e-03 4.986974918655642103e-02 1.163695475721304301e-01 -1.309048433524775124e-01 -8.963111907258677902e-02 7.212495440230151655e-02 6.532171762854306618e-02 -4.809821300639251229e-02 -1.149043452711888263e-01 -2.140211026202861466e-01 9.787279557256500784e-03 -9.150918717195066429e-03 5.017221638518056664e-02 -1.352037273450079347e-01 1.270642618103519084e-01 5.822952299858611541e-02 7.843586364401879119e-02 -3.481423282372869688e-02 -6.171158936968207387e-03 -2.175458309449408018e-02
-4.284461589282929916e-02 -8.442815136743735127e-02 1.107282410815981361e-01 -8.471444582068082818e-02 -1.515801422687263200e-01 -1.981936412885213217e-01 3.303210016393224452e-02 -1.899840367588430667e-01 3.239927840950355131e-01 -2.861530158557262782e-01 1.000000000000000000e+00 3.906036959864925828e-01 -2.839212100463639477e-01 3.651308865179844210e-01 -6.460249096560204130e-02 -1.515560212005424567e-01 -1.981129111145995825e-01 -2.972305259987085280e-01 -1.129192120865782877e-02 4.961981481020897311e-01 -4.102517754680697071e-02 -1.998107947238714766e-01 3.343620876322002666e-01 2.122067464109586576e-01 5.475693601210549627e-02 -1.510254957944744125e-01 1.415833198647809543e-01 -1.252750938106549916e-01 2.830395545677060198e-01 -2.836401693481656675e-02 -1.284735004954287163e-01 -4.083601516449070212e-03 4.269639613087325425e-01 3.520716389601098728e-02 1.078143744981253371e-01 -6.572591524436384447e-02 -3.080557067258840598e-02 -2.656479489147928752e-01 -2.568595684780063462e-02 1.628704614747179466e-02 6.217814705014675092e-02 -2.088258038077202838e-01 -2.758507248308741944e-03 4.176912375522613685e-02 -1.285831227857583137e-01 -9.769633105602784640e-02 -1.009735751786355537e-02 -2.406369178229806616e-01 -4.501870986481271153e-02 -7.605647639006758720e-02 -1.706436026492343383e-01 1.754108912333552650e-01 2.043983104717856381e-01 -2.169641920363614696e-01 -5.187723425720656284e-02 2.874828105097730346e-01 9.962935446951237672e-02 -1.177850346298476431e-01 2.776396504898861473e-01 4.019608208562698293e-01 4.504259004619603490e-01 -3.395746206774336029e-01 -1.894207381829456360e-01 -7.101394677022512814e-02 2.153756272426437524e-01 -1.115940277783622758e-01 1.258566439962018335e-01 7.694867254452397720e-03 2.010670178190339108e-01 -2.281567535900522192e-01 8.539548592851661790e-02 -1.517067070763408743e-02 -1.080651797477150122e-02 8.559572081061347926e-02 4.567854146272392057e-01 -8.747180286324851561e-02 8.741203083210780100e-02 -8.080699183480427594e-02 -1.329419555626863425e-01 -2.356659846064083630e-01 2.635963904712603223e-01 -2.632122806759056854e-01 -1.272446078747046516e-01 -1.772632293672122827e-01 -1.075102130293039276e-01 8.436114183447273041e-01 1.953885033593192877e-01 -9.570519135201785432e-02 1.081842654260867231e-02 -2.063655479931876813e-01 -1.846283561444434229e-01 -1.462362916774172239e-01 -5.023228131879713121e-02 -4.641161872331658195e-02 -6.593875449564028102e-02 3.577858535184298416e-01 9.166230987753617998e-02 1.829931943050235321e-01 3.119305204000534237e-01 6.326740491741120187e-02 -1.419931220086064483e-01 3.560094183486450792e-01 -1.290305595053897469e-01 -3.578294922579207393e-02 -2.388569939324925728e-01 -1.959118268971360433e-01 -2.745271343045821433e-01 6.820010425630084194e-01 1.805710098036164210e-02 -1.515103862886151877e-02 1.349901938968206538e-01 1.966399129044091865e-01 2.415235255699578823e-02 -7.755080100768065032e-02 -5.216682028376026098e-02 -2.257100372336248717e-01 -2.588209105836044022e-01 -2.876129777195428616e-01 -1.341572537484032601e-01 5.465606690640645304e-01 -1.742224341175104274e-01 -2.284243571203791456e-01 3.997717555147351637e-02 -2.155988274417753106e-02 -2.488473249843334983e-02 -8.962450759910056686e-02 4.527126353221994082e-01 2.690634115907363233e-01 7.067446533533808251e-02 2.256649898159160741e-02 1.472474755001022539e-01 -4.003361446646342553e-02 -9.295283176285522309e-02 -2.321423589081514915e-01 -9.337274991461322338e-02 -1.569901839321754256e-01 -3.092677867109056566e-01 -2.513329541651825871e-01 -3.553793026658701171e-02
