1.000000000000000000e+00 1.273668322006929754e-01 -1.678843741826369917e-01 5.790008081652918415e-02 -6.571699859688118206e-02 -9.684341088125768271e-02 -7.391760794565767345e-02 -6.050359204071054098e-02 -1.011748985740994894e-01 2.555550188566239195e-02 -5.855468784145691913e-02 4.796771258299348077e-03 -9.098808889397527744e-02 2.577928142996813166e-02 -9.637628400259194705e-02 -7.382058163680876861e-02 1.248128461847112930e-01 -1.482366969824300551e-01 1.056257728616367964e-01 -1.145248087554678607e-01 1.228712865593386966e-01 1.566815259518003212e-01 -7.763878204616501966e-02 -3.576653370073207966e-02 -2.199357897761092528e-01 2.289789484629996541e-01 -5.484560178914654749e-02 -1.681225108035827934e-02 -7.453740169117725745e-02 -2.155779140505346692e-01 -1.263998128577405733e-01 -4.019573419855010377e-02 -8.547392894518250628e-02 1.336422563275414532e-01 1.684342396688734422e-01 -1.525742153863968442e-01 2.130895975580908430e-02 1.415196372351692489e-01 -5.577954066737267347e-02 2.740028880153900712e-02 1.346314732891909505e-01 -1.185481287160291552e-01 -1.675665414581496704e-01 -4.212661188423263287e-02 5.317073754346505199e-01 6.967018981702235991e-02 -4.661275834948740843e-02 -1.033288979326531659e-01 5.117275768793596580e-01 2.044907271570725604e-01 -8.755516248891695441e-02 5.990201985867897594e-02 -4.273241686244790699e-02 -1.405435917384053601e-01 3.464013924411576406e-01 4.729516644366072234e-03 1.398205329747906345e-01 6.733204802892749086e-02 -1.602512973070708280e-01 2.647380663827305497e-02 1.020610454788912769e-01 -9.435527090336867650e-02 9.404656456990108382e-02 1.172868601750090278e-01 -9.753227456066486389e-02 3.864054144161558485e-02 1.759825586605867685e-04 -1.870586952863400043e-01 -1.576276022891184569e-01 4.645447680820794650e-02 -1.999825738618281890e-01 -5.643631885252915759e-02 -1.429976195667296834e-01 2.515264806199947745e-01 -2.270549404349304565e-02 -4.525588329975956808e-02 -2.169165010648017589e-01 -5.515428197619691442e-02 -4.772881182391278815e-02 1.522104908575065974e-01 -1.976465785849052664e-02 -9.418666293570951420e-02 -5.589736753021466720e-02 -1.124243345257506244e-01 1.402824159623312916e-01 -3.525117834674739575e-02 -4.550827067934173215e-02 7.202235137712942326e-02 -2.137052954516319159e-01 -1.064330267259396834e-01 -5.889257395081359814e-02 1.147566314244601038e-01 -1.709824266426528128e-01 2.532594311522130479e-02 -2.055310103823812518e-01 1.619852614482853587e-02 -1.950098754297213965e-01 -9.618427852601317551e-02 -8.383101004599988193e-02 -2.189994799968295047e-01 -1.259279557786031067e-01 -3.847542395479406491e-02 7.603293981259761081e-01 2.520758893117425736e-01 -1.353890510170180639e-01 -2.346204769271929558e-01 -1.046932630122545949e-01 -7.700486066166620236e-02 -4.643342676598111174e-02 -9.326210589743387513e-02 -2.810121026213122652e-01 -1.382204123045343569e-01 -1.731416859963391119e-01 6.458382721634390311e-01 3.196350353202227074e-02 -1.694636664561584016e-01 -2.601713790697403050e-01 -5.539688590962012216e-02 -1.175079917866245216e-01 3.158888890840333419e-02 -7.448167391903834367e-02 -9.812200455246591901e-02 -1.793466381398235998e-01 -2.254716060098581887e-01 3.427809577726899093e-01 -9.299211319642811113e-02 -3.874210603672072206e-02 2.054263799152041339e-02 1.589736561513437063e-01 7.675463223902338761e-02 -1.472242183112645597e-01 4.222352773124606051e-02 -2.432105252652254634e-01 -1.273860684568386692e-01 1.038827941625916768e-01 -2.505780411560370319e-02 -2.114866233976632759e-01 1.285042153490252859e-01 -1.942174523887359519e-02
1.273668322006929754e-01 1.000000000000000000e+00 -1.090456689837178555e-01 3.471324354541442392e-01 1.829064989073102832e-01 3.839675914650972910e-01 5.425271893319087990e-01 3.187074320151648821e-01 1.304380523239855316e-01 2.299534209457515799e-01 1.727595264369519434e-01 1.897877714295852225e-01 4.081568373631888624e-01 -1.275323890899479062e-01 2.977841073873530586e-01 -1.625007456275006923e-01 3.271228591359122695e-01 4.990055380653031780e-01 4.098752346065198671e-01 1.729439660665322287e-01 3.644154804397771730e-01 1.578511551531074364e-01 1.589398703958334047e-01 3.853502250411061647e-01 -1.270648463864192668e-01 5.151900228596607567e-01 3.319960795618178695e-01 3.186853230979847518e-01 8.159718456121320407e-02 3.604639098263475172e-01 1.296039358915232476e-01 3.419703487788254281e-01 -3.524345623312929825e-03 2.567095832463055921e-02 7.003379130533785579e-01 -1.715925645268674971e-01 5.597554858903610597e-01 -2.705432683579306330e-02 3.266757323056536655e-01 5.406118113890133747e-01 3.842270025251479648e-01 3.232406603116004806e-01 -6.202240911277669827e-02 3.522958840362540589e-01 2.443706623849885573e-01 6.550734868485038609e-01 3.488084858011738509e-01 3.252200294880924214e-01 3.375992847275542941e-01 9.678909606461953696e-02 3.306378680494396760e-01 6.274594749047507705e-03 -2.116835265179838887e-01 2.492446637729712755e-01 1.026113428014528983e-01 1.402967172500780291e-01 4.367911736598476674e-02 4.445832556067335628e-01 6.721645266841300148e-02 1.485953110521483168e-03 2.575503406755755842e-01 3.836919788963292222e-01 1.377626420174545008e-01 6.062351289720963043e-01 -5.380058028044364116e-02 3.130489388895488223e-01 2.742240018392658740e-01 1.210211703338441580e-01 3.330461091719446043e-01 1.749672738809338879e-01 -1.510213208379184435e-01 3.054563972510382364e-01 3.283295581635170546e-01 7.658247776276110308e-01 -1.556900548225560177e-01 3.359588067018550728e-01 -1.172598537418294284e-01 3.230577506560383116e-01 4.063418966829110412e-01 2.858733447268885786e-01 -1.316997315407088809e-01 3.658986688282895861e-01 3.286854686086772559e-01 3.908981007481652226e-01 -1.257242400948529459e-01 1.233117710150958245e-02 -1.310818779896398001e-01 8.738780749007869775e-02 -1.365520664843607457e-01 4.553420198059519031e-01 3.212563819707747181e-01 4.769470597983501148e-01 2.964413840576857750e-01 1.901650328572121462e-01 -1.724477990562480606e-02 -1.970172386870830405e-01 2.526112612554008985e-01 2.107988741810633004e-01 2.100693633041383068e-01 -7.950940058014012435e-02 2.694661593537278632e-01 3.653634889466662594e-01 8.189036286302742162e-02 6.958180706040109076e-01 4.273604705891010380e-01 2.754810515926564007e-01 2.725508426524603789e-01 1.960478799030367647e-01 3.253895585780379185e-01 5.025625514305981367e-01 2.151295077490779362e-01 2.616323206288687642e-01 5.898569823355704136e-03 7.898794420671914618e-02 4.104129370152955758e-01 2.803258738433046515e-01 1.807572488916849296e-01 3.670913621734798182e-01 3.557090445174492244e-01 -1.133907091147392521e-01 3.584327954770308855e-01 8.162985053123708590e-02 -1.673786864630266366e-02 3.467652686408092544e-01 4.396586392836633328e-01 2.476628348214105491e-01 -1.326803472113593230e-01 -3.380142442057615490e-04 1.387709769030541496e-01 -9.976555045976961966e-02 -2.027345307414729625e-01 5.147323014866101998e-01 1.407885233469545749e-01 4.244583353709690532e-01 2.565144538470728319e-01 3.607162116995916712e-01 7.869294699694937001e-02 2.311797735574581958e-02 7.163457870032940988e-01
-1.678843741826369917e-01 -1.090456689837178555e-01 1.000000000000000000e+00 3.584738326345239812e-01 1.005530208286639082e-01 -2.738594626625660139e-02 7.401031245427211469e-02 -2.444623833366024387e-02 7.285596366780053290e-02 -5.849751881969343301e-03 -3.111068609230937046e-02 -4.665883709041818324e-03 -4.405200798799207076e-03 -1.053802741760659356e-02 -1.200292654849529211e-01 -2.525377167482834584e-01 2.507247124720525244e-01 1.001437351831730924e-02 -2.630519624173026094e-01 1.160121992967746429e-01 -2.983240808527002352e-01 -1.820755337467385160e-01 -4.422513950721606787e-03 2.579706829093297155e-02 9.642276779518776930e-01 -2.238559939457491696e-02 -3.690409235757531603e-02 -1.644686973464516005e-02 -5.247116387160283453e-03 2.822644118802543067e-01 4.880618234846732517e-01 -2.795512354490801293e-02 -1.003213645057927927e-01 2.207887607144662090e-01 -1.717250486112017471e-01 1.440940225909040882e-02 -1.833854073732806567e-01 -9.277180167715656789e-02 -8.345688372105437153e-03 2.215971105345626233e-02 -2.867451230523882511e-01 1.360588318910239403e-01 8.488177709332921372e-01 -1.012963423634916094e-02 -3.575932446267697795e-01 -7.379042258079611394e-02 3.743534388016243053e-01 5.412812532065286453e-02 -2.030698361580134392e-01 3.521741221866884208e-01 -1.294801714597537332e-02 -1.924789345897979370e-02 9.795426412753704959e-02 5.206875310270149548e-02 -8.160650313256589961e-02 -1.299657153542261856e-01 -1.721503308053328254e-02 1.135058408273892372e-01 4.370954810381146027e-02 -1.319143976036798484e-02 -1.618380390783815542e-02 -2.947519492930958385e-02 -6.284790984813060088e-02 -6.599888466340135540e-02 1.739146721899943737e-01 -4.189571132934144515e-02 -1.760920407663868394e-03 2.287718368651297518e-01 -1.322403078518017208e-02 -4.053441607505347405e-02 9.572607483035051601e-01 -2.794446030156599869e-02 2.324128287865143139e-02 -2.873950964988116266e-02 -5.056120516829855360e-02 -1.594044339613589004e-02 9.545097695798793191e-01 -9.463666884691853548e-03 -6.358399220086655146e-02 1.546927566068611870e-01 3.695349141310712987e-02 -1.782620169154088344e-02 -2.723776566044540728e-02 -9.837963734387508707e-02 3.136670406010487189e-01 -5.706387426051311162e-02 1.904087213978198911e-01 -5.919527453381079329e-02 7.989529327695799044e-01 -3.681594905270353657e-02 -9.290110361198231775e-03 -1.484049099139775618e-01 -3.985555825540400277e-02 -1.917607144786414586e-01 5.366863232943228645e-01 2.720105419393990462e-02 9.163521487483249073e-04 -4.871134617994819088e-02 1.005307046690850827e-03 9.268657268273150507e-01 1.959897413441181180e-01 -4.067042149623571051e-02 -2.309153047623288546e-01 -3.161928798850394129e-01 -1.961132015140650692e-02 2.350138939281669614e-01 -7.300750168759928722e-03 -4.243685526667636404e-02 1.459953041632659244e-02 -1.810199530996166872e-01 2.762107396530163461e-01 -6.855800989827118275e-02 7.138398460123972500e-01 -3.005732018653952675e-01 -4.369053686835072453e-04 2.126987635096486140e-01 2.722875558582265598e-01 -3.284201278662075840e-02 -1.158760952863059634e-01 -6.081663876346874581e-02 -2.995717533087140574e-02 1.062548100069343054e-01 8.987483693675383245e-01 3.125124364919014686e-01 -2.395247541796304558e-01 6.129935076600773192e-02 2.825951751538203702e-02 -3.315753098072410279e-03 -1.750954106469994886e-01 1.224192891773211028e-01 6.134201028346802920e-02 -1.124128527397697946e-01 6.477265743860642910e-01 -2.017535374146214519e-02 2.635415690412274414e-01 7.733311747169277495e-02 2.404049253075735137e-01 1.327373450453792070e-01 -1.129856114626415914e-01
5.790008081652918415e-02 3.471324354541442392e-01 3.584738326345239812e-01 1.000000000000000000e+00 1.648326480497619706e-01 3.317804697399820979e-01 3.776311058867983794e-01 3.275340092242645107e-01 2.760314917272802537e-01 2.218411822409454837e-01 3.972232601499820492e-01 5.154776873148513294e-01 3.178859911476060174e-01 1.773570565204276098e-02 9.528213274765662266e-03 -1.807743660003582886e-02 8.876511232448642819e-01 3.521340575919084670e-01 1.660766899279686459e-01 3.181125266544802543e-01 -8.486963266926492166e-02 6.556629233179575925e-03 2.672297647980254043e-01 5.456094704639198323e-01 3.356455720222790706e-01 2.472854017189842768e-01 3.852512032447813484e-01 3.009592688973194985e-01 1.131633413355908890e-01 6.872747614024783402e-01 7.674771181367044948e-01 3.015064370260108761e-01 8.465443842472974989e-02 5.525150657905109237e-03 1.017206799264263883e-01 -1.397492822555477243e-01 2.256604480323085027e-01 -4.045117179492958848e-02 3.241460398822579303e-01 1.592603203983588289e-01 -6.670003224498964427e-03 6.566182866772662940e-01 2.531749229521923494e-01 4.543802740319712319e-01 -4.575986863745885175e-02 2.012292716312330809e-01 6.921897771963373414e-01 4.036963060123975877e-01 -5.435139730282575327e-02 8.545333012043239140e-01 3.468936280832711772e-01 8.797509464794983636e-02 2.678455627466879221e-02 2.076354600818429152e-01 -3.291473754687700148e-02 2.906340249101497797e-01 -1.365522427869506061e-02 7.254636862254540963e-01 8.442072970966456313e-02 2.886115032655031665e-01 5.028611138257612634e-01 3.157670452675501727e-01 -1.027737780041663856e-01 2.665035096459430486e-01 9.999388713633990122e-03 5.164906876370843891e-01 4.591943680467044930e-01 4.590700264449399937e-01 3.873508449934364162e-01 8.655244234996373187e-02 3.716554134531275255e-01 3.552311153617099260e-01 3.998640175743901626e-01 3.180869498854375088e-01 6.757484624919443683e-03 3.290479343276025426e-01 3.156855297463405097e-01 3.374246333139348519e-01 2.955638630156079971e-01 6.906300250199320923e-01 -1.354583146951138239e-01 3.172298964307344038e-01 3.390426884785811001e-01 2.455729344199154285e-01 4.131122243679976047e-01 2.496384152688323199e-01 -6.276634362099316189e-02 -8.826724714676234540e-02 2.457068925719526342e-01 3.113014087189777124e-01 3.384795674443056290e-01 1.905705280492834830e-01 3.021470302351669801e-01 -1.641306450528356997e-01 4.581819115782154728e-01 1.950955892119483892e-02 2.135718378996921962e-01 1.694444920956822975e-01 2.849772330408543719e-01 3.854250243520629393e-01 3.994103256273375813e-01 5.135215925961327255e-01 -2.947427989039484372e-02 7.224737584487092579e-02 4.648493137741777081e-01 4.753923965685083464e-01 2.574231573778014703e-01 3.477969501632349747e-01 3.891673603853497143e-01 3.337486785271156498e-01 1.764918461616503120e-01 2.414162208098251106e-01 5.089746343390506578e-01 1.806990345614675753e-02 2.416551417266317170e-01 3.761074798641159123e-01 4.039043933395747854e-01 3.599897181794141643e-01 2.910927250771361829e-01 1.555579251607016600e-01 3.349915131728377626e-01 1.064889308022457098e-01 4.172075927987264343e-01 5.004615743972088415e-01 -3.631457502258141068e-02 4.469435917656466306e-01 3.514674648131013018e-02 2.686110639673387479e-01 -1.104249627735041372e-01 -2.120517081546207105e-01 -4.378014660323745200e-02 1.133933573365472486e-01 5.776147089801153545e-01 3.322686486595877731e-01 9.073722124433348801e-01 5.997583539484344639e-01 4.624655363132685326e-01 4.231803837928794221e-01 3.770862430748918581e-01
-6.571699859688118206e-02 1.829064989073102832e-01 1.005530208286639082e-01 1.648326480497619706e-01 1.000000000000000000e+00 5.966433208889708739e-01 3.747427335960922812e-01 5.612858962068032476e-01 2.191884918868480803e-01 6.231723285472765550e-01 6.965417584689503894e-02 1.429591617258090530e-01 6.228413985695487876e-01 -1.438795039080194293e-01 5.617523978932876805e-01 3.182671907681537959e-01 3.186800277120451774e-01 6.104291751744432837e-01 1.542249852350904005e-01 1.644680903899050084e-01 -7.100901382309092458e-02 -1.495628464748258446e-01 1.067767518070390498e-01 4.726484251197414777e-01 9.501250765479306304e-02 3.115786259964398175e-01 5.320292851608049434e-01 6.133797312292330606e-01 -4.602336275812682342e-02 2.973390152908098605e-01 1.089100531352390211e-01 4.675520587828779773e-01 1.189174379658945596e-01 -3.781068749326681189e-02 1.430936052679608605e-01 -1.108305157639511290e-01 1.513021696580945652e-01 -6.871124661672130263e-02 5.356394200561275243e-01 8.483186716141183359e-02 -1.482510609059032800e-02 1.915726410948791480e-01 3.125622711538637855e-02 5.395153301876224328e-01 1.172339674983388508e-01 4.577139464831719851e-01 2.289332938563901632e-01 5.410657789437578469e-01 -3.920057590023995342e-02 5.924766367221268037e-02 5.458282175326069074e-01 -1.317917564770019756e-01 -1.881409059856650468e-01 3.487977254822722806e-01 -9.189917489820308150e-02 4.521637610448337591e-02 -1.112940677875324802e-01 4.478449885821232934e-01 -1.064391548505897872e-01 5.773535403785892001e-02 4.006921582008692306e-01 5.873884806101002942e-01 2.035678069420726877e-01 3.447760791025992200e-01 -1.411743062563282636e-01 5.539765347942788853e-01 4.192402411087800540e-01 1.857005659251965424e-01 1.031052057479223266e-01 6.062072019152150437e-01 8.900544373560895228e-02 6.172620391344921797e-01 4.283241592063837255e-01 1.828490644719253377e-01 -1.151462004516322357e-01 5.794532704110426646e-01 9.770602021674208715e-02 5.551965372726587189e-01 5.722517102311143189e-01 3.416081482734854013e-01 -9.776592964910432726e-02 6.132153200839774998e-01 5.641054341295289598e-01 3.625897700671680823e-01 1.503545404312564560e-02 -1.061349734030251832e-02 -9.945261876333619244e-02 4.108209193894182820e-01 -6.697361241353332051e-03 6.661597805883258117e-01 5.549620649924899007e-01 2.910175865031362497e-01 4.164320075125600984e-01 -9.851420748360087409e-02 1.190480989840806830e-01 -1.814228177828233479e-01 4.691363500330637537e-01 -1.542378181649039504e-01 2.800961852836236221e-01 1.268373217373988671e-01 4.279367147390361059e-01 3.584355582432255938e-01 6.728142340925258313e-02 6.059125653105151832e-02 5.338039327365250442e-01 4.248208354378821272e-01 4.201571507073040834e-01 1.910284055922278068e-01 5.753542680470642434e-01 4.957397691793685723e-01 1.533915919923769244e-01 6.781815295042642466e-02 -2.827690038508805584e-02 8.364159539484780637e-02 5.371931907627705005e-01 4.120105546728168311e-01 2.393679316957172121e-01 5.617774606807962590e-01 5.415060823183841521e-01 -7.929748434190546369e-02 5.523281834435237458e-01 4.476509674174661835e-01 3.940191839522459716e-02 9.051608159344681770e-02 5.123102388004319163e-02 4.534851732029302473e-01 -1.392590612786823168e-01 -1.087569689607149892e-01 -2.593376839890626506e-01 4.996189740078056662e-02 6.430111510106735484e-02 3.973223484315631104e-01 8.550370040911325908e-02 6.431897662979242369e-01 2.267026772609333496e-01 4.755822461440036841e-01 3.312671305948525300e-03 1.393010511443364408e-01 2.226228515555548904e-01
-9.684341088125768271e-02 3.839675914650972910e-01 -2.738594626625660139e-02 3.317804697399820979e-01 5.966433208889708739e-01 1.000000000000000000e+00 7.433455024968157465e-01 9.807804749472989192e-01 5.437843292927031502e-01 7.925951114620892746e-01 3.156420247428626258e-01 4.244243403965338723e-01 9.895936349033540580e-01 -5.030086114303279621e-02 4.321144917302019439e-01 3.693211140770002454e-01 4.631647562323000789e-01 9.007832435507874269e-01 5.146407804994765911e-01 5.001020733848330346e-01 -1.751110642113410387e-01 -5.888629857047200655e-02 1.990493259737027842e-01 8.355509024928462480e-01 -5.079172477567141242e-02 6.687484234929259586e-01 9.430712903136188041e-01 9.537837996874785063e-01 1.878712936765694619e-01 5.573808383489448071e-01 2.294135886233630295e-01 9.240120885851330623e-01 2.099510980241119373e-01 -1.319487152820174591e-01 2.823139264642255952e-01 -1.511020141513169379e-01 1.534491022560348084e-01 -1.263382559742683431e-01 9.660861332340215935e-01 4.291449834966245547e-01 -1.240896592353925298e-01 5.436720582429551696e-01 5.096812758960455941e-04 8.606338148164646151e-01 1.751263817474976725e-01 4.379581220225524096e-01 4.635914476858761790e-01 9.582824015208082358e-01 -1.386516579031339957e-01 1.020755201549860408e-01 9.803874410727365651e-01 -1.521546544460199990e-01 -5.569584517013854985e-02 8.445543417881367088e-01 -1.164676250255566731e-01 4.016989784491132864e-01 -7.561031106507529187e-02 6.988091855274696229e-01 7.750281445132849167e-02 2.754494938696877560e-01 6.890403975966432615e-01 9.863563309667255918e-01 1.965108099123314411e-01 7.135084602496819528e-01 -1.567779810778774374e-02 8.011388340493583726e-01 7.686213456574936265e-01 3.809971116705052063e-01 5.417535296796940347e-01 7.193849180301736812e-01 -9.810534001396339909e-02 9.383680273633814295e-01 8.386444814091273958e-01 4.899544402141050026e-01 -4.851277960086795155e-02 9.735788268317181471e-01 -2.891304869138469624e-02 9.709994826958100456e-01 8.902379388406467253e-01 5.418211216714653444e-01 -8.861561255816445548e-02 9.934929231009796968e-01 9.786803718011102271e-01 6.455146516426419900e-01 7.606922277374429664e-02 1.372147584675610932e-01 -1.264840592123842034e-01 3.920490496143600456e-01 -5.431292196353924157e-02 8.742900423037808233e-01 9.729893578406183519e-01 6.046613598726502392e-01 7.861365861429556734e-01 -1.361630342973693675e-01 1.041349230979456975e-01 -7.800899690029988731e-02 5.018293197488994384e-01 2.006582477573600476e-01 5.242927331529914081e-01 3.730056464399861271e-03 7.728327379482041737e-01 6.945749859309363616e-01 -3.606126686677160742e-02 2.521468887277592552e-01 8.210808642792969403e-01 6.739144972389856658e-01 9.054017516470305171e-01 4.332558615764227072e-01 9.279565055575906829e-01 8.765923274665607945e-01 4.448232500328704875e-01 4.452498584550986793e-01 2.469133295226371913e-02 1.237249249226477776e-01 8.248891595488767603e-01 7.838049079568486510e-01 4.972276985550803663e-01 9.899915288501223154e-01 9.336209084948503545e-01 8.109341781368678559e-02 9.881153804778162186e-01 5.192240503362792747e-01 2.008261456479109100e-02 2.694284116904072657e-01 -2.594453119590269669e-02 8.167765726195945764e-01 -4.807580746535543986e-02 1.672077625045827465e-01 -1.773267827656073714e-01 -2.844317286597199818e-02 9.600325814198665264e-02 2.842317144063351564e-01 1.737392617013817087e-01 9.243836301508563391e-01 3.087880551614084479e-01 8.235651275220037260e-01 2.651611990606586033e-01 3.686379433425265306e-01 3.497053216407498555e-01
-7.391760794565767345e-02 5.425271893319087990e-01 7.401031245427211469e-02 3.776311058867983794e-01 3.747427335960922812e-01 7.433455024968157465e-01 1.000000000000000000e+00 7.271246092973058239e-01 4.532869120725637191e-01 5.904284674670811084e-01 3.710899589317739888e-01 3.774134517372149666e-01 7.444633505878087698e-01 -6.279913677755800949e-02 2.698683754808128832e-01 2.502966515884279958e-02 3.912012380842554427e-01 7.935082580553547427e-01 4.150884354236856200e-01 5.519382263208268968e-01 -1.373492812373958150e-01 -9.387858680360566810e-02 2.572735053057738086e-01 6.720197819373991965e-01 5.570732153319527674e-02 5.355886211801895724e-01 7.267979062834519777e-01 7.006348108160789234e-01 1.484890707279546418e-01 4.745551159846009837e-01 2.529160511266038136e-01 7.912943496698262580e-01 2.455842130982201221e-01 3.091103707423641447e-02 1.613322627477827287e-01 -1.690177424978596063e-02 3.257318568577683982e-01 -1.043336306686801773e-01 7.702133889059967764e-01 5.396873199728090542e-01 5.796289905464427003e-03 3.329966752619298864e-01 2.991597188076954364e-02 7.042647340366710029e-01 -7.168114792303667548e-02 5.691381539398462364e-01 4.354196058563869487e-01 7.441533798843527059e-01 -7.830306699979530660e-02 1.468632581846714413e-01 7.294105016615941572e-01 -1.681980331592634603e-01 -6.924333854399947197e-02 7.217153112683760696e-01 4.978982703553992695e-02 2.523448848703514491e-01 -3.120764286265873683e-02 4.963179539713629684e-01 1.377998765700515771e-01 1.829976606295865005e-01 6.225092249371074749e-01 7.255452472444233747e-01 1.083659710937267401e-01 5.451598062869725814e-01 3.029835834701504263e-02 5.029768574072127629e-01 6.566647422010026824e-01 5.094566261542359253e-01 3.965771379828050280e-01 4.461552883885227527e-01 1.339890387385834179e-02 6.349199354212309299e-01 6.217462294258336852e-01 6.953691560501277236e-01 1.763197672767168739e-02 7.238924567941747990e-01 6.128029022638661200e-02 7.377522303607870757e-01 5.737482131201728786e-01 4.276613932851972000e-01 -1.960550364610514490e-02 7.103905306965535571e-01 7.373412880393332980e-01 4.495800427877143512e-01 9.114504713781459988e-02 1.943414789323503755e-01 -7.940454285499384812e-02 3.076272055329227206e-01 5.643284899647561803e-02 5.997096345436682130e-01 7.208022826795328353e-01 4.183709259164682948e-01 7.527279638815497220e-01 -1.483278050721486239e-02 2.237678719232985558e-01 -1.230487080263252403e-01 5.046133825965484210e-01 9.884634778490190843e-02 3.971063726563425211e-01 8.562803211540211124e-02 6.782045657961338625e-01 6.224310850730120359e-01 -1.746844675686006210e-01 3.120045848801177857e-01 6.461673864667225597e-01 4.996494162886883084e-01 7.096502595052952556e-01 4.457742459946105740e-01 7.107524226699231118e-01 5.817112044267129800e-01 3.035806790270332844e-01 2.855272045253268720e-01 5.056630883251905795e-02 -1.612195266804782312e-01 6.720852753925807832e-01 6.619429336212638848e-01 3.523267599381929571e-01 7.489885911269509311e-01 6.520316430080381753e-01 6.837587370912136253e-02 7.406487300423785225e-01 2.926814271874157991e-01 1.344683811261421780e-01 2.124141396718461361e-01 3.527187439072036051e-02 6.914300468378205000e-01 -7.604983615898142091e-02 7.846703816225478190e-02 -4.928571369035659316e-02 -6.134168330459773000e-02 2.734798515214387910e-02 3.106438735370929405e-01 2.759232148898518866e-01 6.593088169434031531e-01 2.788586810309717778e-01 6.201940043750555631e-01 1.557358969146998284e-01 1.752634081517171483e-01 5.333388019607220309e-01
-6.050359204071054098e-02 3.187074320151648821e-01 -2.444623833366024387e-02 3.275340092242645107e-01 5.612858962068032476e-01 9.807804749472989192e-01 7.271246092973058239e-01 1.000000000000000000e+00 5.622375817628955108e-01 8.089839485747983838e-01 3.145619266658662427e-01 4.674694199227807934e-01 9.573443953055533751e-01 -5.759172526097814521e-02 3.949297216455121551e-01 3.748879301191843094e-01 4.663488456157102169e-01 8.488038142513761874e-01 5.026628236195889166e-01 5.042979414750399236e-01 -1.888823605170890096e-01 -5.120709614417921773e-02 1.929834529525694398e-01 8.603950768772055113e-01 -4.775513180954489567e-02 6.674489067233918549e-01 9.738946589717130120e-01 9.753922706406218390e-01 1.899855685630035818e-01 5.565417782521963064e-01 2.379773070074329977e-01 9.539531980127764488e-01 2.078717520157580267e-01 -1.025175869353743552e-01 2.323780053057102057e-01 -1.546063925555673513e-01 1.366713109060340714e-01 -1.314795091490656154e-01 9.909934900970200911e-01 4.186961952990569946e-01 -1.309505776296334967e-01 5.666387429367666373e-01 9.069256649813931329e-03 8.737414025641173643e-01 1.575320216281851926e-01 4.129412778974687614e-01 4.898512899618904237e-01 9.748804612275898673e-01 -1.345140255646943284e-01 1.065829228847814114e-01 9.934459122651997376e-01 -1.568288446973652994e-01 -4.890262466961144833e-02 8.627344775276102329e-01 -9.735482034771877902e-02 4.330578488213355781e-01 -7.971533223127617862e-02 7.036139849460165685e-01 7.510430134761768295e-02 2.925713567271868709e-01 7.216116222687827264e-01 9.605537366923962983e-01 2.100959824490071237e-01 6.994714627492086834e-01 -2.107880569960220510e-02 8.291698536408045328e-01 8.183166825687422374e-01 4.110963934102661033e-01 5.635478794027534155e-01 7.229774877890737805e-01 -9.194903001917006935e-02 9.492520037329212901e-01 8.355079559848139770e-01 4.837869026126753735e-01 -6.106025319131602735e-02 9.935319749707867132e-01 -2.115345555264109417e-02 9.965968836751410986e-01 8.629518024067417414e-01 5.891051940068124937e-01 -9.481465070216828217e-02 9.703276454464997425e-01 9.987146996968215840e-01 5.836871252976660873e-01 1.065695558961962386e-01 1.319383261057343604e-01 -1.289087961469323473e-01 3.937236151544982188e-01 -3.085592458620259326e-02 8.160691533155862709e-01 9.972572220544180244e-01 5.865420645625437635e-01 7.555330332259142523e-01 -1.252003339809779903e-01 1.334512669753928071e-01 -6.980032865990477842e-02 4.905117110786651469e-01 2.186964265083925218e-01 5.224096281999023317e-01 -1.320023324842596645e-03 7.958772287643869348e-01 7.142690031094999226e-01 -3.374438515824865203e-02 2.206987848731025714e-01 7.719404076109886992e-01 6.798143231752798998e-01 9.367688496397962306e-01 4.409330678774761592e-01 9.484439144174388048e-01 8.292762003409366312e-01 4.347324501666529062e-01 4.648074771334425037e-01 3.478285949977986263e-02 1.215358501185613838e-01 8.120283125040851369e-01 8.013702923743609707e-01 5.058363470211085788e-01 9.910295065831610239e-01 9.027087461150863357e-01 9.299676763597822249e-02 9.955125072399152453e-01 5.255380492326270359e-01 3.241028100641159260e-02 2.611020516978440620e-01 -4.292810794649334211e-02 8.424920563538560447e-01 -5.014616737769530402e-02 1.921690871222297425e-01 -1.635624892648875062e-01 -2.830442890523963279e-02 1.100562513530604081e-01 2.391541173191207292e-01 1.808529525883407485e-01 8.653482933761214024e-01 3.049893336431231949e-01 8.579821300127443706e-01 2.810978998683800745e-01 4.092031513412759947e-01 3.086548564674371775e-01
-1.011748985740994894e-01 1.304380523239855316e-01 7.285596366780053290e-02 2.760314917272802537e-01 2.191884918868480803e-01 5.437843292927031502e-01 4.532869120725637191e-01 5.622375817628955108e-01 1.000000000000000000e+00 4.047027118636911114e-01 6.152902651455985916e-01 7.095123046789946208e-01 5.254946146648528105e-01 3.067041976531538761e-01 4.780343236487345771e-02 2.767975020167980915e-01 3.515088059618129979e-01 4.527884024085765402e-01 2.568298145791960141e-01 9.082477439919671713e-01 -1.034768006683730174e-01 1.180711884558541813e-01 1.850438899209449761e-01 6.032572444339477924e-01 3.166636644912031173e-02 4.827310040968293414e-01 5.835822004676435304e-01 5.238670564078352632e-01 3.511506153638852545e-01 4.526572458961717338e-01 2.053099683882494975e-01 5.776044951425244323e-01 3.492640787438562322e-01 2.808968216327794448e-02 1.345263695028830475e-01 1.203280999612109659e-01 1.526854216528958919e-01 -7.417301303224517472e-02 5.745674644416092214e-01 4.542663643333496037e-01 -5.366394323263210669e-02 4.854435020884883545e-01 1.271992770698512909e-01 5.009081623720266219e-01 3.285214194446345326e-02 1.800930742444460386e-01 3.433281696965723717e-01 5.787234081059599022e-01 -7.493026821283606254e-02 1.959221289536371147e-01 5.914183492368335626e-01 -1.605232048367028208e-01 1.877667217273313871e-01 5.182873702252329684e-01 -3.234974494737431761e-02 6.024677014151407217e-01 1.137591484681235998e-01 4.273245431324596000e-01 3.209253019724637168e-01 5.955038144923026078e-01 6.758801131946855500e-01 5.379988537123370218e-01 2.734126391272927448e-01 4.550297683541834060e-01 1.418581114985794089e-01 4.754851702641987865e-01 7.362171343902196297e-01 2.750931322539151291e-01 5.580103964853125875e-01 4.017355745529327393e-01 6.695691634447858758e-04 5.361929824518371079e-01 6.085176576089671441e-01 4.337179718849683563e-01 2.738388091960702320e-01 5.603400308278378983e-01 8.764682697552271529e-02 5.562894666119502229e-01 5.180407438180816282e-01 5.023683146758640694e-01 1.077147680868971724e-01 5.380382254342462867e-01 5.627685268719766487e-01 3.272696487581582270e-01 3.734091346361342878e-01 4.979469480081876176e-01 3.627588374101339136e-02 3.154134329640377321e-01 9.959335705652981596e-02 4.437999567752505814e-01 5.721258255215969646e-01 4.840048144332979030e-01 4.249634392353239254e-01 -6.573008495444540578e-02 1.031505971872453964e-01 2.303382820199689485e-01 4.597915399483930021e-01 3.246198487430037027e-01 4.734398523344053311e-01 8.399980619191460551e-02 4.978897044063667066e-01 5.713057084291173204e-01 -1.802223535034335189e-01 1.180160321229977993e-01 4.396828672774453217e-01 4.405538719203677123e-01 5.723877816079976366e-01 6.258255918687358754e-01 5.920207191082852427e-01 4.504640409404591095e-01 3.417834533922137763e-01 4.326352386543857453e-01 1.760334851121914956e-01 -4.418435468638449992e-02 4.805223157842863912e-01 5.331537448977131666e-01 3.816436422972445119e-01 5.652881310072431775e-01 4.901223855047211475e-01 5.121774740998631392e-01 5.634709108348961992e-01 2.194243293287225782e-01 1.240679914444806353e-01 1.997095924088867491e-01 3.391937538891755255e-02 5.981642448296831116e-01 1.695290656554052366e-01 5.268522809646812854e-01 1.634556695374072000e-01 -2.579799971359251695e-02 1.720670844685204259e-01 1.427373975932859362e-01 1.748131449709189877e-01 4.700512555758576960e-01 2.064692695817149648e-01 5.790671563949807421e-01 3.941520148768793419e-01 5.904117871251982619e-01 1.804137939041611238e-01
2.555550188566239195e-02 2.299534209457515799e-01 -5.849751881969343301e-03 2.218411822409454837e-01 6.231723285472765550e-01 7.925951114620892746e-01 5.904284674670811084e-01 8.089839485747983838e-01 4.047027118636911114e-01 1.000000000000000000e+00 2.311610553581765759e-01 3.657113798501995250e-01 7.840328348267251446e-01 -4.974550541126644687e-02 5.068508979822912153e-01 4.018507252014676401e-01 4.536554824360683469e-01 6.695218600791977837e-01 3.573710046135264995e-01 3.524646311412716893e-01 -2.351683281159657191e-01 -2.214261322166540535e-01 2.211567835929926229e-01 7.931773607867393938e-01 -8.391042327683737381e-03 5.841837050141203136e-01 8.195006409069547360e-01 9.010580231148773711e-01 2.048066090824571805e-01 4.813658681141831375e-01 1.656841184996535599e-01 7.665475057460671149e-01 2.297802403176215369e-01 2.284052705901203767e-02 2.015755754297832714e-01 -8.469897909102970524e-02 -5.790365261795078246e-03 -2.321352936468244754e-01 8.073076234356492131e-01 2.820841058815292679e-01 -1.872912984767904632e-01 4.116672493211543937e-01 2.319441718584989466e-03 8.283865192598213190e-01 2.097548037119955355e-01 5.404082465463471152e-01 4.341102769979389153e-01 8.017738938957487127e-01 -4.698376732561578700e-02 9.541192034540433436e-03 7.810479146340539858e-01 -1.637762611463439988e-01 -1.971883372037484469e-02 5.759339317705098882e-01 -4.154020987689408667e-02 3.391363191216619777e-01 -1.387492869508757387e-01 6.267449847152584130e-01 5.464774869587145367e-02 2.363783230286588266e-01 6.260395900958334314e-01 7.483958390785361292e-01 1.171221018563184113e-01 5.666145328819537363e-01 5.891844539841459977e-02 7.808864947246971777e-01 6.873961691386201167e-01 4.073680484491261633e-01 4.445734040212085958e-01 9.270060353758408089e-01 -3.471553671773572325e-02 8.412370168255491887e-01 6.280653082616372007e-01 4.081161052899354158e-01 -5.310264596753731803e-02 8.504124526751664082e-01 1.827065458812904622e-02 8.245907395353624381e-01 7.144169426780589971e-01 4.928774191873005472e-01 1.208155305846142502e-02 7.705850849994138052e-01 8.104236184155674261e-01 3.416747753696428580e-01 4.104575714938484346e-03 9.834453427034739459e-02 -1.001951006684944842e-02 3.532652990799682868e-01 7.477791927316389600e-03 6.611536821749536275e-01 8.186108828699115714e-01 4.921240572651353062e-01 5.742316127506501555e-01 -2.508817771206515168e-01 1.433996296313324037e-01 -8.178158371051505449e-02 5.331841149879903430e-01 1.679158070609604869e-01 4.993688981232867752e-01 3.833645167572816148e-02 7.157911301874908538e-01 6.562005976009375185e-01 1.143242183077888691e-01 1.312108514683849037e-01 5.826545430672577242e-01 6.479923284007977902e-01 6.477567642522532587e-01 3.825599764525043911e-01 8.580903728734255997e-01 6.511787487763718296e-01 3.512509336969706353e-01 4.005144359694249312e-01 -2.330362937156891037e-02 1.484254674557940468e-01 8.793488227769585830e-01 6.485822782195063141e-01 4.106634046917365666e-01 8.071709976836993761e-01 7.449944276939450827e-01 4.898057617258746999e-02 8.029041904227891546e-01 6.673782680370605735e-01 3.900779918234046489e-02 2.089816703864705583e-01 -6.204705882352479218e-02 7.508053999480648333e-01 -7.286402244076690959e-02 1.081988660664665591e-01 -2.483312602064387531e-01 -5.093747137037991923e-02 7.577408788452981436e-02 1.350170791803919079e-01 1.695246797396665617e-01 6.351314697664369735e-01 2.752253135870775802e-01 7.311152976014021476e-01 1.433919656850242974e-01 2.475408407199303495e-01 1.593532853962452422e-01
-5.855468784145691913e-02 1.727595264369519434e-01 -3.111068609230937046e-02 3.972232601499820492e-01 6.965417584689503894e-02 3.156420247428626258e-01 3.710899589317739888e-01 3.145619266658662427e-01 6.152902651455985916e-01 2.311610553581765759e-01 1.000000000000000000e+00 7.499259405988838445e-01 2.816693991185732493e-01 6.101371269586448598e-01 -9.462796834406685120e-02 2.739996417032511955e-01 4.198102710546370853e-01 2.930359046094282438e-01 1.242778794613000476e-01 6.972382356365004474e-01 5.528134232082989458e-02 3.417517419188974281e-02 4.447821290496854485e-01 4.763533306419531210e-01 -3.259839595209250429e-02 1.452516780611834979e-01 3.577185700891232778e-01 2.825041793708800153e-01 5.819450439483360160e-01 5.404230508900578211e-01 3.705400682285511782e-01 3.344227218379193234e-01 6.786401792026346413e-01 5.805737001594406255e-02 -4.618996067376794634e-02 -9.680395935253383261e-04 1.681995334116951624e-01 -4.232177669378624218e-02 3.346744326137732761e-01 1.034930460969358534e-01 1.318049534063849282e-01 3.995610974956344541e-01 -3.405252593381759979e-02 3.992313441880578906e-01 7.655783887379396732e-03 1.388812642036919842e-01 2.768173157468264978e-01 3.502350951189066031e-01 2.850128203382473746e-02 3.938421414891420946e-01 3.435138073355693544e-01 -6.969486174666725264e-02 3.924350526752800605e-01 2.592397958424367266e-01 -4.639842279925208285e-02 6.744967418072694842e-01 1.602409312026095711e-01 2.971858894541134499e-01 4.627898870698476941e-01 7.708015210026714081e-01 6.171975837198323545e-01 2.716610606693765084e-01 -6.536702307833688885e-02 1.626205138613721624e-01 3.566050070559184659e-01 2.889468760907717426e-01 4.662576108874956771e-01 4.013734080767180634e-01 5.401427254547088719e-01 1.024341370334521939e-01 -4.795110470896477711e-02 3.081374213113486360e-01 4.402310011071219331e-01 2.481093643075972521e-01 5.270035409585224206e-01 3.156324065608925311e-01 1.331665715186123276e-02 3.207331702394401463e-01 1.815339126655795554e-01 2.587811467719020597e-01 2.136346513037727102e-01 2.750856855053337990e-01 3.289948159044332465e-01 2.031275272489140860e-01 3.513904896518967869e-01 9.178289465084190635e-01 1.658116088113767705e-01 -5.262680637315320098e-02 7.052790724535855371e-02 1.814584740930078322e-01 3.176527582557126528e-01 1.368195139008910877e-01 2.703020542120371794e-01 -1.028929997345559705e-01 3.049064672405585319e-01 5.291273975859145384e-01 4.919713853733509445e-01 3.501817103912804319e-01 4.400904706723340887e-01 3.017355406315048311e-02 2.975494121596512498e-01 5.718052404056451765e-01 -6.999033886001135296e-02 1.797040050856251181e-01 2.992244222960108724e-01 3.375267916044059069e-01 2.894114408216893475e-01 8.582554220776208442e-01 3.589340204253883004e-01 2.413284129309701265e-01 1.051273875722045642e-01 3.869481868539426661e-01 1.574769224852679006e-01 -8.272114159006284384e-02 1.944540834449494382e-01 3.321138762619461615e-01 2.669072709814029332e-01 3.260178585873126367e-01 2.549950343097897587e-01 7.412016301701298548e-01 3.230794456729983999e-01 8.103362752478363018e-02 7.365503468940245990e-02 3.008331788725661649e-01 -2.416553786359278838e-02 3.560154575045155201e-01 5.363458457203991170e-01 6.922732258613824019e-01 8.133697952636365081e-02 -1.759834029476761985e-01 3.946267382599000784e-01 4.156320032182600141e-03 3.026160917558070040e-01 2.448557874507792109e-01 4.087374994508053416e-01 3.459526612962723902e-01 3.527992665364133584e-01 2.788206830500339906e-01 1.969056198193078477e-01
