1.000000000000000000e+00 2.820342042609251254e-01 -1.635848151680243112e-01 3.989116270660562208e-02 -1.941004838245406483e-01 -1.987850791117651839e-01 -8.550580054442255551e-02 -2.224253790397669184e-01 -2.135784009087871860e-01 -1.701604936562141623e-01 -1.058729188916894826e-01 -1.465777867427269787e-01 -1.877288336634805044e-01 -5.338949312560582749e-02 8.026675962110232238e-03 8.131490651506487755e-01 1.195932417518008190e-01 -1.810528372286754895e-01 8.357042327651573732e-01 -2.201561530064986838e-01 2.143919402848791511e-01 1.969186398524927495e-01 -2.434112233340264275e-01 -1.513779877897728221e-01 -1.722464147063464956e-01 7.815026112850296247e-01 -2.050841523702221225e-01 -2.207538955246626244e-01 -1.088129349879932428e-01 -2.668322670121116014e-01 -3.704441173652855968e-02 -1.880707182986289250e-01 -1.173805013695109201e-01 -1.162167633897474711e-01 3.959035180378856489e-01 2.719690212177350297e-02 1.683155428268937326e-01 6.454616981003238885e-02 -2.242275791050003519e-01 1.910078916864096921e-02 2.346495761422414117e-01 -3.056317209888644859e-01 -2.059793202108971821e-01 -1.910168374384044188e-01 9.489490068110099097e-01 1.316866030950417932e-01 -2.995688867404393552e-01 -2.250733411890060987e-01 4.243135492171517531e-01 9.509251875891086558e-02 -2.362317042675461387e-01 1.495518804684037306e-02 -1.880786045912141713e-01 -2.504592813519874728e-01 2.014738362522330850e-01 -1.650433552097745893e-01 1.273004863808288242e-02 2.260145983195030808e-02 -1.674061794857604757e-01 -1.120431835652659081e-01 5.660150395308691934e-02 -2.003273686998506276e-01 -2.688406652056711879e-02 5.178217860902363245e-01 -1.867233548653426944e-01 -9.453052906988461401e-02 -1.585002636100355522e-01 -1.208523349394314550e-01 -2.493998894265311850e-01 3.581499569147517797e-02 -1.706315452300275759e-01 -2.017607659671192266e-01 -3.586164949830789594e-01 3.369422100509661955e-01 -1.933118535543369709e-01 -2.197992149194302469e-01 -1.582369614988063389e-01 -2.179784133773017274e-01 -1.778544079366921327e-01 -6.601133133598936775e-02 -1.118282602780062279e-01 -2.058799415678935762e-01 -2.246462478865709489e-01 -2.242853616420226737e-01 1.935095847810295033e-01 -1.122657268463057301e-01 -2.094341208092688478e-01 -3.893579215020238904e-02 -1.661129528746895234e-01 -1.543708030075221227e-01 -2.267648108378345628e-01 3.401450017142254589e-01 -1.779489655899425034e-03 1.091203312357717781e-01 -1.521470778130241119e-01 -1.707866604072002248e-01 -2.382750587737925696e-01 -2.257153215516022604e-01 -3.421460432991433320e-01 -2.363810074937865990e-01 -2.814337331898270622e-01 -1.944820725448373755e-01 9.413108930319704637e-01 5.751100225584655501e-01 -1.416467966616403173e-01 -2.941263969600004247e-01 -2.444882752107167545e-01 -5.564367999453910876e-03 -2.150725833543645771e-01 9.201111762805522232e-02 -3.467026511540426958e-01 -2.760265262325556357e-01 -1.226498494133998196e-01 9.333561860120628273e-01 -3.403029652124340415e-02 -3.201461052072317459e-01 -3.300095409030213145e-01 -1.840303430054093525e-01 3.017448599620668401e-02 -1.574573453021363978e-01 -2.023780923057683645e-01 -2.960697076604573152e-01 -1.777779940453704521e-01 -3.027367473739125403e-01 2.356737115317852072e-01 -2.042563713706820328e-01 -1.279663750062784433e-01 -1.405548181419616349e-01 2.090101586847609438e-01 6.896113590837855967e-02 -1.347799701567414452e-02 1.185830339946426504e-01 -2.139313069693086766e-01 -1.983501339074383030e-01 7.332675107136088499e-02 -1.835430166845158362e-01 -2.716773352579266998e-01 2.160439066358956217e-01 1.602104409511311833e-01
2.820342042609251254e-01 1.000000000000000000e+00 -1.720592095787785714e-01 -1.826375831693112795e-01 -1.378249509675857354e-01 1.032781601298994739e-01 6.254309698126139239e-01 5.097425248770594275e-02 -2.799873633524553318e-01 7.412466271571720167e-02 -1.918135597050388830e-01 -2.291269900451793906e-01 1.795251924162844237e-01 -2.491960269015023322e-01 8.401786963417526843e-01 -1.095417556223342165e-01 9.157334447810530631e-02 3.440514467500540574e-01 7.530746196368624801e-02 -2.215740861356819413e-01 9.261210074552439497e-01 6.789107118375079519e-01 -1.586688633061534848e-01 4.548874168232248938e-02 -1.793394066206382698e-01 3.958878346783881175e-01 2.460398997412591247e-03 5.363552044516330802e-02 -1.159020815216571937e-01 -2.127879884708544223e-01 -2.515482216278005501e-01 4.419208840550598733e-02 -1.714274175030283121e-01 -2.235640467302445755e-01 9.851194508738011502e-01 -2.401631849909750538e-01 9.291804493226463180e-01 -1.735828601216866662e-01 4.787911565846508094e-02 6.824555201308079022e-01 9.187914728417517773e-01 -2.331379920704303998e-01 -2.664631229273926039e-01 2.781740310751253456e-02 9.212822187666816487e-02 9.713982335115309841e-01 -2.752269919301775225e-02 4.415017554904367147e-02 9.426339308433642206e-01 -2.103619552018535788e-01 4.907503378217946410e-02 -1.803646325375810322e-01 -1.486292919073288199e-01 6.373552543501623258e-02 3.002284388789004319e-02 -1.843280726854640839e-01 -2.691858237615974425e-01 -1.516604181594475784e-02 -1.214647609948585685e-02 -1.885675340299022007e-01 -1.551961442449222295e-01 1.400476720437245914e-01 2.371178496507999056e-01 4.553674812619588619e-01 -1.257324085480202025e-01 -3.369511572838666813e-02 -1.006166096635027485e-01 3.511967574235111966e-01 -1.281473247616497502e-01 9.507301084644374789e-02 -1.974919473800067216e-01 5.380106508507885577e-02 -3.375741335296916779e-02 9.791935907217895751e-01 -1.627286289823666743e-01 5.588686678077616626e-02 -1.631005153207163993e-01 5.291483569833016487e-02 3.416321866650107175e-01 -1.041541225743081445e-01 -3.173284114834604153e-01 1.193239050838427878e-01 5.063250501892020694e-02 1.239056311467131993e-01 -3.032693057203640907e-01 -2.006478353453686192e-01 -2.090066236444853565e-01 2.725509377888436502e-01 -1.518800779829635184e-01 3.516086747880327046e-01 4.489962421908105794e-02 7.390726128089373237e-01 2.230324446135218963e-01 -1.376183415894743078e-01 -1.480580970759337867e-01 -1.443760213067737941e-01 -1.900867561089276125e-01 -1.393048773788942429e-01 -2.306444779571502346e-01 -2.477586360759453099e-01 -2.500332717930026094e-02 -9.215983239683042672e-02 3.307572615877835132e-02 9.241197964027078049e-01 4.314156810756995530e-01 -4.228691754979304468e-03 3.716779169864944249e-02 -9.527193809037338978e-02 5.094427661936355711e-02 2.198988679062482132e-01 -8.034407357276739103e-02 -1.324342749657340945e-01 -1.061052657555090067e-01 8.793381679063795933e-03 4.752539057304804304e-01 -3.288156863207258862e-02 -5.049285539909478121e-02 8.802618913738714801e-02 1.144151734760817662e-01 -1.528208157963686920e-01 7.095852452833958934e-02 -4.109971698321500388e-02 -1.706082496355258438e-01 -7.191820385636345236e-02 2.591392625917763315e-01 -1.311383432747255037e-02 -2.535088673233923395e-01 -1.482813878589641921e-01 4.000278195581856155e-01 -1.955370790757700594e-01 -2.771832120868938931e-01 8.131124058391803189e-01 -1.709501525808132805e-01 1.907690301136073241e-01 -1.048158119458163506e-01 -3.494191126437791450e-02 -2.401814549012707689e-01 -3.243561138865313498e-01 9.696289919755842757e-01
-1.635848151680243112e-01 -1.720592095787785714e-01 1.000000000000000000e+00 4.612923553383143083e-01 -6.710388960731150654e-02 -1.529227205417384439e-01 -2.528526026425711448e-01 -1.746096360971230166e-01 -2.158024878770741228e-01 -2.321701132028721193e-01 -1.616531793667261852e-01 -1.876257146861824709e-01 -1.592245829742437724e-01 -5.861964772835523765e-03 -2.221741404189561953e-01 -6.924994838329474878e-02 3.070815152599919995e-01 -1.876426679198705816e-01 -9.351753053642167246e-02 -2.320083550471928047e-01 -1.160267884097025554e-01 -1.491270051609828728e-01 -1.432427540242826036e-01 -2.074417927571128861e-01 9.982517012070543094e-01 -3.251246069397668026e-01 -1.776818404062729118e-01 -1.937550332167035372e-01 -1.202828092746736494e-01 5.314461649389830011e-01 8.188418174069423960e-01 -2.139218549611068831e-01 -1.451628225181968712e-01 -1.127807597847518412e-01 -2.005708261631139744e-01 5.563182927418375279e-02 -1.463782587169443761e-01 3.166774796943716552e-03 -1.780755674226809637e-01 -1.910694831850010544e-01 -1.235261365358029800e-01 2.965059526456225170e-01 5.740484299863688467e-01 -1.876912815938653889e-01 -1.169715266991320640e-01 -1.336297892084514216e-01 6.135960937175068963e-01 -1.222928434517054769e-01 -1.241388756009709909e-01 4.119804017847054634e-01 -1.750710921126055752e-01 4.404252777076719111e-02 -2.395659444086320825e-02 -1.826866426094935769e-01 9.658277733921732250e-03 -1.517569561677731271e-01 9.935804166712514096e-02 6.282043103466547485e-02 -1.118785086800488521e-01 -1.436864989149867766e-01 -2.609171338484395086e-01 -1.619172838900604094e-01 -1.433385569142557880e-01 -3.698118893125158513e-01 -6.852880912505251998e-02 -1.456954428320947070e-01 -2.342907532862254227e-01 6.424439001186325049e-01 -1.644768633537932456e-01 -2.573852869457957659e-01 9.964735321700534110e-01 -1.902769531776628553e-01 -2.430522751602151865e-01 -9.855334350180254555e-02 -1.076179447882472245e-01 -1.907859333321757500e-01 9.996144127583053152e-01 -1.684474123613010077e-01 -2.065631605496100198e-01 -1.255368878440329440e-02 -4.564127337416989949e-02 -1.584903454328602801e-01 -1.824933268191160640e-01 -2.673084225749671194e-01 5.687770241086321787e-01 -1.367073070615887898e-01 -3.600326956846581355e-02 -1.659239567169172036e-01 9.982775993992083485e-01 -1.954627106894341604e-01 -1.788393080214588926e-01 -2.855258113104032214e-01 -1.958921182886356471e-01 8.495856700102047063e-03 9.594134331364136958e-01 -4.880000529136064441e-02 -1.874705669767905147e-01 -1.313843849838731148e-01 -2.016470174347417266e-01 8.166112902428366294e-01 1.343460219231941422e-01 -2.423541393567721636e-01 -9.546429789427174351e-02 -1.871523136386660513e-01 -1.941108879738095150e-01 4.156460897235079166e-01 -1.637917157852935013e-01 -1.910713159810347173e-01 -1.929512900269652609e-01 -1.828678311439654314e-01 5.417512961599415533e-01 -1.614767057079287416e-01 7.927451714225843826e-01 -1.149920611294392020e-01 -1.550816818175250744e-01 1.960691880846885671e-01 5.243376844022402672e-01 -1.711030869876086213e-01 -1.423535176547466030e-01 -1.154586712711454799e-01 -1.697761078134071289e-01 3.209100232754326099e-01 9.970700735010981086e-01 7.195105109066702864e-01 -8.823843580438052447e-02 -6.662307583986763759e-02 1.019540352159820085e-01 -1.233625072652974886e-01 -1.428316253288957616e-01 -4.147067961016258700e-03 8.794856099657184789e-02 -2.273698473512276996e-01 9.371471512608628984e-01 -1.696294725461338637e-01 3.293992399727480036e-01 -4.520744410155079496e-02 6.921062518994218760e-01 1.693576337142951860e-01 -1.460155170200579666e-01
3.989116270660562208e-02 -1.826375831693112795e-01 4.612923553383143083e-01 1.000000000000000000e+00 -2.234510347393786345e-01 -5.614023445790520400e-02 -8.683771399686109060e-02 5.770781114101811334e-03 3.155613825180405563e-01 4.343270811521560137e-02 4.313887916038879888e-01 4.898883579341951067e-01 -1.070964659796308227e-01 -2.597011401099089678e-01 -2.964855896316579975e-01 1.729542074757159931e-01 9.453523320624702686e-01 -1.679646983658069082e-01 -5.790873575184355554e-02 2.023764527244188149e-01 -1.599838553377848915e-01 -2.409132131352689776e-01 -1.890348037946295578e-01 3.292290278229951239e-01 4.423901177332710821e-01 -6.116533037054654176e-02 1.597251599118466869e-01 1.019295354106249281e-02 -1.047605844527731145e-01 7.006752379812415388e-01 8.203104516224911658e-01 4.831369464192022262e-02 -7.256518564393290779e-03 -4.809567214384307121e-01 -2.144078673457414097e-01 -2.576735113766443486e-01 -1.725362392864066285e-01 -2.740161880639088721e-01 2.443984526923004275e-02 -2.144382961099423335e-01 -1.873144461362767355e-01 6.616307679542396958e-01 -8.484238570058447171e-02 2.112474874941799308e-01 -8.326607150502585153e-02 -1.682551207176896102e-01 6.194484837080362905e-01 1.087602665656047379e-01 -1.213605014016095607e-01 9.915681096570146957e-01 -4.848481007166094078e-03 -3.256393100846765032e-01 -7.467726797163860841e-02 -7.051405847340189159e-02 -2.365714538024465130e-01 1.222540277966934347e-01 -2.371060718573620441e-01 6.525347541780750493e-01 -1.197223882800037276e-01 2.333872561716115457e-01 6.021793605518748205e-01 -9.869658266156250415e-02 -2.203958663282608033e-01 -1.584715078839404878e-01 -9.194660914071117741e-02 4.041178477851426476e-01 5.236520437554340601e-01 5.906796063902218785e-01 -3.280057470578286258e-03 -1.577737472843987465e-01 4.376212724330852955e-01 8.707356731981685805e-02 -1.810718688005270305e-01 -3.119674621758524238e-02 -9.183048099984200685e-02 5.696578731095990923e-03 4.568376522432738840e-01 2.499343004153888742e-02 -1.816671326950908549e-01 7.263101035799539584e-01 -3.175038278233287548e-01 -9.132060660047183753e-02 8.498255474356437508e-03 -6.829040553262306634e-01 9.080935227941008270e-01 2.975086075072859160e-01 -2.129549755499215435e-01 -2.460340257767888728e-01 4.583879221472730303e-01 -1.780549950712229657e-01 2.963375987634589426e-02 -3.142971328272465836e-01 -1.526151806091935459e-01 -2.833679304623337725e-01 5.632561167241865174e-01 -6.524935680854121456e-02 -1.739206841473802390e-01 -1.613929627737558103e-01 -2.956573109193080806e-01 1.479769573538933514e-01 2.039874229659778548e-01 4.782626084323368110e-01 -6.787027622344631028e-02 -1.746656351932163731e-01 -1.753445727002004850e-01 2.672380966038178096e-01 1.405310755173955206e-02 6.906004567749456091e-02 1.240687153846880275e-01 -1.337097112465584492e-01 1.697183702407258354e-01 -1.881510812493654983e-01 1.327858423824392342e-01 -5.313332660178377020e-02 -1.509297166057049222e-01 1.607178936337449460e-01 2.778726539560994468e-01 -4.836258934942551727e-03 -9.126290768378844676e-02 -2.666679140227508002e-02 -7.898150982391350175e-03 2.240388701494385182e-01 4.601583915749457576e-01 2.355586331689182855e-01 -3.805039923717565831e-01 3.224936860068706168e-01 -4.201772826767664892e-02 1.718059986360777336e-01 -2.995369738766291978e-01 -3.108375491984630701e-01 -2.983879403280268461e-01 -3.646912620838770880e-01 4.800927098660912051e-01 -1.469247697592856172e-01 9.852527892516244057e-01 4.150824789108822910e-01 5.965139122799477667e-01 7.590311077104939796e-01 -1.662675588726119646e-01
-1.941004838245406483e-01 -1.378249509675857354e-01 -6.710388960731150654e-02 -2.234510347393786345e-01 1.000000000000000000e+00 1.040014199824234285e-02 -1.038318614376874116e-01 -2.328307889715716672e-02 -1.518334964352038574e-01 3.045326940144322814e-01 -1.895715891528617358e-01 -2.073400439887465030e-01 3.284379119362951238e-02 8.484227066886901314e-02 2.196815545909742706e-01 -2.243763424445953114e-01 -2.523304382805235946e-01 5.509063249886451616e-03 -1.558747381130261012e-01 -1.819829782224184622e-01 -8.845508114835423652e-02 -8.872797441469007507e-02 -1.307761991520539069e-01 -1.478023235775563493e-01 -6.733051282451228692e-02 -1.687356567097328675e-01 -8.046683154816043626e-02 1.302939242073757921e-02 -1.439092628562762266e-01 -2.235027750280571546e-01 -2.034601083844525538e-01 -6.863228207866201025e-02 -1.645079403362210146e-01 3.487599653263244170e-01 -1.244503050439288855e-01 2.511272378017500029e-01 -1.042229553009592219e-01 2.692306601844753344e-01 -3.321860219347029519e-02 -1.763680546256993775e-01 -7.217775050807194448e-02 -2.621650444396793622e-01 9.864168786274599143e-02 -5.045335674358621819e-02 -1.433364976353859177e-01 -5.893896829118167036e-02 -2.751737060590267459e-01 -3.738155034527720216e-02 -1.378651809400760486e-01 -2.147453341583741848e-01 -2.875809232358720463e-02 2.688999328384905074e-01 -8.536788728826011363e-02 -3.954355515937411220e-02 9.048776060613923644e-02 -1.833163900534677260e-01 1.857306932052255610e-01 -1.651057751529669826e-01 -1.362397247364009745e-01 -1.791290397252104094e-01 -2.480023938769480851e-01 1.596231476023093898e-02 2.484900806342870555e-02 -5.958272028552752397e-02 -1.178609537051714951e-01 -1.211821323345625701e-01 -1.648259165924625402e-01 -1.959006946361471491e-01 -2.128534528157938477e-01 2.484811611189495228e-01 -5.485574940750027884e-02 -2.660352948227009962e-02 -9.533874287306801087e-02 -1.870003041966319390e-01 -1.124365830950685430e-01 -9.880367804544796378e-03 -7.277220638464469704e-02 -3.200623096454147110e-02 3.040679427837060869e-02 -2.150849130368271411e-01 2.484986845514171316e-01 1.897773573715792056e-02 -2.987308037788670781e-02 1.287082784495033327e-01 -2.574528375882295661e-01 -1.786496463509870403e-01 5.895526270400724966e-02 7.004629409672477602e-02 -8.313774586039354708e-02 3.709133479439870318e-02 -2.975241704727750111e-02 -1.370236969694245133e-01 -1.946226696540565015e-02 1.361791375093628076e-01 -1.391527942991714617e-01 -1.030408335611482096e-01 -5.903377776925931159e-02 -1.602510904950298631e-01 -1.621059401903849340e-01 5.648124432066814471e-02 -9.235341663845100801e-02 -1.606583305123460703e-01 -1.055660111916392196e-01 -1.619064846257828871e-01 2.466845243083844348e-03 -7.919976053357900836e-02 -5.004764233139722546e-02 -1.931299864795258669e-01 -4.114551920735831647e-02 -3.784593150645230303e-02 -1.139657063444731999e-01 -1.667264956114896390e-01 2.840203970067734993e-02 -1.419565258755441373e-01 -3.285955468043456895e-02 -6.584244350126493284e-02 -7.833264344762290443e-02 -1.617741108448898443e-02 -1.926896213058143514e-02 -1.309273757708008801e-01 -2.278883525883478728e-02 1.436936855388886922e-02 -8.163965599240323445e-02 -1.689350839320075681e-01 1.102247926424912705e-01 -9.904680062161710929e-02 4.638911645843017857e-03 -1.724062186694901855e-01 -5.916674044644687491e-03 2.247025050735835805e-01 1.467856314126313455e-01 6.144923408508782409e-02 -1.203666839322206084e-01 4.877371566105762057e-02 -2.287798188792752596e-01 -1.173038473543699112e-01 -2.250133037415643911e-01 -3.210738222844954359e-01 -9.181465057125091922e-02
-1.987850791117651839e-01 1.032781601298994739e-01 -1.529227205417384439e-01 -5.614023445790520400e-02 1.040014199824234285e-02 1.000000000000000000e+00 8.033060133358874699e-01 9.777785598630488462e-01 -1.451859449324530670e-02 8.763554766381089767e-01 -1.707670081485522240e-01 -2.101737566456321829e-02 9.934383963761854730e-01 -7.548723373440580087e-01 2.903089608468901739e-01 -5.734887264431548504e-02 7.995620147289853041e-02 9.540749132506993746e-01 2.459713715058087780e-01 -2.593947787280511535e-02 -2.059551943003742058e-01 -3.432065217246605959e-01 -1.393027212223549027e-01 8.297711072277051958e-01 -1.770752761401971354e-01 2.874149311676381657e-01 9.305431305325670976e-01 9.724129498160636320e-01 -1.610269966159445509e-01 2.407676529177234515e-01 -1.838398188761070640e-01 9.461309890566121927e-01 -1.943089929168971275e-01 -5.865152910239912476e-01 2.741179576766049689e-02 -7.029690756881621372e-01 -1.463067735479967046e-01 -7.744261221132627826e-01 9.725050193068367488e-01 1.285383229280347706e-01 -2.301015078477461062e-01 3.958627948552677633e-01 -5.583717998680449712e-01 9.364810313625980820e-01 -1.276869938465168830e-01 1.744812749596435508e-01 4.043121554877983082e-01 9.774637510871698742e-01 -1.801833618602217690e-01 -1.136308720713497811e-01 9.837840135261780583e-01 -6.827913757019957730e-01 -2.662265461155241542e-01 9.634260587353766780e-01 -7.831780190071002679e-01 -1.005293926902007390e-01 -7.149775439670988941e-01 6.811909853957601735e-01 -1.636319780352239739e-01 -1.633462027899467706e-01 3.620178258960726758e-01 9.965621227319303443e-01 -1.691579489054963192e-01 6.464715536853188338e-01 -1.687366652270019252e-01 8.354313874074905666e-01 6.417500937214368761e-01 3.579301493166395232e-01 1.074229421885885272e-01 8.764317396767692392e-01 -1.966777885419631056e-01 9.764895157801886105e-01 8.271109435544661270e-01 6.514197845235439321e-02 -2.042443530374748184e-01 9.739285524728010790e-01 -1.465746562275870302e-01 9.759377116463884283e-01 9.473822979364594499e-01 4.702330017947591867e-01 -7.072006981532696912e-01 9.982484826781549136e-01 9.761919477321672201e-01 -2.370141324630902768e-01 -1.814733123403181880e-01 -1.842029011613997014e-01 -4.044448671693644526e-01 -1.321340503924571252e-01 -1.427812686584652435e-01 9.509644559132025554e-01 9.731511371121003284e-01 3.437111878104151530e-01 9.641130521061065384e-01 -6.998771878020701998e-01 -1.949193573844748284e-01 -2.165576587973345735e-01 4.328453396459491787e-02 -1.395528238652700426e-01 -2.586664754536468006e-02 -4.831267287130074917e-01 9.208569667502197742e-01 6.631613643097302724e-01 -1.783980349100980356e-01 -1.046413112345814939e-01 9.217731808083238221e-01 8.145501098951928309e-01 9.661029225990299674e-01 -1.625566711746292692e-01 9.647506033437037720e-01 9.419989177223454524e-01 5.953254384525115128e-01 8.670250919732135075e-02 -5.333447940539109977e-01 -1.205253916241429690e-01 8.695707737632428769e-01 9.052901784038883681e-01 7.183600850315072783e-01 9.950113723182427705e-01 9.643256041470410489e-01 -1.896772051952514970e-01 9.860870479660561738e-01 8.684579339663704989e-01 -1.408376532072295462e-01 -8.178768282745284279e-02 -6.783479050813624456e-01 9.027268281839703201e-01 -5.119502641861579662e-01 -1.625541313734679416e-01 -7.022214469773048195e-01 -7.636098046614874235e-01 -7.131145306646710091e-01 -2.574169133614597760e-01 -1.755240602885262957e-01 9.858487249805426567e-01 -3.576254285769663033e-02 8.580965096872862352e-01 6.684863074925358195e-02 2.041777944985383869e-02 1.374367891089134895e-02
-8.550580054442255551e-02 6.254309698126139239e-01 -2.528526026425711448e-01 -8.683771399686109060e-02 -1.038318614376874116e-01 8.033060133358874699e-01 1.000000000000000000e+00 7.789781893229206222e-01 -1.027267298886326702e-01 7.192707410182903605e-01 -1.795582553435505768e-01 -8.003233432822590143e-02 8.343564045754019443e-01 -7.219799366862581502e-01 6.885947363969530111e-01 -2.098507877746950412e-01 1.761580528087048347e-01 8.958193048978074779e-01 9.944954687447743469e-02 -9.100262581560181196e-02 3.713590705745437592e-01 1.294335802610969421e-01 -2.166588378804920334e-01 6.858905268109810605e-01 -2.735005238066822164e-01 3.868890908228807546e-01 7.369431213848146589e-01 7.782776097969656970e-01 -2.114270393564184336e-01 7.143450654152054546e-02 -2.855354144792441873e-01 7.752409231928918398e-01 -2.492379228664279578e-01 -5.547805550852549228e-01 5.484436091229991650e-01 -6.720252483877626748e-01 4.269845373187081128e-01 -6.848404474250534557e-01 7.796223771922013990e-01 5.589662253730319774e-01 3.465703206707385076e-01 1.971796057818933634e-01 -5.946693640386782054e-01 7.546637808086132937e-01 -1.703972610195747528e-01 6.799141305607923069e-01 3.059884437009767200e-01 7.791655675416739868e-01 3.774071150804521046e-01 -1.480240287954007194e-01 7.787303162133165646e-01 -6.219034727626807646e-01 -2.977081585867475955e-01 7.989445086406006258e-01 -5.831889873577371652e-01 -1.707044561092957990e-01 -6.820476753726423258e-01 5.437159839735027367e-01 -1.440267294354689587e-01 -2.062608923740236189e-01 2.535339204598821561e-01 8.167883576950062396e-01 1.937423479865990270e-02 6.904815924880346456e-01 -2.143241307306988364e-01 6.586752310987392667e-01 5.084213467059183200e-01 4.727373245984430872e-01 6.076292930300506833e-04 6.720534248798663013e-01 -3.008118687094180066e-01 7.853124222936462839e-01 5.863036168171624762e-01 5.963047645009018627e-01 -2.534973693196850286e-01 7.800144175451613204e-01 -2.445446259170628855e-01 7.796176779699772741e-01 8.922783356696550872e-01 3.851571514077957725e-01 -6.910004043818089858e-01 8.067603369578358885e-01 7.788536835490934562e-01 -1.231237652837187946e-01 -2.992622455605790099e-01 -2.163167812948215973e-01 -4.373091460256283147e-01 6.773745410480339069e-02 -2.356697995535212142e-01 8.963752452023043826e-01 7.750888800318929128e-01 6.302586849598149632e-01 8.090185470342671215e-01 -6.154558497783624293e-01 -2.613477865388676991e-01 -2.615813937689465130e-01 -8.241158391918208814e-02 -2.065197165649530486e-01 -1.693645480697664185e-01 -5.334012060077905071e-01 6.838183847530510118e-01 5.151492549809224553e-01 -2.384809693154762988e-01 3.959909759036782662e-01 9.228119123922253753e-01 5.839149466350109785e-01 7.873785105601408540e-01 -1.814444146963435922e-01 7.812028983708835250e-01 7.756250205698634881e-01 3.461664117981534394e-01 -3.531073854097936671e-02 -4.908173576236232738e-01 -2.076547121373936433e-01 9.044906334580595786e-01 6.576028339872255213e-01 4.761823723245703910e-01 8.016427052500247896e-01 7.424283955603063756e-01 -2.356540099858136228e-01 7.900193468414162812e-01 6.125236998780330122e-01 -2.444896171587337130e-01 -1.550916859680029347e-01 -3.720015170818413153e-01 7.122935659620148741e-01 -5.601278187534343145e-01 -1.903505244668035890e-01 -2.889550178052950891e-01 -6.989395267922502430e-01 -6.976420752581654616e-01 2.675952574312678856e-01 -2.697159671409999904e-01 8.315469827423781490e-01 -1.410940318113359723e-02 6.742135458881174381e-01 -1.006877596445869549e-01 -1.476237708658594827e-01 5.638148361371749795e-01
-2.224253790397669184e-01 5.097425248770594275e-02 -1.746096360971230166e-01 5.770781114101811334e-03 -2.328307889715716672e-02 9.777785598630488462e-01 7.789781893229206222e-01 1.000000000000000000e+00 5.214199806839818138e-03 9.086806392539019672e-01 -1.412684576109354828e-01 2.808005314456735874e-02 9.540065082172819455e-01 -7.708435280729336592e-01 2.278039562902446635e-01 -8.802279158559270233e-02 1.339618679282552904e-01 9.018391346833263267e-01 1.961980785885397705e-01 -2.029692532056578610e-02 -2.459093163888387834e-01 -3.897214980273102647e-01 -1.644922578749463127e-01 8.457318464716928608e-01 -1.991817204478751879e-01 2.368744960920335652e-01 9.794749754507414696e-01 9.983079708794198037e-01 -1.853849669174790216e-01 2.373674639189976010e-01 -1.786275766421908662e-01 9.869534759510383282e-01 -2.068654035200436225e-01 -6.060082452978671208e-01 -2.940522322424452689e-02 -7.130494672098099951e-01 -1.849893034719015950e-01 -7.798585176360051108e-01 9.993236400912172135e-01 9.421349128850864396e-02 -2.752751267325100892e-01 4.109110210871541602e-01 -6.038184242223035847e-01 9.592133696319683489e-01 -1.682182216115354345e-01 1.255500012130120191e-01 4.350155841541171742e-01 9.898896134036231365e-01 -2.218232463487955219e-01 -5.152375300303694422e-02 9.982870551146231231e-01 -7.193069348063525492e-01 -2.909132531860541548e-01 9.639614711631823152e-01 -8.080080633379651545e-01 -1.044982406388285379e-01 -7.230548598152525264e-01 7.223984016850890644e-01 -1.901505481379381080e-01 -1.534526059877843740e-01 4.516712357205738826e-01 9.604480994101282088e-01 -1.977168319610363989e-01 5.840023855646766515e-01 -1.913610851441050753e-01 8.868055395962783916e-01 7.100483914134178010e-01 3.388963332043958832e-01 9.107753360072379234e-02 8.383186757209835083e-01 -2.190115036288718398e-01 9.876951327710925543e-01 7.930801933925788472e-01 1.960769827890524591e-02 -2.211849751380775275e-01 9.993185011152501129e-01 -1.698500533093103559e-01 9.996002731278611497e-01 8.950880269678895829e-01 5.786736581799205581e-01 -7.064249829000697201e-01 9.666820486275969904e-01 9.997003190432242059e-01 -3.147530678953762151e-01 -1.415707733504283916e-01 -1.702163994824744120e-01 -4.324096377787705059e-01 -1.640360477884581780e-01 -1.679469937913933009e-01 8.973930427652776487e-01 9.991549895874263232e-01 2.668726274665670362e-01 9.103558848047521579e-01 -7.246169718582017305e-01 -2.153175718015401530e-01 -2.418280594941664141e-01 2.239498464467805719e-02 -1.633767503680434996e-01 -5.703075430265865803e-02 -5.113641334835178354e-01 9.386326005235435810e-01 7.077073755765412866e-01 -2.138059506817641675e-01 -1.580728127059916888e-01 8.661079203304902219e-01 7.764299337082100072e-01 9.816181918660230599e-01 -1.718342098126084960e-01 9.816833640009698936e-01 8.859693723358785800e-01 5.367231896471943431e-01 5.772811529288586485e-02 -5.865536786687542969e-01 -1.528264908814559730e-01 8.262615179489273265e-01 9.191830114966510479e-01 6.731463234092889270e-01 9.904116298016436559e-01 9.200298856032815831e-01 -2.044381068276954760e-01 9.986781663648034435e-01 8.579624519353286072e-01 -1.651598409101540377e-01 -1.308367436232258929e-01 -7.204409777455516029e-01 9.405715936682854661e-01 -5.459271893433539358e-01 -1.653691290412417358e-01 -7.427363972693357130e-01 -7.847381213640721720e-01 -7.312543868888197185e-01 -3.159267940305893752e-01 -2.033178381165987036e-01 9.400734176837739486e-01 3.626246572480821412e-02 9.007375464995222014e-01 4.305638993790573965e-02 7.707963682472973588e-02 -3.027860691019169589e-02
-2.135784009087871860e-01 -2.799873633524553318e-01 -2.158024878770741228e-01 3.155613825180405563e-01 -1.518334964352038574e-01 -1.451859449324530670e-02 -1.027267298886326702e-01 5.214199806839818138e-03 1.000000000000000000e+00 -2.887673261610001346e-02 7.548391096319339022e-01 7.310675812505634807e-01 -4.318479596761435474e-02 7.588446465395523588e-02 -2.472267682799950406e-01 7.837525609818141170e-02 2.874725408010256333e-01 -4.808768991663690123e-02 -2.520103152842412264e-01 9.787651780990211936e-01 -2.067421138835207617e-01 -8.579343164349413978e-03 3.550592869796364015e-01 3.465202868523366564e-01 -2.274363254472031581e-01 -1.224277680240374033e-01 8.852877171265630118e-02 9.926826505734068912e-03 4.347278359252794155e-01 4.084262960048959945e-01 1.751944950168301263e-01 1.885340744900964108e-02 5.099632765295620818e-01 -2.426228726747315656e-01 -3.054263965269340408e-01 -1.764521430804540381e-01 -1.633579026661253208e-01 -1.500712812700070453e-01 1.948068801526907368e-02 -2.339567672226868511e-01 -2.241435938557411467e-01 4.524636138138107277e-01 -2.564262524099216733e-01 1.650221026215468734e-01 -2.501169446769214155e-01 -2.484481077727624110e-01 1.184113563218349013e-01 6.242016927987833336e-02 -2.643770354419984203e-01 3.412599098376001838e-01 2.320730660414233731e-02 -2.794556878865445126e-01 4.360376181512863880e-01 -2.589356005595034801e-02 -1.716177562549285329e-01 5.967936500232620123e-01 -2.166686161746962380e-01 2.188493846660835573e-01 4.244708733174714643e-01 6.545699754502042333e-01 5.743528580174097620e-01 -2.096210223580433074e-02 1.795895131749933871e-01 -1.487826479990375927e-01 4.412482202555780830e-01 2.142862538570549924e-01 4.791093331658226040e-01 -4.983414962849538193e-02 4.102072126943697161e-01 -7.883224531406632374e-02 -2.308736090668290220e-01 7.915429807431698106e-02 1.446180820650672660e-01 -2.267498485118949192e-01 4.836648514802330823e-01 8.033770909865817211e-03 -2.171303624271462840e-01 1.479531942349615256e-02 -4.995701497766942556e-02 3.470587777548025388e-01 -7.050876586629548082e-02 -2.475244015878159259e-02 1.088980155198660156e-02 -2.895488347394876705e-01 2.899000429103464338e-01 6.989216153285375821e-01 3.171828994903302390e-01 1.673331842030558181e-01 -2.004657551704572549e-01 -6.411759378253410746e-02 2.822143892434125084e-02 -8.275808202751391840e-02 -8.101496284825100702e-02 -1.029474376527766133e-01 -4.021753900664935127e-02 4.654562621515180298e-01 2.612851378409015643e-02 3.393328453448919424e-01 1.054845716661063221e-01 -2.928908909357418322e-01 2.816411914279320916e-02 4.957324943128433858e-01 -2.561279019314679495e-01 -2.910042092025817428e-01 -7.105039777963211012e-02 -1.234682161163246951e-02 1.119932688957930855e-02 5.776294005815753030e-01 1.217913224250679882e-01 -1.063916292158012117e-01 -1.127351118507349641e-02 2.911136987209120841e-01 -3.056501653114521155e-01 -2.235344876251121049e-01 -1.063765679717639800e-01 -1.494238672339557629e-02 -1.812295580445185197e-02 1.341537679048240318e-02 -9.118177205448946276e-02 5.341937505409226628e-01 -3.923062835259957283e-03 -9.170741904931045685e-02 -1.850775691625802799e-01 2.023770039980580734e-02 -2.008480624005277160e-01 1.776481263573259362e-01 3.804022398017988804e-01 6.236187813599500807e-01 -4.588423212648579108e-02 -1.985401615098532635e-01 -1.524785250179811480e-01 -1.907727704405347002e-01 -3.822922149458347213e-02 -4.409617851728344501e-02 3.421865701877152000e-01 2.118353720633841808e-01 3.201363098143849006e-01 5.415452484528574528e-01 -2.113143142113197981e-01
-1.701604936562141623e-01 7.412466271571720167e-02 -2.321701132028721193e-01 4.343270811521560137e-02 3.045326940144322814e-01 8.763554766381089767e-01 7.192707410182903605e-01 9.086806392539019672e-01 -2.887673261610001346e-02 1.000000000000000000e+00 -1.538202140126671003e-01 9.536823553335887355e-03 8.562888820376898247e-01 -7.428347580890968249e-01 3.509458209438152676e-01 -1.148404182753137437e-01 1.865738017383831715e-01 8.029731796680312783e-01 1.544364898310934264e-01 -8.708413920642162076e-02 -1.741974851022498605e-01 -3.248060759142487042e-01 -2.808391755832455594e-01 7.720976208382450690e-01 -2.579918761689075080e-01 2.440723540516520074e-01 9.018707496234785737e-01 9.284400865144309956e-01 -2.806335391966202075e-01 1.379459276533972212e-01 -2.147361724343415101e-01 8.972550971290363941e-01 -2.945159638792567147e-01 -5.059003187870650953e-01 1.268280091254020414e-02 -6.019612200262490775e-01 -1.247673984880094122e-01 -6.496791494249007926e-01 9.091726650841984725e-01 3.805227745852628185e-02 -1.972250547569693313e-01 3.045319243122133201e-01 -6.349436296895225595e-01 8.986039257732516550e-01 -1.588299236834351813e-01 1.672339775784877636e-01 3.190699686842546345e-01 9.024613370106973065e-01 -1.521100444725483336e-01 -3.085404075029996029e-03 8.976147019582819686e-01 -6.230756388545362068e-01 -3.640786091567623228e-01 8.467472150668342579e-01 -7.196485095592307646e-01 -1.866566895094960987e-01 -6.543061579919227100e-01 7.050701135452640544e-01 -2.784351709149788801e-01 -2.028066755775238261e-01 4.430284273059054700e-01 8.532625400511216762e-01 -1.367968093635934801e-01 5.555900274422904683e-01 -2.827315573085608102e-01 8.449248794313721778e-01 6.819260622950327200e-01 2.923973116803016414e-01 -3.923417455425097511e-02 8.753006744288116536e-01 -2.755065808599495569e-01 9.087818357764515520e-01 6.145377736536253854e-01 5.336046125871819756e-02 -3.068786517905947031e-01 9.179706379889580603e-01 -2.301710819969909338e-01 9.093687662572715880e-01 8.144454024735281461e-01 5.924148647640881116e-01 -6.322119081207160374e-01 8.606754114048262849e-01 9.070675783281766380e-01 -3.726184198395895431e-01 -1.422446050074014923e-01 -2.087766193388530256e-01 -4.623272464685035388e-01 -8.693789579280257473e-02 -2.328653927188795714e-01 8.160220469369999785e-01 9.106074982191099121e-01 2.494505119639648105e-01 7.994016985148291177e-01 -6.538392034905944339e-01 -2.790847276476647876e-01 -3.218638012993810249e-01 -9.480958783126405831e-02 -2.811054708443045391e-01 -2.346373278230822201e-01 -5.337926597921078820e-01 8.191530945389546847e-01 6.622340605746194209e-01 -1.868420403842181998e-01 -1.071309121887292770e-01 7.849598230794345710e-01 6.385599464329013708e-01 8.757662455213495178e-01 -2.396724070598509060e-01 9.058883839618717682e-01 7.790244256608478413e-01 3.546848648845917218e-01 -8.600711427167084810e-02 -6.007361678089210288e-01 -1.454577730277842318e-01 7.651437587679168484e-01 7.915120919716356340e-01 5.251225205053891010e-01 8.960868316755797869e-01 8.108322369148165398e-01 -2.828490944624578174e-01 9.043899685548092426e-01 7.634520620190056173e-01 -2.328324474286144474e-01 -2.679314206368030860e-01 -6.186873729454875903e-01 8.719439706718972172e-01 -5.715201715100125535e-01 -2.262865759435964963e-01 -6.633121139023230306e-01 -6.821967142416875962e-01 -6.933810045737679451e-01 -2.141047270049431239e-01 -2.838789856948439883e-01 8.414164769675572808e-01 9.385043244027616027e-02 8.431285433957047548e-01 -7.462408125052336083e-02 5.043563552121468202e-02 1.706279566429521125e-02
-1.058729188916894826e-01 -1.918135597050388830e-01 -1.616531793667261852e-01 4.313887916038879888e-01 -1.895715891528617358e-01 -1.707670081485522240e-01 -1.795582553435505768e-01 -1.412684576109354828e-01 7.548391096319339022e-01 -1.538202140126671003e-01 1.000000000000000000e+00 9.572804174066185112e-01 -1.966948387193459824e-01 2.103032055059433358e-01 -2.979794085033374840e-01 2.530408738785782097e-01 3.879885208797737572e-01 -1.741605019706566337e-01 -2.297517080038763149e-01 7.537968636634688746e-01 -8.655308027980668228e-02 -1.822884986226621928e-01 6.129255474003938442e-01 3.429182165976097929e-01 -1.802550734202187643e-01 -2.459529101190930656e-01 -3.887719205643150322e-02 -1.293956581926536953e-01 7.194504570081112771e-01 5.867125636804408906e-01 3.411487963402202728e-01 -1.168719948773254275e-01 8.124204403798153118e-01 -3.256402695490041022e-01 -2.321236681360179799e-01 -2.547729689982886070e-01 -1.079262001431156026e-01 -2.078391017717420297e-01 -1.277359226954232485e-01 -1.853589813470345737e-01 -1.240259178132421536e-01 5.768107960390577160e-01 -2.771630293411826984e-01 3.091350042615351873e-02 -1.561630466740966394e-01 -1.842816203842145284e-01 2.387424829435199347e-01 -7.927249585155976552e-02 -1.394543205916049522e-01 4.640014176131268542e-01 -1.171454754731648534e-01 -2.702868680943361079e-01 7.165723212166369427e-01 -1.780526018219493745e-01 -2.020231468074836223e-01 8.773362181041589603e-01 -2.605229188435063126e-01 1.850578927938189566e-01 7.095834135735479276e-01 9.389248662362563724e-01 6.787540920163569469e-01 -1.840766428615265571e-01 -1.885701522322287826e-01 -2.767229246121883923e-01 7.180309827342419293e-01 1.211905981553933476e-01 4.613360224447613511e-01 8.369953095630981721e-03 6.344341727038721457e-01 -3.008986196802069246e-01 -1.789380140181159873e-01 -6.296233501654360798e-02 1.307234265858611411e-01 -1.423762259149087828e-01 7.454344079876384921e-01 -1.315372832915192580e-01 -1.672192244520558368e-01 -1.288156211545215535e-01 -2.434582938674292318e-01 3.214964794053751240e-01 7.669039882951001266e-03 -1.882008278663918621e-01 -1.335211256884401843e-01 -2.590472765043896342e-01 4.598319836737465027e-01 9.731478705224583248e-01 5.863428649302441231e-01 -2.062106062762612824e-01 -1.377717814847892464e-01 -2.212713430069569165e-01 -1.119690336767995564e-01 -3.088111607682710313e-01 -2.079762071855420780e-01 -2.339799693326731211e-01 9.514277093566494981e-02 7.325741037805910683e-01 2.301851700766223419e-01 5.933991832694984758e-01 3.441570368257890755e-01 -2.722672471872834565e-01 -6.185674222627048774e-02 4.956760623907888741e-01 -1.749035090901114031e-01 -1.595433913582378349e-01 -2.506339355562882121e-01 -8.968275496725783280e-02 -1.414157010775434764e-01 8.637877589383251564e-01 -7.373642414255865418e-03 -2.176996086681846632e-01 2.014274705173743629e-02 4.860344975707264759e-01 -2.871759374148493693e-01 -1.486853365690085360e-01 -3.171908566838380628e-01 -1.102623376326307830e-01 -5.336904339368243877e-02 -1.419342041726893988e-01 -2.277734570704932904e-01 7.936666118484856369e-01 -1.513840737557165528e-01 -1.813011581562042895e-01 -1.162966745797747448e-01 2.270553708987060604e-01 -2.987744082272360546e-01 4.581410971082516825e-02 6.230746273553366965e-01 9.105918817847626912e-01 -5.004764071870941577e-02 -2.328140298779642625e-01 -2.179868371733049703e-01 -2.105233067175772688e-01 1.205314117746081604e-01 -2.005281805893967262e-01 4.515511706581246676e-01 1.024239983062820158e-01 4.801065516284611645e-01 6.970708060649020155e-01 -1.214322970901816207e-01
