1.000000000000000000e+00 5.725120561929732954e-01 -2.215079490039593979e-01 1.635386236199173893e-01 -8.773563494476652180e-02 8.736174000912479143e-02 2.449539354015044523e-01 9.559353197471399943e-02 -1.853556816666354357e-01 -2.383769004764023022e-02 -9.885869376158454291e-02 1.072927999324609222e-01 1.411849351827820231e-01 -1.139678634431993409e-01 3.948020667653220350e-01 2.464642336372833697e-01 3.415586357579384336e-01 2.931632314202146650e-01 3.443669099964490887e-01 -2.105937226767328752e-01 7.108010397246080636e-01 6.337540869748427008e-01 8.378937434115465294e-03 1.554505925133016775e-01 -2.324932064608401794e-01 4.408663868024352839e-01 1.272060277864183464e-01 2.445324415273747096e-02 -4.140334390678524629e-02 -6.062728447337666082e-02 -8.935873410033598474e-02 4.482319697209093817e-02 -2.721589006277903566e-01 -5.314667897244498146e-02 6.977887405866176618e-01 1.649502055712082360e-01 8.219572308548472872e-01 1.337341785031587738e-01 6.763150265159398322e-02 4.976421154362653532e-01 7.589088252770757048e-01 -1.094580778565544706e-02 -1.394296548198080132e-01 7.867375469595509763e-02 6.386836145808600929e-01 6.248718136890211161e-01 2.882688920420314188e-02 8.924450877617490230e-02 7.683845759125302877e-01 2.622284126972345697e-01 1.098890626073638910e-01 5.194630562892160741e-02 -1.832397100638581133e-01 2.167627543643952173e-02 6.718712517819859231e-01 -4.806922843471957835e-02 -8.576312751246899235e-02 1.881281131717865707e-01 6.468931698049137924e-02 -3.139230147932680487e-02 2.069033763552053373e-01 1.137078952977631785e-01 2.419116565739312108e-01 3.004118268550225457e-01 -1.408060178597891066e-01 1.753641845851097447e-01 1.426281875346922523e-01 1.594482881517732265e-01 -6.525339266849290720e-02 5.458607032340648257e-03 -2.101311769926577921e-01 8.239707098272203156e-02 8.513465246956816723e-02 6.348819315036655642e-01 -2.450364069512309673e-01 7.161820712028246771e-02 -2.569604020525773080e-01 8.769485601252111073e-02 1.498465069823644580e-01 2.535913891011767896e-01 -1.320996825552736564e-01 9.306982448047733392e-02 9.167012966144652553e-02 1.768786996728099470e-01 1.023223602201780713e-01 -1.678095696142974935e-01 -1.937454669546243013e-01 1.825369399530584469e-01 -2.195368962106065136e-01 2.707274335034471902e-01 9.676322789597817386e-02 4.296174759003301702e-01 1.348675629388593755e-01 4.883771493996968971e-01 -2.768399641973641190e-01 -1.964479572762682369e-01 -2.943612885251574718e-01 -1.630579047481690025e-01 1.678688443583961631e-01 -2.232125264845787049e-01 4.621918238530801915e-02 1.593936301374176412e-01 7.150254133755903352e-01 8.141573077671697689e-01 1.797408735961850135e-01 -4.435878671070803830e-03 8.945558403341974385e-02 -3.125904084339531375e-02 9.041188649985984482e-02 2.151369474518704528e-01 -4.492157160570102448e-02 -9.803506221555499667e-02 -4.265980025382752616e-02 6.391020677254782845e-01 2.161182320527561540e-01 8.487098284144875548e-02 -5.587469901310553044e-02 7.665410855208884544e-02 1.773856716286027757e-01 -1.844635097421521430e-01 7.392627229043709225e-02 -1.381722183164965922e-01 -1.995875249046532574e-01 -7.235330380598066491e-02 6.826230614592546653e-01 1.014098115139433487e-01 -2.663807741217706360e-01 -4.243678128671977967e-02 6.424835369902323068e-01 1.536741680148433764e-01 -1.042395561556684197e-01 7.537850249072629572e-01 -2.272095857277283970e-01 1.777587570413051155e-01 2.393665182358969690e-01 1.282181831524182303e-01 -1.708122997941073917e-01 8.608384263853550988e-02 7.659558787977196470e-01
5.725120561929732954e-01 1.000000000000000000e+00 -2.051917480087118439e-01 8.155405433980085494e-02 1.487868932220059448e-01 4.575200187775381733e-01 6.050975761609317383e-01 4.848058818251533286e-01 1.111050470862303963e-01 5.194833890166961066e-01 -3.718849279564233334e-02 1.283873402948708942e-01 4.897478763224413223e-01 -9.934916778941699222e-02 7.856905409856824729e-01 -2.367483955106050759e-03 2.970503263324907328e-01 5.254878564391299856e-01 4.003725814596904575e-01 7.625231215100165827e-02 7.268817787519228357e-01 7.982377446121062814e-01 -1.369722035815825745e-01 4.314905881526797105e-01 -2.122450184783393756e-01 7.318692899796538365e-01 4.511776004326503164e-01 5.009772418191453802e-01 -2.594285847237582862e-02 2.005413895562609683e-01 -1.272235343731902835e-01 3.978651531185491419e-01 -2.125383043202530575e-01 -4.278716039854078140e-02 8.293127478112397588e-01 -1.518221453423667169e-02 8.271288700549173090e-01 4.047508710093881967e-02 4.496709655033536146e-01 6.872382742756515395e-01 7.753471897169177396e-01 2.804533314843187797e-01 -8.525646002890338582e-02 3.712196469739336147e-01 2.676688397413868326e-01 9.643838654985040781e-01 2.973087785471446587e-01 4.684482435594300997e-01 8.138494810754183240e-01 -2.672655147950220994e-02 5.017016712481401353e-01 9.899649658834799859e-02 -1.745217073333353297e-01 3.557218052686551557e-01 7.852622953702121933e-01 5.043355124183092342e-02 -4.003600670144702445e-02 3.776558545517743615e-01 -2.682045121461156673e-02 -8.277445482732567056e-03 2.538660924866967816e-01 4.589964783412686655e-01 5.685119759272612150e-01 7.040119544701173293e-01 -1.930902991563891447e-01 3.698026400286925641e-01 3.220173363627360508e-01 4.632271727765224223e-01 1.426968639167817132e-01 5.709142447466861725e-01 -1.962352878289962965e-01 4.563752200757408839e-01 4.058825521500598055e-01 8.504132271751793093e-01 -2.370667004701577374e-01 4.729300266408282272e-01 -2.367062631858217192e-01 4.712080834991613787e-01 5.506852308963977594e-01 2.781942980200254878e-01 -1.386813413509187798e-01 4.491432118099253357e-01 4.769601509126467631e-01 4.372648633480475944e-01 -5.628581271056458391e-02 -1.558998775357750832e-01 -2.449559049584493775e-01 7.074197705709045492e-01 -1.834527196678748251e-01 5.200470998655124522e-01 4.830370450033988905e-01 7.778686255594995380e-01 3.451373866563973714e-01 4.477029100199095835e-01 -1.822861725749936324e-01 -1.466387011744097468e-01 -2.902878269315371101e-02 -9.967006865740483945e-02 2.909362141711164251e-01 -2.140791520250759361e-01 4.226507055095413135e-01 2.879049866911532751e-01 2.788018867053720928e-01 8.334656262042118291e-01 4.991682828343346756e-01 3.339619443761389084e-01 4.788526046145136772e-01 1.132860976176408574e-01 4.542349384584241645e-01 4.908118172770420395e-01 7.551135606866805905e-02 4.201547567649333015e-02 8.818005687317671815e-02 1.321501049331233468e-01 7.574981972278449494e-01 4.529983280843404847e-01 2.464912802486645127e-01 4.657243653249499848e-01 3.814781274914125775e-01 -1.044068396465586412e-01 4.608083421230982912e-01 3.836871832792702608e-01 -1.651942617240895750e-01 -1.856775170156461582e-02 8.218828058023948113e-01 4.050592636204042307e-01 -1.872001151815712860e-01 8.108942632607307743e-03 6.921398967921345013e-01 8.214127388249051198e-02 -1.256229474467974450e-01 8.546713100082907744e-01 -8.953603299055036546e-02 4.382218246456919819e-01 8.515260416805398025e-02 3.881620902020682662e-01 5.608760752389516796e-02 1.664144667865050109e-01 9.033908018003359297e-01
-2.215079490039593979e-01 -2.051917480087118439e-01 1.000000000000000000e+00 3.770039702017236594e-01 -2.081894292696136739e-01 -5.490581243131827105e-02 -1.979473017296572990e-01 -4.937201547679039015e-02 -5.946754135906351380e-02 -1.365532440228758859e-01 -5.905047298037834069e-02 -7.539648575798799102e-02 -6.842425008367189476e-02 -2.841070110038841287e-02 -2.580525233396502860e-01 -6.529723824779368191e-02 2.404964073185434370e-01 -1.153309507055960276e-01 -2.319925612991217689e-01 -1.130049649607063333e-01 -1.476443286622109996e-01 -1.498432031840509493e-01 -7.828053350978846081e-02 -4.927393106626962865e-02 9.979750830189531019e-01 -1.311952414375903708e-01 -5.641545690887816988e-02 -6.757531025643498390e-02 -1.292541798206037207e-01 3.525463871788529491e-01 7.436902522702762974e-01 -8.437196833606465385e-02 -1.745902381459764618e-01 1.974409728366473965e-02 -1.910400395449925182e-01 -1.623189623117716196e-01 -2.058924618791403705e-01 1.459114081475798618e-03 -6.441249455414847780e-02 -2.134551498671825587e-01 -1.348189115941429705e-01 1.180499853575983638e-01 9.189584133150063838e-01 -8.563739812171532184e-02 -1.818342780889755095e-01 -1.522109877392668342e-01 3.947373870657945316e-01 -7.511262561204196282e-03 -9.453293233492690573e-02 3.756565104635167796e-01 -4.725076448197309403e-02 -6.518027996022253412e-02 2.405045006091291807e-02 -1.182521965076725190e-01 -7.249636698369052445e-02 -7.352692650209631531e-02 1.338257432499045385e-01 1.086930095417073944e-01 -1.089244347163380311e-01 -6.757023105227770443e-02 -9.912957361369105491e-02 -5.108258938076971900e-02 -1.789192671194994588e-01 -1.192310818990296173e-01 -8.216440003343932971e-03 -3.923522072094544344e-02 -8.828927983319467820e-02 4.824390330996299880e-01 -9.735303337628362086e-02 -1.715223572773169058e-01 9.971471299799610222e-01 -2.764302705584570363e-02 1.198780433407312454e-02 -5.864567225676661083e-02 -1.339455193067773942e-01 -4.597683996054788974e-02 9.961472937228178504e-01 -4.953772195264995876e-02 -1.295244345066765002e-01 1.754598152085378934e-02 -1.500372461865898122e-01 -4.670209187904578868e-02 -4.211648784577302213e-02 -1.182093579594534483e-01 4.628928454545392368e-01 -6.167296356310705135e-02 -8.283866158518346512e-02 -1.244982288981288099e-01 9.861130042075402224e-01 -1.134088248825605716e-01 -4.834074625532899100e-02 -2.147039773446929867e-01 -1.916109820998533886e-01 -8.487276816502761778e-02 8.388249035858581504e-01 3.460993168125969625e-03 -1.792071539957269533e-01 -1.407154654855464204e-01 -6.480470005915629772e-02 9.821054041295859127e-01 1.704093806626712504e-01 -3.598075718618130858e-02 -1.755034241611648782e-01 -1.866902408377678901e-01 -1.479506823256014347e-01 3.455069960420729669e-01 -8.441441540958670442e-02 -1.325947977736268713e-01 -4.076802503270732236e-02 -1.599042071060000347e-01 3.781163651520375035e-01 -9.886535949941512025e-02 8.552265175144139198e-01 -2.066183842589084940e-01 -9.272800947012653505e-02 1.961260112605926753e-01 3.919789522511053503e-01 -4.513044593106879665e-02 -9.619616894640890814e-02 -6.982656274861198664e-02 -4.683152643438512341e-02 1.050812655799267248e-01 9.851385043305187494e-01 6.138169217318847348e-01 -1.253204623674532003e-01 9.693732407179127264e-03 3.695930234271010278e-02 -3.446249567713655093e-02 -1.970719053656319608e-01 -1.493738186381653177e-01 1.046800343321785398e-01 -1.622681357174887429e-01 8.719106034390591287e-01 -6.561992730240473470e-02 2.673841357202583757e-01 3.149718323496183969e-02 4.798507899569642854e-01 7.298675183427735802e-02 -1.783961462142850674e-01
1.635386236199173893e-01 8.155405433980085494e-02 3.770039702017236594e-01 1.000000000000000000e+00 2.013574326503893841e-01 4.760283143902209746e-01 2.115338672841822754e-01 4.656946132534960370e-01 2.719640756228316469e-01 3.699385877906640196e-01 3.971169291988828620e-01 5.980677051133538313e-01 4.956827467962597877e-01 1.861830420813105902e-01 1.858541141215568349e-01 1.592593305735467424e-01 9.555249569077732819e-01 5.141878382974488515e-01 -1.322553939639126890e-03 1.874509483754378258e-01 -9.141120652060011342e-02 -4.560775385271084031e-02 4.169959099428801608e-01 6.409123831350223011e-01 3.538481267416751508e-01 3.827338985435270180e-01 5.292359136673497888e-01 4.493553004563684006e-01 2.368527051741352862e-01 7.157519925482025425e-01 7.960549753699298625e-01 4.251219925855201365e-01 -3.872827933539214201e-02 6.612981474395931980e-02 1.051032626246661134e-01 -1.247856033271935450e-01 -2.628569732342074874e-02 -1.114603385708012595e-01 4.493612837728308551e-01 1.237141042577788036e-01 -4.519568140678168616e-02 6.756342986858449029e-01 4.443250327711117942e-01 5.676105582179242770e-01 -6.526379455251754558e-02 1.631394441806168494e-01 7.199626538542988063e-01 5.091347389737324036e-01 -3.377326269713185752e-02 9.465239358115971058e-01 4.768657450610733761e-01 -3.547232416682136735e-01 1.623606146079913104e-01 3.749735723910362362e-01 9.169114989909864233e-02 4.275632910262279762e-01 1.441655787272914588e-02 8.048841466465297412e-01 2.734419581657173137e-01 3.706088115217545664e-01 6.579102508401077909e-01 5.027178569637621441e-01 -1.486220363202699346e-01 4.099385812782768701e-01 2.269563030616348898e-01 6.953929234501773360e-01 6.442108520200077182e-01 6.788489636073264943e-01 4.229898436450495458e-01 2.202117618450148695e-01 3.676452433578125678e-01 5.094576430478501283e-01 5.495461787424084088e-01 2.157278712440935386e-01 3.595781476575487384e-02 4.772640828625112630e-01 3.327441672611697876e-01 4.741605339876441283e-01 4.156315983784478196e-01 8.230989297104149838e-01 2.445860234794084917e-02 4.936141675598103573e-01 4.739683218530803543e-01 5.795195514027355888e-01 7.326441395866400974e-01 2.295888294770682680e-01 1.964450618536856541e-01 -7.022300248495877417e-02 4.580809499155232833e-01 4.737204958766251250e-01 4.765969323251614265e-01 1.384331506731403538e-01 3.455452210258934675e-01 -1.483261988609419491e-01 4.478225498564392670e-01 1.379680580541786106e-01 7.401470165774884369e-02 2.559683745690680134e-01 5.194209328212996413e-01 4.024772468700559824e-01 5.784746758356594798e-01 7.035500584985255879e-01 5.497149719236961440e-03 2.290183329813797256e-02 4.030823077975905777e-01 6.522637757574525352e-01 3.847578120599597917e-01 2.675368252465133989e-01 5.230774968896481081e-01 3.558898970801007700e-01 7.565740685650865771e-01 4.010476902307884006e-01 5.819212018926045449e-01 9.552488421342281849e-03 3.466314746142343806e-01 5.855188095532259940e-01 6.354018374898879884e-01 4.739909350721948078e-01 4.148741194977768609e-01 1.558004388614133429e-01 4.686569269359289192e-01 3.339735235373365585e-01 4.463313114982491170e-01 6.531979319748656421e-01 -4.094352346985150742e-02 6.350577460662175655e-01 1.260147572006616590e-01 3.435054757581322282e-01 -1.582828754312650202e-02 -9.171797204752045463e-02 6.432206610129556634e-02 2.600333686123739718e-01 5.422846631453357436e-01 5.309575180478315337e-01 9.754967375025321852e-01 6.989142610942916667e-01 5.912637664698500162e-01 6.465363434823613309e-01 1.291333383023261228e-01
-8.773563494476652180e-02 1.487868932220059448e-01 -2.081894292696136739e-01 2.013574326503893841e-01 1.000000000000000000e+00 5.910185753934333874e-01 5.276581774342403719e-01 5.651880880930506557e-01 9.118384657206125843e-02 5.731720690923148842e-01 -1.361484968469120135e-02 1.918384004487729833e-01 5.981132145918696130e-01 -1.875804612376927027e-01 4.576842569520234716e-01 -2.723976595883120799e-02 2.708382399716543487e-01 5.959130394593976643e-01 1.018670758637348489e-01 6.431262204617821041e-03 -2.126309029967846098e-01 -1.433319280846993560e-01 -7.191541357132757994e-02 4.862171268578184824e-01 -2.077067574829201679e-01 4.222011813671128766e-01 5.904813752191894194e-01 5.870919631432106600e-01 -2.114169667101839512e-01 2.494748120876351671e-01 -6.098961508648490654e-02 6.642932807115713434e-01 -1.141935549668623012e-01 2.056957657571374387e-01 1.449713006841040763e-01 -2.706308763290034003e-01 -2.004651992283647960e-02 -1.916774963731318615e-01 6.059906735391233923e-01 4.253133563160856889e-01 -1.705690107842021408e-01 3.270590113731367543e-01 -2.018472119319481839e-01 6.479705944442695209e-01 -1.524615665883851945e-01 1.801578073868075058e-01 3.239294056971563918e-01 5.499538450595127248e-01 -2.069878386665377490e-01 7.378028286050322682e-02 5.493193595988634659e-01 -1.465274932623808479e-01 -2.578676832650505513e-01 7.477951870010264290e-01 -7.364471183474111116e-02 5.747156996727398326e-02 -1.394983777232104705e-01 4.804449910076762364e-01 -2.406200059127586166e-01 -2.064051078314338775e-02 4.552546412087242755e-01 6.029946737383200528e-01 -6.811962257950332500e-02 4.682614954423978126e-01 -2.753630009692910052e-01 5.650181660069724110e-01 5.925351032298538101e-01 2.423495811333538918e-01 1.363310534679900710e-01 4.524946874056028356e-01 -2.096298942526976516e-01 5.727032780479222041e-01 4.267723365334555874e-01 2.323987776164993801e-01 -2.484800881805206418e-01 5.778655545430940732e-01 -2.335167661387148319e-01 5.721150448871834548e-01 5.692328117008951249e-01 5.364275613801844367e-01 -2.116479730345368626e-01 6.007631616022038878e-01 5.638600968620727238e-01 5.683257055209941511e-01 1.743029213786278508e-01 -1.380071962152520648e-01 -2.345154252961541008e-01 1.295379638495005280e-02 -1.524945276318600274e-01 6.351376838662948776e-01 5.652977604344318063e-01 2.141255983134736085e-01 5.419830093409209182e-01 -1.905513782290904901e-01 -1.646748655810159889e-01 -2.679365628100525143e-01 3.390498546912031341e-01 -8.860352505991228589e-02 1.886358856724634214e-01 -1.571469013654155922e-01 4.967332605069672558e-01 4.479036261977478728e-01 -1.556879011945784264e-01 -3.795052456470564273e-02 6.035162020847041342e-01 4.206293778013107665e-01 6.885499998195101501e-01 -3.151963839955958940e-02 5.539093099641230200e-01 5.656625155333336874e-01 3.182835352929139772e-01 7.085558604511546510e-02 -1.072018842086371465e-01 -1.321045449770600066e-01 4.763454661387830913e-01 4.763125469754994623e-01 3.904584738333913840e-01 5.622206809670234895e-01 5.334901270763008352e-01 -1.956450056958600192e-01 5.658619813274327059e-01 2.800945850446699414e-01 -1.767104019478792920e-01 9.982916529165190844e-02 -1.503936815439801122e-01 5.352626498624392104e-01 -2.391333767342119221e-01 -1.038536333873667783e-01 -1.319882545402603358e-01 -5.890643704827723537e-02 -1.647697329864950266e-01 1.740292045946895128e-01 -5.346402842099893388e-02 6.513097228669797456e-01 2.528208207334253776e-01 5.487824640994166669e-01 1.030951089719020775e-01 3.953969352645387847e-01 1.336467478349415428e-01
8.736174000912479143e-02 4.575200187775381733e-01 -5.490581243131827105e-02 4.760283143902209746e-01 5.910185753934333874e-01 1.000000000000000000e+00 8.271763733376443772e-01 9.967124879421225270e-01 4.690571309312271397e-01 8.231072987860958978e-01 3.215027482113000934e-01 5.351568222993952073e-01 9.957933068911245522e-01 7.918764184812318585e-02 5.556379580127355222e-01 3.818191659784428982e-01 6.183912657957838510e-01 9.525879373293214547e-01 4.267000710913501638e-01 4.128740392314591001e-01 -1.665871189829607607e-02 1.374452993333050155e-01 2.453526649615425659e-01 9.407265927060988187e-01 -6.534562142560526588e-02 8.769636562978526673e-01 9.940110933443324637e-01 9.727325098862313890e-01 1.760771542131842060e-01 7.007395084898504489e-01 2.747550025790782557e-01 9.777907412273680876e-01 3.179632187071821520e-02 -2.208110965637880702e-02 4.500484780313420141e-01 -1.673830227967885997e-01 2.468231871818937218e-01 -2.044938716525169509e-01 9.948901120711252100e-01 5.837871896533011196e-01 4.130322394097037109e-02 7.644297357453313513e-01 3.807718364024099966e-02 9.438154062107800835e-01 1.799537727679053623e-01 5.547705249936655258e-01 7.988968229164541413e-01 9.933374809989882204e-01 3.405924220442725636e-02 2.896995590917669228e-01 9.941736724607072029e-01 -2.046324646672615377e-01 2.433793350746160655e-02 8.934564803916680287e-01 2.033927363845682845e-01 4.541264849041084517e-01 -7.937620446733209545e-02 8.924290002734226457e-01 8.451795762108500754e-02 3.358223855724326579e-01 8.113027774150026739e-01 9.966325613736957134e-01 1.401858848817912895e-01 9.356430987189428006e-01 1.284028692387138328e-02 9.414286872757122726e-01 8.956904977244377619e-01 7.529171746533483978e-01 5.982131945079725011e-01 6.962980881716497317e-01 -6.610507046280153509e-02 9.945841601208045279e-01 9.375417435501690600e-01 5.172471685667174857e-01 -2.704278808070737644e-02 9.964059273251747451e-01 -9.814582099640492552e-02 9.977655500804866184e-01 9.627687239827542598e-01 8.001601538605143116e-01 -6.828905096205208428e-03 9.985860823128305253e-01 9.970715904110190042e-01 9.444577680576182743e-01 4.771004895948167679e-01 1.270403685556045215e-01 -1.889935994966574634e-02 2.983237376352571024e-01 2.132237812117871931e-02 9.245974448802142254e-01 9.968356929802620892e-01 6.664331307514042013e-01 8.889053764614466280e-01 -1.339219967124603006e-01 6.558175783640944612e-02 4.752111593394782452e-02 4.389121968545889874e-01 2.589660068374917690e-01 5.957266220622143837e-01 -1.647026984437176961e-02 9.611257714737266866e-01 8.403558170829066309e-01 1.544366086312978781e-01 3.187145748115564059e-01 8.899584679446952418e-01 8.903798655740914336e-01 9.417868947677856539e-01 3.740740475547895683e-01 9.909011956759681272e-01 9.376254775875988434e-01 7.415871944136251948e-01 5.093538771928783904e-01 2.556696920272745754e-01 1.351997721349837422e-01 8.556083204109542484e-01 9.546501269272947843e-01 8.253113451683058432e-01 9.967407540312025471e-01 9.510081125305592797e-01 1.302714955389086826e-01 9.967464286311950028e-01 7.308184503163688284e-01 4.016635336995198757e-02 4.607409537827614199e-01 1.019791683840466784e-01 9.675445036150034372e-01 2.826292077849628520e-02 2.804825109377768189e-01 1.215688753322319987e-01 -1.179674684769689563e-01 5.367960406834622333e-02 5.213679637100978592e-01 2.405704441626028145e-01 9.528772531007799751e-01 4.633412274095202177e-01 9.537240443294505710e-01 5.466284395326306278e-01 7.641448270994383174e-01 4.308198824848036290e-01
2.449539354015044523e-01 6.050975761609317383e-01 -1.979473017296572990e-01 2.115338672841822754e-01 5.276581774342403719e-01 8.271763733376443772e-01 1.000000000000000000e+00 8.463152686002780589e-01 2.000615621925588561e-01 6.791909156636724010e-01 1.772833942913275007e-01 3.014172543895411449e-01 8.282303386346658858e-01 -1.768660671742108143e-02 5.377036863845912062e-01 2.775538600847083925e-01 4.140012965170524195e-01 7.894459712025876374e-01 4.495272391329335204e-01 1.619963476717626583e-01 2.750307006573680102e-01 3.600164543717079280e-01 1.708034241477758911e-02 7.488195042911904853e-01 -2.031444425367285034e-01 8.670500850466845710e-01 8.116707792348349937e-01 8.041093009954940474e-01 6.390890212115181435e-02 4.729778179902811575e-01 4.204837513482313771e-02 8.609098371496084479e-01 6.870721188150656633e-02 -9.258682740839440858e-03 6.671443278050157577e-01 -1.244737623139134247e-01 4.619435244482712477e-01 -1.301183510849085734e-01 8.529990963617078981e-01 8.507455369150003222e-01 3.260604225922759669e-01 6.308066965362832956e-01 -6.687858915172108232e-02 8.157531586071300467e-01 2.826660146702467680e-01 6.924598502910824793e-01 5.786400872427862607e-01 8.347941633678879203e-01 3.262064452868929099e-01 4.657494209726285861e-02 8.504220726258662211e-01 -1.055866530983982227e-02 -8.044162230175330719e-02 8.467025643091679044e-01 3.827543413874386902e-01 2.836154765556284096e-01 -1.686584697951895861e-01 6.777578909116739325e-01 2.174529114919632536e-02 1.572205024075614688e-01 5.673210763639568999e-01 8.137067808475576536e-01 1.741126805105844555e-01 8.799994275629895446e-01 -1.109966388580013452e-01 7.209246193587229845e-01 6.527183499509002784e-01 6.303967539124142316e-01 4.450341613687545106e-01 5.933061513838777667e-01 -2.055210840778539105e-01 8.356799943611212811e-01 7.281709343765225828e-01 7.534067477327757167e-01 -7.196147295338010952e-02 8.313340381291114412e-01 -2.349665965810444068e-01 8.382419025983148808e-01 8.427458762503929890e-01 5.415672236144372098e-01 -4.939751290958582786e-02 8.141963345164870969e-01 8.420941393613328163e-01 7.474731618606489381e-01 2.104213915533983958e-01 1.962601258178932676e-02 -1.453685143162373739e-01 2.796914659203154629e-01 -1.273638669768528686e-01 7.493637662463241700e-01 8.413182880841189037e-01 7.068695041335224527e-01 8.076634303515609625e-01 1.267641247835505636e-01 -2.467661825133430492e-02 -5.131514851618024231e-02 4.819507958117463242e-01 1.361597926800421354e-01 4.526530913925725375e-01 -1.715523600724929432e-01 7.694661373708454599e-01 6.334151237773488763e-01 2.395161135276180353e-01 5.495050608359893785e-01 6.984762568728628551e-01 6.824540148215259006e-01 8.913453538434247259e-01 3.011605697646093094e-01 8.220470600493700042e-01 8.478944619367212443e-01 5.040160469779167984e-01 3.542621979468786875e-01 1.418664740334104613e-01 1.811655922288779030e-01 8.084269741314269453e-01 7.861885790176040834e-01 6.460980546717327577e-01 8.393363395077779732e-01 7.919372303525484824e-01 1.257393316086502510e-02 8.387413680832835894e-01 5.003386587672385977e-01 -1.083175875549074185e-01 2.115047282659719419e-01 3.804335663552089741e-01 7.493707286427246927e-01 -6.812687100442607613e-02 1.513460439429166471e-01 3.967495611193461724e-01 9.547668713156208173e-03 -5.968906862795262530e-02 6.026399255700994884e-01 4.353527076472930857e-02 7.320605433462427092e-01 2.436766458978324723e-01 7.472332973177302495e-01 3.649980537454608487e-01 5.235927172051539902e-01 5.852929759545605348e-01
9.559353197471399943e-02 4.848058818251533286e-01 -4.937201547679039015e-02 4.656946132534960370e-01 5.651880880930506557e-01 9.967124879421225270e-01 8.463152686002780589e-01 1.000000000000000000e+00 4.671413190190062958e-01 8.283283395406538796e-01 3.227689917300806677e-01 5.236026400417166382e-01 9.902112601509159839e-01 9.192075217116503494e-02 5.524319998776204832e-01 3.857240879989927151e-01 6.148006715665587096e-01 9.398549565248451865e-01 4.418399739073192722e-01 4.143469861313624492e-01 1.495599959950686363e-02 1.675833075973810204e-01 2.422180466950478173e-01 9.416524793971783325e-01 -6.019055175420469361e-02 8.927942435765846563e-01 9.896995783291753224e-01 9.763884183215878476e-01 1.932317871380306029e-01 7.082256296049564970e-01 2.757751207421820228e-01 9.762374131443036784e-01 3.776351588039645463e-02 -2.447827459801529826e-02 4.654775960262295120e-01 -1.500759463395091031e-01 2.683569444130997628e-01 -1.985309814639591997e-01 9.962567791338663437e-01 6.114613177381167386e-01 7.113399304957276903e-02 7.672342796034744561e-01 5.260071106171575195e-02 9.445843675086041946e-01 1.944976672294250197e-01 5.819356500093084694e-01 8.024989421235948495e-01 9.970430451780089021e-01 6.976961289050921666e-02 2.756177212904350471e-01 9.990964518983934672e-01 -1.936801948368690462e-01 3.665291478140068893e-02 8.982694360197008843e-01 2.378292867220868079e-01 4.581003884367274570e-01 -8.847512013988070856e-02 8.903071284214046921e-01 1.010265840352947836e-01 3.372895298788523011e-01 7.954231114463272689e-01 9.898825517949163544e-01 1.554116789672805865e-01 9.487304167047604375e-01 2.537384726503849608e-02 9.332512736398539399e-01 8.805864262466757131e-01 7.691431201490874781e-01 6.058737908967767316e-01 7.068372108345604143e-01 -6.171270033539901639e-02 9.971556280821841645e-01 9.435884629871497120e-01 5.490569819070486579e-01 -1.760851976272173602e-02 9.982660715327243972e-01 -9.199801790449751993e-02 9.994398129739702208e-01 9.582339086243489845e-01 7.814407809062474675e-01 1.812757940883277883e-03 9.930943994644205741e-01 9.997758139327999061e-01 9.364525823928095960e-01 4.632044469344798188e-01 1.279273599644890624e-01 -9.324300456320325919e-03 3.147430688411149147e-01 2.885184509413288995e-02 9.066481577513407775e-01 9.995073176956388306e-01 6.821846338085609807e-01 8.769781685822710671e-01 -1.123168284733642580e-01 7.847168924833625159e-02 6.160304392388817052e-02 4.427351998038110414e-01 2.653538705741494974e-01 6.094802908224172810e-01 -1.319108524082535094e-02 9.652158262445558190e-01 8.357381047899560267e-01 1.647600726249634495e-01 3.472068789440037051e-01 8.755920145737871030e-01 8.961911837060740904e-01 9.498981138629083443e-01 3.876036579439653407e-01 9.927955531299961223e-01 9.380384573457389852e-01 7.410355127312737711e-01 5.154820454785957740e-01 2.725055381652188302e-01 1.385806920719436230e-01 8.711117540438412243e-01 9.618409027617834672e-01 8.294433573886111910e-01 9.989694615842810155e-01 9.469018874442239886e-01 1.403950024883162673e-01 9.991462619847852888e-01 7.382837993872948257e-01 4.948020968363749106e-02 4.589181953805304137e-01 1.381255130471889803e-01 9.639259276598697301e-01 4.071330458606275265e-02 2.888595001957094954e-01 1.576431910009397641e-01 -1.122649383102659604e-01 5.098662861032201427e-02 5.312815961224864880e-01 2.527016355866273378e-01 9.334872692710904918e-01 4.524993329184424651e-01 9.498813789712408084e-01 5.549076023955289427e-01 7.473806809349324842e-01 4.474410061435474262e-01
-1.853556816666354357e-01 1.111050470862303963e-01 -5.946754135906351380e-02 2.719640756228316469e-01 9.118384657206125843e-02 4.690571309312271397e-01 2.000615621925588561e-01 4.671413190190062958e-01 1.000000000000000000e+00 2.488729953910702175e-01 5.803065695271939495e-01 6.169925386240748821e-01 4.514378167303679246e-01 3.886074842225749615e-01 -1.190790810236838290e-02 2.104197012926230792e-01 3.218140963969396973e-01 3.968074229563797184e-01 -7.238960649081907506e-02 9.805690812083869279e-01 -1.167745220996632971e-01 1.753836259789606222e-01 4.219145056709270314e-01 5.773455783901599858e-01 -6.722028229999062188e-02 4.158091747127862225e-01 4.679743899496130455e-01 4.318938986679171643e-01 4.470572876160564535e-01 5.573909188846808416e-01 2.231824668669626921e-01 4.217320949615270820e-01 2.244571758246381443e-01 -9.575181922766519416e-02 7.854454963564539219e-03 -1.191149324010376959e-01 -2.855673585752141475e-02 -2.453198244329491684e-01 4.559815920906616360e-01 8.583923499655991829e-02 -9.745005867099579278e-02 4.567137992550863723e-01 2.264767357108504742e-02 4.477876130379889186e-01 -6.768730231199446279e-02 1.511922312487134212e-01 5.187856967787681794e-01 4.835366606008920654e-01 -1.561873830891580828e-01 1.329900893221500624e-01 4.724920717333431774e-01 -5.631661518380524228e-02 3.380404509495694709e-01 3.414615964284960503e-01 2.405560544218700997e-02 5.704751288740038673e-01 6.809999349411903491e-02 4.409374756209021307e-01 3.227007232393090952e-01 5.489994919479197488e-01 5.471992120448687658e-01 4.565538789043531720e-01 5.200487536472819805e-01 4.159754238581715446e-01 3.369058864954420640e-01 4.915006520050447247e-01 5.869789644378257121e-01 3.744574275682632236e-01 5.874841680824642864e-01 1.637850546904508486e-01 -6.765702876793049103e-02 4.801167069942287036e-01 5.245301958677848209e-01 9.713959827971331562e-02 3.432648414604676512e-01 4.715878219934984128e-01 -6.823307392696423279e-02 4.743468776774745765e-01 4.870271246329176407e-01 4.199249808031596531e-01 3.199861917690036694e-01 4.646053854683580009e-01 4.681852465852774925e-01 3.699519994045020743e-01 3.074359307854005463e-01 4.519047597936464156e-01 3.087072431205727385e-01 4.906304444674689513e-01 4.367598234513725593e-03 3.996385302015288410e-01 4.762145026348975629e-01 4.988759565521374562e-01 2.746496501001571833e-01 -4.479640059512284694e-02 4.847593262587546192e-02 3.686460738291469919e-01 2.362526334204910761e-01 4.358664316036299224e-01 5.108025081458109629e-01 -1.693485831088699031e-02 5.026458856125669561e-01 5.245188122980477541e-01 -1.389459386373259331e-01 9.918763883304156093e-04 5.012895224127291716e-01 4.731716690295122985e-01 3.871500113295159862e-01 5.268011970390457099e-01 5.049867082697644394e-01 3.612843230657815097e-01 3.910935337865610872e-01 5.136285049217678145e-01 1.644689968556543036e-01 -1.067544307460894515e-01 2.664329399927439224e-01 4.527011151300660563e-01 3.954720006733231097e-01 4.745548852859734490e-01 4.103532372446646592e-01 5.144560920846564800e-01 4.760486816351674477e-01 7.484407504061002525e-01 1.667370228244942007e-02 3.298081543459819298e-01 2.812579936931037475e-03 5.408445606208401868e-01 3.495645149056826884e-01 4.845147477785136658e-01 5.795696021119446650e-02 -2.234702423567249685e-01 2.798154602500197430e-01 1.682715507010325018e-01 2.369505208368886673e-01 3.975443247384175538e-01 2.434483263293520106e-01 5.011915151697092785e-01 4.458662929306731471e-01 5.493399207502209780e-01 1.603515694138477748e-02
-2.383769004764023022e-02 5.194833890166961066e-01 -1.365532440228758859e-01 3.699385877906640196e-01 5.731720690923148842e-01 8.231072987860958978e-01 6.791909156636724010e-01 8.283283395406538796e-01 2.488729953910702175e-01 1.000000000000000000e+00 1.558612717921897539e-01 3.590191946973497750e-01 8.134646354379022615e-01 -2.864866954428664167e-02 7.633686279107306794e-01 2.440014368045576310e-01 4.554806618825633646e-01 7.469915443420142021e-01 5.690943639030978662e-01 2.213443051547915041e-01 -8.520866444074028101e-02 1.043436649230176580e-02 9.403231125457188477e-02 7.527238602944196222e-01 -1.449097656678146606e-01 6.934949097658518191e-01 8.182681769737870647e-01 9.258253925419464014e-01 7.026031486016418026e-02 5.258260949921453875e-01 1.005145824005514166e-01 7.932047335575169722e-01 -8.381696734377733216e-02 -4.646882617931146625e-02 2.883771166604000014e-01 -8.500883738497357067e-02 1.176989273380499440e-01 -1.526168760878452157e-01 8.211419054293408459e-01 4.126543173345502136e-01 -4.600339815796664761e-02 6.531779372424872943e-01 -3.641285381684211675e-02 7.769083734889293824e-01 4.197203390188637695e-02 5.315236272364738390e-01 6.111631969002023768e-01 8.236122174732463108e-01 2.594024133692316922e-02 1.449684073028164044e-01 8.293091382572672643e-01 -2.287497536479999594e-01 -6.778433541562656206e-02 7.375169077306941157e-01 1.901659175667371193e-01 2.995200479345127564e-01 -1.065490777733219402e-01 7.289331971988535219e-01 -4.034309373798136006e-02 1.931200457718465491e-01 6.005360385732031459e-01 8.131551439354417488e-01 4.140042894734313056e-02 8.182768736297336698e-01 -9.110740694412818030e-02 7.614932782389892685e-01 6.935639095470179649e-01 5.824778451164424053e-01 4.326830515435576285e-01 9.631015790764079210e-01 -1.514805279707604480e-01 8.257559611096274566e-01 7.749206961248921166e-01 3.673990502342677766e-01 -1.261603275161496118e-01 8.494387422781282115e-01 -1.739976425835749185e-01 8.267576708051442846e-01 7.737182750538190712e-01 6.249880066995759931e-01 -6.774075434998996781e-02 8.173897100788755088e-01 8.273067159763497491e-01 8.207656542381197573e-01 2.886167333673865798e-01 -8.838735125155256292e-03 -5.788544441950553565e-02 3.333892687929919663e-01 -7.336699492553502844e-02 7.241761518727909408e-01 8.310680772083992585e-01 4.626774165854422027e-01 7.181554443059712245e-01 -2.228054932576128966e-01 -5.984488341423923469e-02 -3.757855312546278664e-02 2.810792984295896746e-01 1.421695710523549483e-01 3.940259846740791216e-01 -1.089502792960338751e-01 7.752954126728722750e-01 6.549695456089764667e-01 4.908711810807947495e-02 1.842475134790670654e-01 6.869616889813645599e-01 7.064990159612651865e-01 7.728378663940038695e-01 2.180561211482023865e-01 8.299174082532060348e-01 7.913623562054031835e-01 5.214876987549306175e-01 3.511218934657773794e-01 1.081871489517943485e-01 1.932886235961262010e-03 9.212580317989308432e-01 7.652355625947288020e-01 6.304612403205368532e-01 8.314882384696067330e-01 7.550953447935939700e-01 1.266994414049590380e-02 8.298029370860756648e-01 6.118886736447876062e-01 -6.368170463266296932e-02 2.648454328144900782e-01 4.437809248086709013e-02 7.795703745411980412e-01 -2.658493743088853264e-02 1.303351589839441549e-01 -4.900754018655922514e-03 -4.617573599405996182e-02 -1.657388389687172031e-02 3.394236300777619397e-01 9.746213465599544434e-02 7.747252155593091771e-01 3.285164759781524779e-01 7.762124574358505447e-01 3.707526112939504292e-01 5.433612113762593676e-01 3.435537854064100727e-01
-9.885869376158454291e-02 -3.718849279564233334e-02 -5.905047298037834069e-02 3.971169291988828620e-01 -1.361484968469120135e-02 3.215027482113000934e-01 1.772833942913275007e-01 3.227689917300806677e-01 5.803065695271939495e-01 1.558612717921897539e-01 1.000000000000000000e+00 8.761960244134007203e-01 3.198713789331386614e-01 8.103073813452601470e-01 -4.955079346539783408e-02 2.102427989842627354e-01 3.958306028510679697e-01 3.056193216331838380e-01 -1.352888222094310866e-01 6.006615823616612282e-01 3.717530031869727136e-02 -1.812233615052175756e-02 7.903722667490561404e-01 5.447115583587993637e-01 -6.401214538972141432e-02 1.958276722748577559e-01 3.355239476302395163e-01 2.785899697089074256e-01 8.089246365671174388e-01 6.562205656215860383e-01 4.613227022364173591e-01 2.896317787969632240e-01 7.369041274295679012e-01 -1.883153808733245560e-03 3.837997579283960320e-02 -1.230590422113431587e-01 -4.344901499957302266e-02 -1.509195956922370074e-01 3.071513067339520786e-01 3.888086295078634069e-02 9.577037446847083690e-03 6.152131474164594938e-01 6.698163434736024990e-02 3.591052090505535976e-01 -1.090250155824999262e-01 3.443779495881824776e-02 4.950708267628265991e-01 3.430921526892942164e-01 -6.541835189735217826e-02 3.079967367104154419e-01 3.302021062759855630e-01 -2.161771099681319419e-01 7.848415121737736255e-01 2.133409098868025711e-01 3.005531318428528859e-02 8.687700105498302738e-01 2.047721267054324057e-01 3.832872545095879491e-01 7.696992034583651776e-01 9.231198639001526596e-01 6.737764578672111870e-01 3.209998586845149715e-01 -1.293982199444015380e-01 2.482678177239474593e-01 7.614001872582629726e-01 3.968865647500792737e-01 5.342820975349577006e-01 3.357289065057997846e-01 7.525473114002158015e-01 6.029895071819725560e-02 -6.258181389741487854e-02 3.378374053012753730e-01 4.723292841860083913e-01 7.309788284746740472e-02 8.175301907664989098e-01 3.168134238797759017e-01 -7.979302586190470392e-02 3.267770389599859437e-01 2.780802860167990720e-01 4.003177406210570166e-01 7.092908976722737124e-01 3.247341483436908538e-01 3.227923111265875167e-01 3.093861125068609885e-01 4.245134922257857713e-01 9.555824343078904715e-01 7.571945199534154680e-01 -1.462175869612377110e-01 2.762342893916823125e-02 2.491882254355770598e-01 3.251628789171679967e-01 9.679002634216918310e-02 2.691931375505406399e-01 -1.345911442016750059e-01 2.863292806386848466e-01 8.125874239599186755e-01 5.148330120460654635e-01 6.795307237656055266e-01 7.033720292881709968e-01 -1.356329824521073160e-02 3.635729929616428602e-01 5.801733906821466835e-01 -1.574550491087764459e-01 9.765291024929855651e-03 2.096661655681277825e-01 3.771249242397892720e-01 2.393141722007604000e-01 9.287650812911911746e-01 3.842393107549351705e-01 2.128593941769614251e-01 4.358717241491400496e-01 6.978831584007103572e-01 1.522043217674133586e-01 -1.241215219464247843e-01 1.570104363335943221e-01 3.418520770358256522e-01 3.697662134319280036e-01 3.286168135878816399e-01 2.480692890863744893e-01 8.918688507413718991e-01 3.267954070158801128e-01 1.654321573101833198e-01 4.410187466086577801e-02 4.656454366653604571e-01 -3.556270503989859139e-02 3.662986196446572085e-01 8.074425974191244970e-01 8.732134691849482433e-01 2.221379591514125451e-01 -1.277252182886403353e-01 4.684224372684139270e-01 9.857898357564062741e-02 3.016821579357064631e-01 2.697612936725152233e-01 3.585593298985375044e-01 4.118463087020509117e-01 5.009340930495865818e-01 5.601601003011110746e-01 1.956626169581577798e-02
