9.999999999999998890e-01 9.090909090909088386e-02 -2.121212121212120993e-01 4.242424242424241293e-02 -4.787878787878787068e-01 -1.999999999999999833e-01 1.515151515151514916e-01 2.363636363636363313e-01 4.181818181818181546e-01 5.272727272727272263e-01 9.090909090909088386e-02 4.909090909090908506e-01 -1.636363636363636354e-01 5.454545454545454281e-02 -2.242424242424242153e-01 -1.757575757575757514e-01 1.636363636363636354e-01 -5.151515151515151381e-01 -9.090909090909088386e-02 3.333333333333332593e-01 3.030303030303030040e-02 -3.030303030303030040e-02 -2.727272727272727071e-01 5.272727272727272263e-01 -4.181818181818181546e-01 5.393939393939393145e-01 4.666666666666666186e-01 2.606060606060606188e-01 5.151515151515151381e-01 -5.393939393939393145e-01 -1.030303030303030276e-01 3.696969696969696906e-01 -1.636363636363636354e-01 3.030303030303030040e-02 -6.666666666666665186e-02 8.060606060606059220e-01 -7.878787878787878174e-02 2.969696969696969391e-01 3.939393939393939226e-01 2.363636363636363313e-01 -4.242424242424241293e-02 -6.727272727272726183e-01 -4.545454545454544748e-01 4.545454545454544748e-01 9.090909090909088386e-02 2.121212121212120993e-01 -1.393939393939393756e-01 -3.454545454545454586e-01 6.606060606060605300e-01 1.515151515151514916e-01 1.030303030303030276e-01 9.151515151515151603e-01 -1.151515151515151436e-01 -4.060606060606060108e-01 4.787878787878787068e-01 3.939393939393939226e-01 3.212121212121211711e-01 -3.696969696969696906e-01 -1.272727272727272596e-01 4.303030303030302428e-01 5.878787878787877785e-01 -1.151515151515151436e-01 2.242424242424242153e-01 2.484848484848484473e-01 -1.030303030303030276e-01 6.666666666666665186e-02 4.545454545454544748e-01 1.878787878787878673e-01 6.060606060606060601e-03 5.636363636363636020e-01 -1.030303030303030276e-01 1.393939393939393756e-01 -3.454545454545454586e-01 2.121212121212120993e-01 -2.242424242424242153e-01 1.272727272727272596e-01 -5.151515151515151381e-01 -1.818181818181818094e-02 1.272727272727272596e-01 -2.606060606060606188e-01 -9.090909090909088386e-02 -2.848484848484848508e-01 2.484848484848484473e-01 -5.393939393939393145e-01 5.454545454545454281e-02 2.121212121212120993e-01 -9.090909090909088386e-02 -1.818181818181818094e-02 -6.727272727272726183e-01 -4.424242424242423866e-01 1.515151515151514916e-01 2.848484848484848508e-01 -7.878787878787878174e-02 4.060606060606060108e-01 6.060606060606060601e-03 2.727272727272727071e-01 -2.606060606060606188e-01 -1.636363636363636354e-01 -2.969696969696969391e-01 -1.515151515151514916e-01 -1.878787878787878673e-01 3.454545454545454586e-01 5.878787878787877785e-01 3.454545454545454586e-01 -2.727272727272727071e-01 -6.606060606060605300e-01 -1.030303030303030276e-01 1.999999999999999833e-01 1.272727272727272596e-01 1.151515151515151436e-01 -5.636363636363636020e-01 -1.757575757575757514e-01 -1.818181818181818094e-02 1.515151515151514916e-01 6.121212121212120660e-01 -5.030303030303029388e-01 -4.060606060606060108e-01 3.030303030303030040e-02 7.878787878787878174e-02 3.818181818181818343e-01 1.515151515151514916e-01 -4.909090909090908506e-01 -8.787878787878787845e-01 -6.363636363636362425e-01 6.363636363636362425e-01 -1.818181818181818094e-02 1.272727272727272596e-01 4.303030303030302428e-01 2.242424242424242153e-01 2.969696969696969391e-01 2.363636363636363313e-01 -4.181818181818181546e-01 -2.969696969696969391e-01 -5.151515151515151381e-01 1.515151515151514916e-01 -2.848484848484848508e-01 -2.848484848484848508e-01 -1.757575757575757514e-01 -3.454545454545454586e-01
9.090909090909088386e-02 9.999999999999998890e-01 -3.696969696969696906e-01 3.030303030303030040e-02 3.454545454545454586e-01 5.272727272727272263e-01 7.090909090909089940e-01 5.454545454545454281e-02 1.636363636363636354e-01 -1.636363636363636354e-01 1.818181818181818094e-02 -1.030303030303030276e-01 6.606060606060605300e-01 -1.151515151515151436e-01 5.454545454545454281e-02 -8.060606060606059220e-01 -4.242424242424241293e-02 6.969696969696969058e-01 1.818181818181818094e-02 -1.636363636363636354e-01 1.515151515151514916e-01 -9.090909090909088386e-02 -1.878787878787878673e-01 -1.878787878787878673e-01 -5.636363636363636020e-01 6.242424242424241543e-01 -1.030303030303030276e-01 -1.151515151515151436e-01 4.242424242424241293e-02 -7.878787878787878174e-02 -2.969696969696969391e-01 -7.878787878787878174e-02 -2.242424242424242153e-01 -6.484848484848483308e-01 7.212121212121210823e-01 1.151515151515151436e-01 2.727272727272727071e-01 5.454545454545454281e-02 4.242424242424241293e-02 9.151515151515151603e-01 3.575757575757575468e-01 -7.878787878787878174e-02 -1.272727272727272596e-01 -2.363636363636363313e-01 3.939393939393939226e-01 3.696969696969696906e-01 -1.515151515151514916e-01 -3.090909090909090273e-01 4.181818181818181546e-01 -2.848484848484848508e-01 2.484848484848484473e-01 1.515151515151514916e-01 -2.969696969696969391e-01 3.090909090909090273e-01 -1.636363636363636354e-01 -9.090909090909088386e-02 -3.454545454545454586e-01 -1.393939393939393756e-01 1.272727272727272596e-01 -2.242424242424242153e-01 -1.030303030303030276e-01 4.060606060606060108e-01 -2.969696969696969391e-01 7.333333333333331705e-01 -4.242424242424241293e-02 -3.090909090909090273e-01 -1.757575757575757514e-01 -4.545454545454544748e-01 -6.060606060606060601e-03 -1.030303030303030276e-01 -1.999999999999999833e-01 7.878787878787878174e-02 2.242424242424242153e-01 6.606060606060605300e-01 -6.242424242424241543e-01 1.393939393939393756e-01 -5.878787878787877785e-01 -2.363636363636363313e-01 5.030303030303029388e-01 -3.818181818181818343e-01 -2.484848484848484473e-01 6.363636363636362425e-01 6.060606060606060601e-03 5.636363636363636020e-01 -8.424242424242422977e-01 -3.030303030303030040e-02 1.151515151515151436e-01 -1.151515151515151436e-01 -2.484848484848484473e-01 6.969696969696969058e-01 4.242424242424241293e-02 3.030303030303030040e-02 1.515151515151514916e-01 -1.757575757575757514e-01 -1.757575757575757514e-01 -2.484848484848484473e-01 -1.515151515151514916e-01 7.878787878787878174e-02 -1.999999999999999833e-01 -5.393939393939393145e-01 -5.636363636363636020e-01 -1.393939393939393756e-01 1.393939393939393756e-01 5.515151515151515138e-01 4.060606060606060108e-01 -4.060606060606060108e-01 -1.393939393939393756e-01 -5.151515151515151381e-01 3.818181818181818343e-01 3.818181818181818343e-01 -3.454545454545454586e-01 6.060606060606060601e-03 -6.242424242424241543e-01 -1.636363636363636354e-01 7.878787878787878174e-02 -4.424242424242423866e-01 -5.515151515151515138e-01 2.727272727272727071e-01 -7.878787878787878174e-02 6.060606060606060601e-03 2.363636363636363313e-01 -7.333333333333331705e-01 -2.484848484848484473e-01 1.636363636363636354e-01 5.999999999999999778e-01 -5.272727272727272263e-01 -1.999999999999999833e-01 5.454545454545454281e-02 3.030303030303030040e-02 5.454545454545454281e-02 -4.787878787878787068e-01 2.727272727272727071e-01 -6.666666666666665186e-02 6.969696969696969058e-01 -2.484848484848484473e-01 -5.151515151515151381e-01 -7.333333333333331705e-01 -4.424242424242423866e-01 5.636363636363636020e-01
-2.121212121212120993e-01 -3.696969696969696906e-01 9.999999999999998890e-01 3.939393939393939226e-01 3.090909090909090273e-01 -3.696969696969696906e-01 -1.151515151515151436e-01 -2.121212121212120993e-01 3.333333333333332593e-01 -3.212121212121211711e-01 -3.212121212121211711e-01 2.363636363636363313e-01 -4.303030303030302428e-01 2.363636363636363313e-01 -1.818181818181818094e-02 1.151515151515151436e-01 3.090909090909090273e-01 -3.454545454545454586e-01 -2.363636363636363313e-01 3.575757575757575468e-01 -1.272727272727272596e-01 4.242424242424241293e-02 2.121212121212120993e-01 -2.121212121212120993e-01 1.878787878787878673e-01 -2.848484848484848508e-01 -1.515151515151514916e-01 -2.727272727272727071e-01 7.878787878787878174e-02 3.939393939393939226e-01 2.363636363636363313e-01 3.454545454545454586e-01 1.757575757575757514e-01 4.424242424242423866e-01 -6.969696969696969058e-01 -4.666666666666666186e-01 2.848484848484848508e-01 6.060606060606060601e-03 1.818181818181818094e-02 -2.606060606060606188e-01 1.393939393939393756e-01 4.181818181818181546e-01 2.484848484848484473e-01 -4.242424242424241293e-02 -4.424242424242423866e-01 -4.787878787878787068e-01 2.727272727272727071e-01 4.060606060606060108e-01 -2.848484848484848508e-01 4.303030303030302428e-01 -1.151515151515151436e-01 -1.393939393939393756e-01 8.060606060606059220e-01 1.878787878787878673e-01 -1.818181818181818094e-02 -7.878787878787878174e-02 5.151515151515151381e-01 3.818181818181818343e-01 1.999999999999999833e-01 1.030303030303030276e-01 6.666666666666665186e-02 -3.575757575757575468e-01 -7.878787878787878174e-02 -3.333333333333332593e-01 5.030303030303029388e-01 1.757575757575757514e-01 3.454545454545454586e-01 1.757575757575757514e-01 6.060606060606060601e-03 -2.242424242424242153e-01 -1.999999999999999833e-01 -1.272727272727272596e-01 -5.454545454545454281e-02 -4.787878787878787068e-01 4.303030303030302428e-01 -3.575757575757575468e-01 4.424242424242423866e-01 1.999999999999999833e-01 -5.393939393939393145e-01 4.909090909090908506e-01 6.969696969696969058e-01 -4.787878787878787068e-01 -2.363636363636363313e-01 -5.030303030303029388e-01 4.424242424242423866e-01 5.151515151515151381e-01 -1.151515151515151436e-01 9.090909090909088386e-02 4.181818181818181546e-01 -3.939393939393939226e-01 9.090909090909088386e-02 -2.121212121212120993e-01 -5.878787878787877785e-01 3.575757575757575468e-01 3.212121212121211711e-01 2.484848484848484473e-01 -6.060606060606060601e-03 1.272727272727272596e-01 -6.666666666666665186e-02 1.757575757575757514e-01 3.818181818181818343e-01 1.818181818181818094e-02 -2.363636363636363313e-01 -5.999999999999999778e-01 -4.181818181818181546e-01 2.363636363636363313e-01 1.999999999999999833e-01 3.333333333333332593e-01 -2.606060606060606188e-01 -8.909090909090908728e-01 1.999999999999999833e-01 -1.999999999999999833e-01 1.515151515151514916e-01 -1.636363636363636354e-01 5.454545454545454281e-02 4.181818181818181546e-01 -6.060606060606060601e-03 -2.363636363636363313e-01 -6.363636363636362425e-01 2.606060606060606188e-01 -2.848484848484848508e-01 2.363636363636363313e-01 4.181818181818181546e-01 -1.818181818181818094e-02 -3.212121212121211711e-01 4.181818181818181546e-01 2.606060606060606188e-01 6.666666666666665186e-02 2.848484848484848508e-01 1.515151515151514916e-01 6.121212121212120660e-01 1.151515151515151436e-01 2.969696969696969391e-01 -3.454545454545454586e-01 2.484848484848484473e-01 4.787878787878787068e-01 2.363636363636363313e-01 6.848484848484848175e-01 -7.878787878787878174e-02
4.242424242424241293e-02 3.030303030303030040e-02 3.939393939393939226e-01 9.999999999999998890e-01 -1.030303030303030276e-01 -3.454545454545454586e-01 3.333333333333332593e-01 -3.939393939393939226e-01 3.030303030303030040e-02 -5.757575757575756903e-01 3.575757575757575468e-01 7.878787878787878174e-02 -2.848484848484848508e-01 1.393939393939393756e-01 -3.939393939393939226e-01 -1.515151515151514916e-01 8.303030303030302095e-01 -2.363636363636363313e-01 2.484848484848484473e-01 2.242424242424242153e-01 3.939393939393939226e-01 2.121212121212120993e-01 -1.272727272727272596e-01 -1.272727272727272596e-01 -3.212121212121211711e-01 9.090909090909088386e-02 -2.848484848484848508e-01 -5.636363636363636020e-01 -5.454545454545454281e-02 6.969696969696969058e-01 7.939393939393938338e-01 -1.272727272727272596e-01 2.363636363636363313e-01 7.878787878787878174e-02 -1.636363636363636354e-01 3.030303030303030040e-02 7.333333333333331705e-01 4.787878787878787068e-01 -3.696969696969696906e-01 1.030303030303030276e-01 4.303030303030302428e-01 3.818181818181818343e-01 2.606060606060606188e-01 -2.363636363636363313e-01 -9.090909090909088386e-02 -2.363636363636363313e-01 2.484848484848484473e-01 1.272727272727272596e-01 2.848484848484848508e-01 8.787878787878787845e-01 -5.151515151515151381e-01 -1.151515151515151436e-01 5.454545454545454281e-02 -2.606060606060606188e-01 2.727272727272727071e-01 -3.333333333333332593e-01 -1.393939393939393756e-01 5.757575757575756903e-01 7.878787878787878174e-02 -3.212121212121211711e-01 4.242424242424241293e-02 -5.878787878787877785e-01 -3.454545454545454586e-01 3.030303030303030040e-02 -7.878787878787878174e-02 1.818181818181818094e-02 -1.393939393939393756e-01 2.363636363636363313e-01 -6.666666666666665186e-02 -6.363636363636362425e-01 4.242424242424241293e-02 -4.303030303030302428e-01 -5.272727272727272263e-01 1.878787878787878673e-01 -1.999999999999999833e-01 -4.787878787878787068e-01 -2.848484848484848508e-01 -2.969696969696969391e-01 -5.030303030303029388e-01 4.424242424242423866e-01 -6.060606060606060601e-03 -3.454545454545454586e-01 -4.424242424242423866e-01 -4.060606060606060108e-01 3.090909090909090273e-01 7.454545454545453698e-01 -2.242424242424242153e-01 -3.454545454545454586e-01 -1.878787878787878673e-01 -1.393939393939393756e-01 -5.030303030303029388e-01 -2.121212121212120993e-01 -2.727272727272727071e-01 5.151515151515151381e-01 7.454545454545453698e-01 1.636363636363636354e-01 3.030303030303030040e-02 2.484848484848484473e-01 -4.424242424242423866e-01 -4.242424242424241293e-02 -5.454545454545454281e-02 -4.242424242424241293e-02 6.666666666666665186e-02 -6.060606060606060601e-03 -1.999999999999999833e-01 -2.484848484848484473e-01 -3.818181818181818343e-01 3.090909090909090273e-01 -4.424242424242423866e-01 -2.969696969696969391e-01 -1.999999999999999833e-01 -3.818181818181818343e-01 1.878787878787878673e-01 4.303030303030302428e-01 -3.696969696969696906e-01 -1.151515151515151436e-01 -2.606060606060606188e-01 -5.272727272727272263e-01 -6.363636363636362425e-01 -1.515151515151514916e-01 -3.333333333333332593e-01 -1.515151515151514916e-01 -6.666666666666665186e-02 2.363636363636363313e-01 2.121212121212120993e-01 2.727272727272727071e-01 9.090909090909088386e-02 6.666666666666665186e-02 2.121212121212120993e-01 4.666666666666666186e-01 5.454545454545454281e-02 1.818181818181818094e-02 6.363636363636362425e-01 -2.363636363636363313e-01 8.909090909090908728e-01 6.666666666666665186e-02 2.121212121212120993e-01 2.363636363636363313e-01 2.606060606060606188e-01
-4.787878787878787068e-01 3.454545454545454586e-01 3.090909090909090273e-01 -1.030303030303030276e-01 9.999999999999998890e-01 7.878787878787878174e-02 2.121212121212120993e-01 -3.696969696969696906e-01 2.121212121212120993e-01 -3.333333333333332593e-01 -2.848484848484848508e-01 -4.060606060606060108e-01 2.969696969696969391e-01 -1.757575757575757514e-01 7.696969696969696573e-01 -2.848484848484848508e-01 -1.272727272727272596e-01 6.484848484848483308e-01 -3.818181818181818343e-01 -3.030303030303030040e-02 1.393939393939393756e-01 2.363636363636363313e-01 1.636363636363636354e-01 -5.515151515151515138e-01 1.878787878787878673e-01 -1.515151515151514916e-01 -4.666666666666666186e-01 -4.303030303030302428e-01 -5.030303030303029388e-01 -6.060606060606060601e-03 -5.151515151515151381e-01 -2.242424242424242153e-01 -1.636363636363636354e-01 1.999999999999999833e-01 3.333333333333332593e-01 -4.303030303030302428e-01 3.939393939393939226e-01 -7.878787878787878174e-02 -1.636363636363636354e-01 2.484848484848484473e-01 4.666666666666666186e-01 1.272727272727272596e-01 5.454545454545454281e-02 -3.939393939393939226e-01 1.757575757575757514e-01 1.030303030303030276e-01 -1.151515151515151436e-01 1.272727272727272596e-01 -2.121212121212120993e-01 -2.969696969696969391e-01 -6.666666666666665186e-02 -2.727272727272727071e-01 2.969696969696969391e-01 2.121212121212120993e-01 -3.030303030303030040e-02 -3.090909090909090273e-01 -1.393939393939393756e-01 -6.666666666666665186e-02 5.272727272727272263e-01 -2.484848484848484473e-01 -6.606060606060605300e-01 3.454545454545454586e-01 6.666666666666665186e-02 -6.060606060606060601e-03 1.393939393939393756e-01 -4.060606060606060108e-01 -2.606060606060606188e-01 -1.030303030303030276e-01 -5.454545454545454281e-02 -4.242424242424241293e-02 6.060606060606060601e-03 -1.272727272727272596e-01 1.151515151515151436e-01 6.060606060606060601e-03 -7.878787878787878174e-02 -3.575757575757575468e-01 3.212121212121211711e-01 -1.030303030303030276e-01 3.818181818181818343e-01 -1.999999999999999833e-01 4.242424242424241293e-02 2.121212121212120993e-01 -2.848484848484848508e-01 5.151515151515151381e-01 -5.272727272727272263e-01 -7.878787878787878174e-02 -1.272727272727272596e-01 4.909090909090908506e-01 6.848484848484848175e-01 6.121212121212120660e-01 -6.060606060606060601e-03 3.090909090909090273e-01 -5.454545454545454281e-02 -7.878787878787878174e-02 -1.151515151515151436e-01 -1.636363636363636354e-01 -9.090909090909088386e-02 -5.454545454545454281e-02 -1.636363636363636354e-01 -1.030303030303030276e-01 -1.515151515151514916e-01 -2.727272727272727071e-01 -4.545454545454544748e-01 5.454545454545454281e-02 4.545454545454544748e-01 1.393939393939393756e-01 -1.151515151515151436e-01 -3.939393939393939226e-01 -6.060606060606060601e-03 -2.121212121212120993e-01 1.636363636363636354e-01 5.454545454545454281e-02 -1.151515151515151436e-01 -1.272727272727272596e-01 1.636363636363636354e-01 1.151515151515151436e-01 1.151515151515151436e-01 4.242424242424241293e-02 -3.696969696969696906e-01 1.757575757575757514e-01 -2.848484848484848508e-01 6.060606060606060601e-03 3.575757575757575468e-01 3.454545454545454586e-01 -9.090909090909088386e-02 -2.363636363636363313e-01 -2.121212121212120993e-01 -1.878787878787878673e-01 1.515151515151514916e-01 4.242424242424241293e-02 -7.878787878787878174e-02 7.575757575757574580e-01 1.272727272727272596e-01 6.484848484848483308e-01 -3.939393939393939226e-01 1.818181818181818094e-02 -3.212121212121211711e-01 -4.242424242424241293e-02 6.727272727272726183e-01
-1.999999999999999833e-01 5.272727272727272263e-01 -3.696969696969696906e-01 -3.454545454545454586e-01 7.878787878787878174e-02 9.999999999999998890e-01 3.696969696969696906e-01 7.090909090909089940e-01 -1.151515151515151436e-01 3.090909090909090273e-01 -1.393939393939393756e-01 -3.575757575757575468e-01 9.151515151515151603e-01 -3.090909090909090273e-01 -2.363636363636363313e-01 -4.545454545454544748e-01 -1.757575757575757514e-01 6.606060606060605300e-01 4.424242424242423866e-01 -2.969696969696969391e-01 -4.909090909090908506e-01 -6.484848484848483308e-01 -5.393939393939393145e-01 2.606060606060606188e-01 1.030303030303030276e-01 5.393939393939393145e-01 4.787878787878787068e-01 5.878787878787877785e-01 -3.030303030303030040e-02 -1.030303030303030276e-01 -2.969696969696969391e-01 3.696969696969696906e-01 -4.545454545454544748e-01 -6.121212121212120660e-01 4.787878787878787068e-01 -1.818181818181818094e-02 -3.212121212121211711e-01 -3.212121212121211711e-01 5.515151515151515138e-01 4.545454545454544748e-01 -1.999999999999999833e-01 9.090909090909088386e-02 -2.242424242424242153e-01 3.454545454545454586e-01 1.878787878787878673e-01 1.515151515151514916e-01 -1.636363636363636354e-01 3.090909090909090273e-01 -2.484848484848484473e-01 -4.545454545454544748e-01 7.454545454545453698e-01 -4.242424242424241293e-02 -2.363636363636363313e-01 7.575757575757574580e-01 -3.212121212121211711e-01 -3.212121212121211711e-01 -2.969696969696969391e-01 1.999999999999999833e-01 -6.121212121212120660e-01 -2.606060606060606188e-01 4.242424242424241293e-02 7.818181818181817455e-01 -2.242424242424242153e-01 6.969696969696969058e-01 1.999999999999999833e-01 4.666666666666666186e-01 1.636363636363636354e-01 -2.969696969696969391e-01 -1.636363636363636354e-01 3.030303030303030040e-02 -2.121212121212120993e-01 6.606060606060605300e-01 4.181818181818181546e-01 5.878787878787877785e-01 -5.393939393939393145e-01 8.060606060606059220e-01 -3.696969696969696906e-01 4.909090909090908506e-01 5.636363636363636020e-01 1.636363636363636354e-01 -1.030303030303030276e-01 9.636363636363635132e-01 6.606060606060605300e-01 4.424242424242423866e-01 -3.939393939393939226e-01 -5.999999999999999778e-01 6.060606060606060601e-03 -9.090909090909088386e-02 -3.333333333333332593e-01 4.666666666666666186e-01 6.121212121212120660e-01 6.060606060606060601e-03 5.030303030303029388e-01 -3.939393939393939226e-01 -5.757575757575756903e-01 -6.363636363636362425e-01 -1.757575757575757514e-01 -3.696969696969696906e-01 -1.515151515151514916e-01 6.060606060606060601e-03 9.090909090909088386e-02 1.636363636363636354e-01 1.151515151515151436e-01 -7.878787878787878174e-02 5.151515151515151381e-01 3.030303030303030040e-02 6.121212121212120660e-01 -7.212121212121210823e-01 8.060606060606059220e-01 5.757575757575756903e-01 -1.878787878787878673e-01 -3.090909090909090273e-01 -7.333333333333331705e-01 -2.363636363636363313e-01 1.818181818181818094e-02 1.030303030303030276e-01 -4.242424242424241293e-02 8.666666666666664742e-01 6.121212121212120660e-01 -4.303030303030302428e-01 8.545454545454543860e-01 -6.666666666666665186e-02 -3.030303030303030040e-02 -9.090909090909088386e-02 -1.999999999999999833e-01 9.090909090909088386e-02 -3.454545454545454586e-01 -4.303030303030302428e-01 -5.515151515151515138e-01 -4.303030303030302428e-01 -4.424242424242423866e-01 -1.272727272727272596e-01 -6.484848484848483308e-01 6.606060606060605300e-01 -3.090909090909090273e-01 2.121212121212120993e-01 -2.242424242424242153e-01 -1.393939393939393756e-01 3.030303030303030040e-02
1.515151515151514916e-01 7.090909090909089940e-01 -1.151515151515151436e-01 3.333333333333332593e-01 2.121212121212120993e-01 3.696969696969696906e-01 9.999999999999998890e-01 7.878787878787878174e-02 1.757575757575757514e-01 1.818181818181818094e-02 1.878787878787878673e-01 -1.515151515151514916e-01 4.181818181818181546e-01 6.666666666666665186e-02 -1.151515151515151436e-01 -8.666666666666664742e-01 2.121212121212120993e-01 4.060606060606060108e-01 1.515151515151514916e-01 1.030303030303030276e-01 6.060606060606060601e-03 -1.636363636363636354e-01 -3.454545454545454586e-01 -1.030303030303030276e-01 -4.545454545454544748e-01 5.272727272727272263e-01 1.151515151515151436e-01 1.818181818181818094e-02 -1.515151515151514916e-01 1.030303030303030276e-01 6.666666666666665186e-02 1.757575757575757514e-01 1.272727272727272596e-01 -1.878787878787878673e-01 3.454545454545454586e-01 2.242424242424242153e-01 6.242424242424241543e-01 1.878787878787878673e-01 1.757575757575757514e-01 6.969696969696969058e-01 1.878787878787878673e-01 -2.484848484848484473e-01 -4.545454545454544748e-01 1.818181818181818094e-02 1.393939393939393756e-01 5.515151515151515138e-01 -1.878787878787878673e-01 -3.030303030303030040e-02 4.666666666666666186e-01 -3.030303030303030040e-02 -1.818181818181818094e-02 1.030303030303030276e-01 -5.454545454545454281e-02 7.878787878787878174e-02 2.727272727272727071e-01 -4.666666666666666186e-01 -1.636363636363636354e-01 1.515151515151514916e-01 3.030303030303030040e-02 -3.696969696969696906e-01 7.878787878787878174e-02 9.090909090909088386e-02 -6.666666666666665186e-02 6.848484848484848175e-01 -9.090909090909088386e-02 -6.666666666666665186e-02 9.090909090909088386e-02 1.818181818181818094e-02 -3.696969696969696906e-01 -5.454545454545454281e-02 -1.515151515151514916e-01 1.272727272727272596e-01 -6.666666666666665186e-02 6.363636363636362425e-01 -4.181818181818181546e-01 1.878787878787878673e-01 -7.939393939393938338e-01 -2.121212121212120993e-01 1.757575757575757514e-01 1.151515151515151436e-01 -3.030303030303030040e-02 4.303030303030302428e-01 5.454545454545454281e-02 1.393939393939393756e-01 -5.999999999999999778e-01 1.393939393939393756e-01 6.060606060606060601e-03 1.030303030303030276e-01 -3.454545454545454586e-01 3.696969696969696906e-01 -1.151515151515151436e-01 -1.636363636363636354e-01 1.878787878787878673e-01 1.818181818181818094e-02 3.333333333333332593e-01 -4.909090909090908506e-01 3.090909090909090273e-01 -1.757575757575757514e-01 -3.333333333333332593e-01 -6.727272727272726183e-01 -5.272727272727272263e-01 1.030303030303030276e-01 3.090909090909090273e-01 2.606060606060606188e-01 2.121212121212120993e-01 -6.969696969696969058e-01 -2.484848484848484473e-01 -5.272727272727272263e-01 1.999999999999999833e-01 1.757575757575757514e-01 -6.969696969696969058e-01 -2.363636363636363313e-01 -5.515151515151515138e-01 7.878787878787878174e-02 -6.060606060606060601e-03 -5.393939393939393145e-01 -4.666666666666666186e-01 1.030303030303030276e-01 -1.878787878787878673e-01 -5.454545454545454281e-02 2.606060606060606188e-01 -6.848484848484848175e-01 -4.424242424242423866e-01 -1.636363636363636354e-01 5.272727272727272263e-01 -1.393939393939393756e-01 -3.030303030303030040e-02 -2.363636363636363313e-01 1.999999999999999833e-01 1.030303030303030276e-01 -1.878787878787878673e-01 1.030303030303030276e-01 -1.030303030303030276e-01 4.060606060606060108e-01 1.515151515151514916e-01 -2.848484848484848508e-01 -5.757575757575756903e-01 -5.515151515151515138e-01 3.696969696969696906e-01
2.363636363636363313e-01 5.454545454545454281e-02 -2.121212121212120993e-01 -3.939393939393939226e-01 -3.696969696969696906e-01 7.090909090909089940e-01 7.878787878787878174e-02 9.999999999999998890e-01 2.363636363636363313e-01 6.727272727272726183e-01 1.818181818181818094e-02 1.636363636363636354e-01 5.272727272727272263e-01 -3.090909090909090273e-01 -4.787878787878787068e-01 -2.121212121212120993e-01 -2.363636363636363313e-01 3.030303030303030040e-02 3.090909090909090273e-01 1.878787878787878673e-01 -8.060606060606059220e-01 -6.121212121212120660e-01 -4.545454545454544748e-01 7.818181818181817455e-01 1.636363636363636354e-01 4.303030303030302428e-01 9.030303030303028500e-01 9.151515151515151603e-01 2.969696969696969391e-01 -2.848484848484848508e-01 -2.121212121212120993e-01 7.333333333333331705e-01 -4.909090909090908506e-01 -3.696969696969696906e-01 -6.666666666666665186e-02 2.969696969696969391e-01 -5.878787878787877785e-01 -4.666666666666666186e-01 9.030303030303028500e-01 5.454545454545454281e-02 -6.606060606060605300e-01 -9.090909090909088386e-02 -3.454545454545454586e-01 7.454545454545453698e-01 -2.727272727272727071e-01 -1.151515151515151436e-01 -3.212121212121211711e-01 4.545454545454544748e-01 -3.212121212121211711e-01 -2.848484848484848508e-01 8.666666666666664742e-01 3.696969696969696906e-01 -1.151515151515151436e-01 5.757575757575756903e-01 -2.121212121212120993e-01 6.666666666666665186e-02 6.666666666666665186e-02 3.030303030303030040e-02 -7.454545454545453698e-01 2.121212121212120993e-01 5.515151515151515138e-01 6.121212121212120660e-01 1.151515151515151436e-01 3.939393939393939226e-01 1.151515151515151436e-01 7.212121212121210823e-01 7.090909090909089940e-01 -1.030303030303030276e-01 -3.030303030303030040e-02 3.090909090909090273e-01 -3.939393939393939226e-01 9.393939393939393367e-01 3.818181818181818343e-01 2.121212121212120993e-01 -2.606060606060606188e-01 9.272727272727272485e-01 -3.696969696969696906e-01 7.090909090909089940e-01 3.090909090909090273e-01 3.575757575757575468e-01 1.272727272727272596e-01 5.515151515151515138e-01 9.393939393939393367e-01 -1.393939393939393756e-01 9.090909090909088386e-02 -4.424242424242423866e-01 -9.090909090909088386e-02 5.454545454545454281e-02 -5.999999999999999778e-01 -1.878787878787878673e-01 8.424242424242422977e-01 3.030303030303030040e-02 3.212121212121211711e-01 -1.393939393939393756e-01 -5.757575757575756903e-01 -3.090909090909090273e-01 -2.242424242424242153e-01 -3.454545454545454586e-01 -7.878787878787878174e-02 1.757575757575757514e-01 2.848484848484848508e-01 6.727272727272726183e-01 2.969696969696969391e-01 -3.818181818181818343e-01 1.999999999999999833e-01 -7.878787878787878174e-02 8.060606060606059220e-01 -3.454545454545454586e-01 8.545454545454543860e-01 3.333333333333332593e-01 -3.818181818181818343e-01 -2.848484848484848508e-01 -4.181818181818181546e-01 -3.575757575757575468e-01 2.121212121212120993e-01 1.878787878787878673e-01 3.030303030303030040e-02 8.303030303030302095e-01 6.969696969696969058e-01 -5.454545454545454281e-02 9.515151515151514250e-01 9.090909090909088386e-02 -2.969696969696969391e-01 -5.636363636363636020e-01 -2.727272727272727071e-01 3.818181818181818343e-01 -2.727272727272727071e-01 -1.151515151515151436e-01 -5.757575757575756903e-01 -5.757575757575756903e-01 -9.090909090909088386e-02 -6.727272727272726183e-01 -8.424242424242422977e-01 3.030303030303030040e-02 -1.393939393939393756e-01 4.060606060606060108e-01 1.151515151515151436e-01 4.242424242424241293e-02 -6.363636363636362425e-01
4.181818181818181546e-01 1.636363636363636354e-01 3.333333333333332593e-01 3.030303030303030040e-02 2.121212121212120993e-01 -1.151515151515151436e-01 1.757575757575757514e-01 2.363636363636363313e-01 9.999999999999998890e-01 1.030303030303030276e-01 2.363636363636363313e-01 6.484848484848483308e-01 6.060606060606060601e-03 -1.757575757575757514e-01 1.151515151515151436e-01 -3.575757575757575468e-01 -1.393939393939393756e-01 -1.151515151515151436e-01 -4.303030303030302428e-01 7.939393939393938338e-01 -3.818181818181818343e-01 2.121212121212120993e-01 1.878787878787878673e-01 4.060606060606060108e-01 -2.848484848484848508e-01 1.272727272727272596e-01 2.242424242424242153e-01 5.454545454545454281e-02 2.848484848484848508e-01 -1.515151515151514916e-01 -3.090909090909090273e-01 3.575757575757575468e-01 -3.212121212121211711e-01 3.030303030303030040e-02 -2.242424242424242153e-01 3.212121212121211711e-01 1.030303030303030276e-01 -3.818181818181818343e-01 4.666666666666666186e-01 9.090909090909088386e-02 -2.242424242424242153e-01 -1.030303030303030276e-01 -1.878787878787878673e-01 9.090909090909088386e-02 -5.030303030303029388e-01 -3.212121212121211711e-01 -5.757575757575756903e-01 1.757575757575757514e-01 -5.454545454545454281e-02 5.454545454545454281e-02 2.848484848484848508e-01 5.393939393939393145e-01 2.606060606060606188e-01 7.878787878787878174e-02 -3.030303030303030040e-02 4.303030303030302428e-01 2.606060606060606188e-01 -3.212121212121211711e-01 3.090909090909090273e-01 5.515151515151515138e-01 3.939393939393939226e-01 1.757575757575757514e-01 2.969696969696969391e-01 -1.818181818181818094e-02 -1.030303030303030276e-01 -7.878787878787878174e-02 6.484848484848483308e-01 -1.999999999999999833e-01 3.818181818181818343e-01 1.999999999999999833e-01 -6.363636363636362425e-01 4.424242424242423866e-01 1.757575757575757514e-01 -2.484848484848484473e-01 -3.030303030303030040e-02 -5.454545454545454281e-02 -2.121212121212120993e-01 3.030303030303030040e-02 7.878787878787878174e-02 4.242424242424241293e-02 3.333333333333332593e-01 -1.393939393939393756e-01 1.757575757575757514e-01 -2.727272727272727071e-01 -7.878787878787878174e-02 4.060606060606060108e-01 -1.272727272727272596e-01 4.666666666666666186e-01 -1.757575757575757514e-01 -1.515151515151514916e-01 3.696969696969696906e-01 2.484848484848484473e-01 -2.484848484848484473e-01 2.363636363636363313e-01 -1.636363636363636354e-01 4.303030303030302428e-01 -2.848484848484848508e-01 2.606060606060606188e-01 -1.757575757575757514e-01 -1.999999999999999833e-01 -2.606060606060606188e-01 6.363636363636362425e-01 1.151515151515151436e-01 -1.030303030303030276e-01 6.666666666666665186e-02 -4.181818181818181546e-01 1.393939393939393756e-01 1.393939393939393756e-01 2.848484848484848508e-01 -3.696969696969696906e-01 -5.272727272727272263e-01 1.030303030303030276e-01 4.242424242424241293e-02 -4.303030303030302428e-01 3.939393939393939226e-01 -1.030303030303030276e-01 -2.848484848484848508e-01 5.454545454545454281e-02 -2.969696969696969391e-01 8.545454545454543860e-01 9.090909090909088386e-02 -1.999999999999999833e-01 -3.212121212121211711e-01 -4.060606060606060108e-01 2.363636363636363313e-01 -6.666666666666665186e-02 -1.515151515151514916e-01 5.999999999999999778e-01 -1.818181818181818094e-02 -2.727272727272727071e-01 2.363636363636363313e-01 -2.848484848484848508e-01 -1.272727272727272596e-01 -1.151515151515151436e-01 -3.030303030303030040e-02 -1.818181818181818094e-02 -4.242424242424241293e-02 3.030303030303030040e-02 -2.727272727272727071e-01
5.272727272727272263e-01 -1.636363636363636354e-01 -3.212121212121211711e-01 -5.757575757575756903e-01 -3.333333333333332593e-01 3.090909090909090273e-01 1.818181818181818094e-02 6.727272727272726183e-01 1.030303030303030276e-01 9.999999999999998890e-01 -1.757575757575757514e-01 -6.060606060606060601e-03 2.121212121212120993e-01 -4.242424242424241293e-02 -5.454545454545454281e-02 1.818181818181818094e-02 -2.484848484848484473e-01 -1.999999999999999833e-01 1.393939393939393756e-01 4.242424242424241293e-02 -5.272727272727272263e-01 -5.030303030303029388e-01 -4.787878787878787068e-01 6.242424242424241543e-01 2.242424242424242153e-01 3.575757575757575468e-01 8.060606060606059220e-01 8.545454545454543860e-01 1.878787878787878673e-01 -7.090909090909089940e-01 -4.303030303030302428e-01 6.121212121212120660e-01 -2.242424242424242153e-01 1.757575757575757514e-01 -5.454545454545454281e-02 5.636363636363636020e-01 -5.151515151515151381e-01 -1.393939393939393756e-01 7.696969696969696573e-01 -9.090909090909088386e-02 -4.909090909090908506e-01 -7.333333333333331705e-01 -7.575757575757574580e-01 7.939393939393938338e-01 7.878787878787878174e-02 3.818181818181818343e-01 -2.969696969696969391e-01 6.666666666666665186e-02 6.666666666666665186e-02 -3.939393939393939226e-01 4.545454545454544748e-01 5.515151515151515138e-01 1.818181818181818094e-02 -1.818181818181818094e-02 3.818181818181818343e-01 5.454545454545454281e-02 3.454545454545454586e-01 -2.363636363636363313e-01 -5.272727272727272263e-01 3.090909090909090273e-01 4.424242424242423866e-01 3.696969696969696906e-01 4.181818181818181546e-01 2.727272727272727071e-01 1.030303030303030276e-01 4.909090909090908506e-01 5.878787878787877785e-01 2.606060606060606188e-01 -2.363636363636363313e-01 8.666666666666664742e-01 -6.666666666666665186e-02 6.121212121212120660e-01 -5.454545454545454281e-02 1.515151515151514916e-01 -4.242424242424241293e-02 6.969696969696969058e-01 -2.484848484848484473e-01 4.545454545454544748e-01 3.939393939393939226e-01 6.060606060606060601e-03 4.242424242424241293e-02 1.878787878787878673e-01 7.212121212121210823e-01 -2.848484848484848508e-01 4.242424242424241293e-02 -5.151515151515151381e-01 -1.818181818181818094e-02 2.969696969696969391e-01 -4.424242424242423866e-01 -2.969696969696969391e-01 5.636363636363636020e-01 3.090909090909090273e-01 4.181818181818181546e-01 -9.090909090909088386e-02 -4.060606060606060108e-01 -2.969696969696969391e-01 -1.818181818181818094e-02 -6.727272727272726183e-01 -1.151515151515151436e-01 5.454545454545454281e-02 1.393939393939393756e-01 4.181818181818181546e-01 4.909090909090908506e-01 -5.454545454545454281e-02 -6.060606060606060601e-03 -3.212121212121211711e-01 4.060606060606060108e-01 -2.606060606060606188e-01 4.666666666666666186e-01 3.696969696969696906e-01 -4.181818181818181546e-01 -2.484848484848484473e-01 -2.727272727272727071e-01 4.242424242424241293e-02 6.242424242424241543e-01 -1.757575757575757514e-01 9.090909090909088386e-02 5.757575757575756903e-01 7.212121212121210823e-01 3.030303030303030040e-02 6.242424242424241543e-01 3.030303030303030040e-02 -5.999999999999999778e-01 -8.303030303030302095e-01 -3.030303030303030040e-02 2.363636363636363313e-01 4.242424242424241293e-02 -1.878787878787878673e-01 -1.878787878787878673e-01 -2.242424242424242153e-01 2.363636363636363313e-01 -4.545454545454544748e-01 -8.787878787878787845e-01 -1.999999999999999833e-01 -2.848484848484848508e-01 1.636363636363636354e-01 -1.272727272727272596e-01 -2.606060606060606188e-01 -5.636363636363636020e-01
9.090909090909088386e-02 1.818181818181818094e-02 -3.212121212121211711e-01 3.575757575757575468e-01 -2.848484848484848508e-01 -1.393939393939393756e-01 1.878787878787878673e-01 1.818181818181818094e-02 2.363636363636363313e-01 -1.757575757575757514e-01 9.999999999999998890e-01 2.363636363636363313e-01 -3.030303030303030040e-02 -2.727272727272727071e-01 -1.757575757575757514e-01 -1.151515151515151436e-01 4.242424242424241293e-02 -1.818181818181818094e-02 1.272727272727272596e-01 4.787878787878787068e-01 -1.818181818181818094e-02 4.303030303030302428e-01 1.393939393939393756e-01 3.696969696969696906e-01 -2.848484848484848508e-01 -1.636363636363636354e-01 -6.060606060606060601e-03 -1.151515151515151436e-01 -1.999999999999999833e-01 3.454545454545454586e-01 3.939393939393939226e-01 -3.696969696969696906e-01 1.818181818181818094e-02 -1.151515151515151436e-01 9.090909090909088386e-02 4.181818181818181546e-01 2.969696969696969391e-01 -2.121212121212120993e-01 -1.393939393939393756e-01 -1.757575757575757514e-01 -3.333333333333332593e-01 9.090909090909088386e-02 1.818181818181818094e-02 -1.878787878787878673e-01 -3.939393939393939226e-01 -1.757575757575757514e-01 -5.757575757575756903e-01 1.272727272727272596e-01 -4.242424242424241293e-02 3.090909090909090273e-01 -2.606060606060606188e-01 -4.242424242424241293e-02 -5.272727272727272263e-01 -3.696969696969696906e-01 3.030303030303030040e-02 6.666666666666665186e-02 -5.151515151515151381e-01 -4.242424242424241293e-02 1.393939393939393756e-01 6.060606060606060601e-03 1.272727272727272596e-01 -1.151515151515151436e-01 1.999999999999999833e-01 -1.515151515151514916e-01 -8.303030303030302095e-01 -1.757575757575757514e-01 -5.454545454545454281e-02 -5.454545454545454281e-02 2.727272727272727071e-01 -3.575757575757575468e-01 -1.757575757575757514e-01 1.272727272727272596e-01 -7.878787878787878174e-02 -6.060606060606060601e-03 -1.757575757575757514e-01 -1.151515151515151436e-01 -4.787878787878787068e-01 -3.939393939393939226e-01 -1.272727272727272596e-01 2.121212121212120993e-01 -3.454545454545454586e-01 -3.030303030303030040e-02 -4.242424242424241293e-02 6.060606060606060601e-03 5.454545454545454281e-02 2.969696969696969391e-01 -1.272727272727272596e-01 1.515151515151514916e-01 -3.818181818181818343e-01 4.242424242424241293e-02 -3.696969696969696906e-01 6.060606060606060601e-03 2.363636363636363313e-01 4.242424242424241293e-02 2.727272727272727071e-01 1.878787878787878673e-01 1.757575757575757514e-01 4.060606060606060108e-01 -6.666666666666665186e-02 -1.878787878787878673e-01 -4.424242424242423866e-01 5.151515151515151381e-01 7.878787878787878174e-02 1.151515151515151436e-01 3.090909090909090273e-01 -3.818181818181818343e-01 -3.696969696969696906e-01 1.515151515151514916e-01 -7.878787878787878174e-02 2.242424242424242153e-01 -5.030303030303029388e-01 2.242424242424242153e-01 3.939393939393939226e-01 1.151515151515151436e-01 -5.151515151515151381e-01 -2.484848484848484473e-01 4.242424242424241293e-02 -3.333333333333332593e-01 -3.030303030303030040e-02 1.757575757575757514e-01 -4.242424242424241293e-02 1.818181818181818094e-02 -2.848484848484848508e-01 6.666666666666665186e-02 1.515151515151514916e-01 -7.878787878787878174e-02 -3.333333333333332593e-01 2.727272727272727071e-01 -3.090909090909090273e-01 -3.333333333333332593e-01 -3.818181818181818343e-01 -4.060606060606060108e-01 2.606060606060606188e-01 -1.818181818181818094e-02 5.030303030303029388e-01 -1.757575757575757514e-01 4.303030303030302428e-01 -4.060606060606060108e-01 -1.393939393939393756e-01
