1.000000000000000000e+00 3.355414921543510565e-02 3.525823144262728026e-01 5.503504103729846102e-03 8.592439862377605417e-03 1.728448705893209170e-03 3.332794753222709933e-03 5.711686896239336324e-04 2.448740279569030717e-02 5.751509857020636017e-03 3.087663944188931420e-01 8.826408424620508023e-03 2.985998138134771974e-03 6.990586864393860678e-01 1.695839321091778193e-02 1.967008248448305907e-01 1.386807354612267645e-02 1.671211167325432727e-03 1.727774465124970937e-03 2.267699630048675835e-02 7.075027246459585362e-01 7.315362764274053742e-01 3.364508148268809812e-02 3.310520662450637530e-02 5.534430428156922321e-01 7.576914028148737934e-01 7.689542582080670721e-03 1.514406460934916796e-03 3.441420361890298873e-02 4.767258950245022164e-02 3.670381948659410393e-02 2.116712335001309873e-03 1.136845440260787626e-01 7.028889587496419677e-01 4.064805860557449413e-02 6.990748413746159518e-01 5.225280553675173273e-02 7.039704765193469660e-01 8.661685911831480678e-04 4.008468972658926072e-02 7.240014154917241429e-01 6.879370872693769783e-03 7.090767808936021543e-01 5.779154176497267210e-03 1.679777748555660866e-02 2.534056938158750494e-02 4.622729864179737913e-02 1.254031565208662928e-03 7.018970297300788364e-01 3.267020492750118826e-02 1.128988107316228427e-03 7.030861413047743147e-01 6.591885296292049334e-01 2.082973184273049193e-03 7.098825239136443699e-01 8.682001874151074050e-02 6.968378527040630654e-01 2.163942657793659421e-02 4.527276708764209345e-02 2.282052058112778170e-01 9.241980722137076165e-02 1.360049365627756046e-03 1.475291681417385536e-01 6.911739839143130615e-01 4.316305791573662454e-01 1.331499546371422114e-02 2.314411464788927383e-02 2.455220524750967998e-02 1.961506218706079302e-03 1.600365862608522233e-02 6.119612969119807566e-01 2.580078696289509095e-03 2.324779729256929925e-03 2.180154450259568777e-01 5.983088402165305242e-01 1.054497051112808373e-03 3.147725160393226029e-01 6.833512921476485313e-04 4.102030662130500167e-03 6.855654787212070791e-03 7.005592571582641703e-01 1.340389456432891473e-03 7.349240129244449067e-04 7.090346081219862651e-01 6.156514280031423203e-01 3.603264321747458032e-01 6.980097423864543016e-01 5.722348664548343455e-02 9.573305542455839978e-02 7.591833688782418342e-03 9.878522910286484469e-04 6.413921338727349153e-02 1.332664106816558534e-03 7.086001109055052316e-01 9.430099303189810878e-02 6.092026057559087882e-01 1.008524392031078139e-02 1.622127879353615432e-03 4.988620250918241947e-03 7.012754319742374731e-01 5.266946042926824202e-03 3.242533709738088746e-03 9.437883979419281477e-01 1.258194780704747218e-01 1.039986608667470280e-02 5.487002321507400068e-03 1.706486201518521385e-03 7.525253619528049498e-02 6.341484114095575532e-03 1.262713063430327860e-02 2.261341388898169356e-03 6.909125662010283516e-04 7.076040646702536074e-01 6.064407983033104528e-03 7.672252616486607488e-03 2.557001310853221788e-03 1.608069124308178716e-03 3.236110278008785205e-03 7.641102589187057960e-03 4.391517876903456297e-01 1.426758885138845875e-03 2.344547462102121449e-02 1.107703324464399779e-02 5.875976613926131055e-03 7.223087415156453917e-01 3.991134551675450462e-03 7.051768881445182879e-01 4.098510326679259685e-02 7.163863710696312115e-01 7.037666133016310388e-01 6.982258982730698005e-01 7.175399645818336669e-01 4.833032613029352234e-03 1.476870010820818552e-03 3.046295472587834830e-03 9.520106823073333849e-03 5.680863964866558063e-02 4.637830791742618697e-01 2.508398970575381401e-02
3.355414921543510565e-02 1.000000000000000000e+00 1.313637358115903563e-02 2.552349031171087827e-04 1.070983231979824200e-03 6.317949472157070173e-03 2.427426837568202600e-01 7.789142346867943207e-04 2.629715831318832700e-03 8.493210067974026967e-04 1.250261532047634849e-02 3.569390005810390881e-04 2.199825404202845544e-02 2.178369207448625777e-02 7.919172779886966829e-02 3.878880464965742039e-03 1.556183025693929885e-03 3.707908747037361175e-02 2.771961725644481005e-03 3.045579862623088059e-03 5.275550293986668721e-02 3.426768996240156517e-02 1.877817997466274666e-03 1.323685334178500636e-02 1.956471166852673596e-02 1.252052831149912671e-01 3.750632691716234476e-03 8.856359248899175422e-04 1.657708859060860350e-03 9.755743271736345978e-03 1.667813001366974654e-03 3.957688561080085175e-03 5.076980715965451890e-03 2.228484539522715066e-02 2.572449757529446379e-01 2.100984851888331242e-02 2.243011127131119553e-01 2.111342163021773591e-02 1.732364788049509672e-03 1.992159100754209433e-01 4.425503171499910876e-02 7.908146878378002073e-04 2.362236129237190937e-02 8.278517644092286227e-04 2.405388741884228424e-04 1.820950835915184363e-01 5.372994327887774084e-03 1.478135360758970219e-03 1.195567937194186720e-01 9.876334325334644709e-04 1.484913981796198842e-03 2.133766299589655996e-02 2.126351959616712764e-02 1.917553303377581746e-03 2.200703261206917935e-02 3.964934186059670962e-03 2.118807121678093625e-02 4.828398714955950584e-03 3.692107740786077039e-03 9.454393431801018724e-03 5.212040170288615056e-03 8.776564239774759663e-03 2.025514176617795314e-01 1.175517454308757925e-01 1.525587071104979840e-02 2.039601517031536769e-03 6.257647873951224619e-03 1.080930972781068630e-02 2.010468024026145666e-04 2.093698484301940738e-03 2.032303690837020116e-02 1.804276686411040694e-03 1.533637569529006442e-03 3.913582348955327306e-01 1.944864144844493312e-02 1.496542516555424531e-03 1.192846607754938226e-02 8.074013438792840064e-04 1.990816685896051180e-02 1.043470218937441645e-03 2.141602811875854481e-02 6.828403169439181686e-03 1.173527070260385347e-03 2.780805827953306691e-02 1.844493751950509672e-02 1.321911331917023473e-02 2.221026414962831014e-02 1.558695985116332894e-01 4.654946118651268581e-03 3.368644299491346805e-02 1.234498660779324592e-03 1.505788902129190920e-01 3.259602867616526699e-03 2.212752719799568682e-02 6.312054429756552495e-03 1.987851029973606437e-02 4.252976012656821229e-03 1.150989143050276724e-04 3.325064209433353552e-04 2.362458713090019591e-02 4.647652612900548728e-04 4.330746450773025904e-04 2.657016524079516134e-02 2.629343820716249502e-01 6.756507731728518540e-02 1.157301937176407128e-03 1.136577263417394394e-03 6.482581342086334367e-03 5.537839011492154580e-03 3.753550582750745518e-02 2.225959701603501056e-04 6.158000465636936894e-05 2.451165218490510000e-02 4.943538398362910347e-05 1.567996481793583474e-02 2.426894483842592263e-04 1.583068419263943634e-04 6.148043240691173326e-03 8.374574754303478266e-03 1.605068914387631704e-02 3.412453167992772658e-03 1.201684436965723976e-03 5.681274337375349058e-04 9.881211823000899622e-04 2.341162845664427131e-02 6.110322249959284236e-04 2.175619241684412578e-02 1.953575498127550422e-03 2.399381318961371981e-02 2.124574616376731853e-02 2.134914222747479051e-02 4.472061190626729077e-02 4.081887483992433234e-04 1.550803389280539478e-02 1.477911818794566538e-04 3.956829255387547296e-03 2.967936720386260638e-03 1.694373254575617244e-02 3.117144446831126570e-01
3.525823144262728026e-01 1.313637358115903563e-02 1.000000000000000000e+00 2.467879580234382322e-02 6.156746493614589574e-03 1.107038108653805863e-03 1.529410967900469770e-03 4.509949544418425348e-04 1.498527383526013050e-02 1.964024828642853965e-03 2.071089016113550063e-01 6.374556136994662114e-03 1.814972871945366804e-03 5.029531933519227893e-01 8.108799825488077068e-03 4.720135371096095822e-02 2.665348114303756066e-02 1.311968504958989715e-03 2.137866330075762226e-04 1.382596526590426991e-02 4.537691924577342273e-01 4.927522471068592202e-01 2.655427993240166290e-02 2.619117528852206792e-02 8.865397226299658318e-01 3.103472331512123761e-01 5.794455207103652375e-03 8.640716460864693738e-04 2.068242663351416502e-02 2.040123524627071305e-01 2.819805332961768385e-01 9.102693239351468358e-04 8.088481160303988282e-02 5.031350466573601965e-01 8.778449156788601868e-03 4.985063666250053038e-01 3.042643580141807594e-02 5.002317071649916569e-01 6.717025233001378557e-04 1.748114490884417060e-02 4.788311601579389176e-01 2.420394844097828457e-02 5.403321519202894940e-01 6.905741545964479318e-03 6.229985623398651444e-04 1.296743750651006832e-02 1.860659296979179089e-01 1.886198590862819564e-03 2.735537315140999515e-01 8.466555127325904595e-02 1.080555951326079515e-03 5.013312928495603504e-01 4.777045658414802443e-01 2.275261473001951185e-03 5.063038304045099913e-01 5.323945577297548720e-02 5.032571252986072219e-01 2.388021372655562205e-02 3.281840058444813329e-02 1.495232478803071308e-01 3.473964748187336610e-02 7.410721934117427395e-04 7.098028739753477201e-02 3.450715433468529714e-01 3.309822742665428641e-01 1.038498446240706911e-02 1.185087488224489255e-02 1.098368335099242782e-01 1.327896431067487979e-03 3.424455136207226781e-03 8.113379597544980726e-01 1.481442067375285171e-03 1.761803795190192059e-03 6.810961947177025799e-02 4.294859591778694141e-01 7.249439683315683867e-04 9.958587661928470780e-01 5.914384503965479769e-04 1.710419359879169132e-03 8.081877589397847700e-03 5.035704887937999530e-01 9.207376601249396596e-04 6.315946405173006274e-04 5.017216148216830929e-01 6.378699988761040718e-01 2.530337443041661416e-01 5.029049855370829603e-01 2.622184867301788694e-02 7.087853579450338337e-01 3.187911369033691062e-03 7.945425148669168656e-04 1.344507881151265488e-02 5.078167054701157200e-04 5.003887422375290495e-01 6.360324722918692109e-01 4.451553854063370341e-01 1.006635455566955509e-02 1.287987750015672601e-03 4.091125779396162336e-03 5.728968644545442412e-01 1.298088590845744052e-02 2.546394500925360221e-03 4.455350019993746802e-01 2.032731305816110404e-02 5.371370485599612915e-03 3.413088350389343467e-02 1.846759270689775833e-03 4.430732242662291376e-02 5.131133422214365428e-03 5.574434640018894292e-03 1.197350424227306212e-02 6.220180492893271837e-04 6.197695763441510852e-01 1.634137132971349559e-04 3.548314500377415179e-03 1.164485516085613306e-02 1.354832065920255103e-02 1.789242349698852473e-03 3.231021738023113696e-03 3.126105695923043215e-01 9.427485072290446621e-04 6.541158490969274653e-02 2.347481826078141320e-01 5.175415027182663635e-02 5.002165727857138533e-01 5.687014368969255974e-03 5.002167223077638170e-01 2.605172739667130019e-02 5.029305528863374786e-01 4.997643948996626784e-01 5.000219117960768012e-01 4.979923208977529159e-01 1.170490800158584671e-01 7.226120878916164831e-04 9.173500226777583921e-03 1.136647844813823763e-02 2.740175309514339408e-01 4.164960689876400224e-01 1.798455433479331095e-02
5.503504103729846102e-03 2.552349031171087827e-04 2.467879580234382322e-02 1.000000000000000000e+00 5.529762328733543611e-05 1.920259888399210974e-04 6.693600794002991085e-05 3.207530290959705434e-04 1.254850212483538639e-02 3.785594565819711162e-04 9.708956752723584341e-03 2.580783016082308784e-02 6.755553755067152328e-05 4.118036096008212063e-03 9.076306028616418827e-05 2.973063539807039527e-03 6.993471551358712013e-01 3.484327314096354673e-05 2.490213058648428661e-05 8.672804155510867308e-03 4.073449488450611375e-03 4.356586778811143146e-03 3.618711995455494010e-04 8.443494152994246438e-02 1.369095475665528180e-02 5.748708495527049024e-03 6.622837849045579844e-03 4.106379203184646579e-04 3.273245258583401475e-04 1.168446454187743178e-01 1.260365224858231159e-01 3.135951836983628450e-04 9.612670129048680621e-04 4.181327107551927741e-03 1.807808198849400103e-04 4.053447403666014630e-03 3.962040284602675526e-04 3.997477698848748116e-03 3.084635446073545791e-04 2.583105035120461697e-04 4.185362999589352026e-03 9.907249961833176910e-02 4.711705157622483701e-03 4.107717649786003788e-02 5.344730377116344781e-05 2.814244462354582605e-04 5.882107983417738523e-02 2.851678538903648120e-03 3.384098513533234480e-03 7.730971830152597590e-01 6.251371329227621001e-04 3.998652459466964584e-03 4.085672951662218909e-03 1.171492814736899634e-04 4.077151298764133437e-03 2.902784033632217504e-03 3.996950361919351241e-03 2.366716447454069450e-01 4.181392793425370465e-04 3.935462166233145119e-03 3.770198596316327172e-02 5.213491051688621836e-05 8.803760244922786363e-04 5.280262706595100115e-03 3.178962645712146099e-03 5.136201004378539159e-02 2.190987849392570658e-02 3.833474015490002246e-02 3.700682182238799198e-04 1.089660285936976000e-04 1.121090876566388679e-02 1.671151925745186081e-03 3.583199120249880385e-04 1.860963652648213668e-03 3.733162670487317081e-03 4.043656597516154358e-04 2.563890198919809363e-02 4.118811918887519677e-04 7.191329060348142439e-05 1.586067830527672917e-01 4.049514487791586355e-03 9.651185981453857588e-05 5.555514057750633380e-04 4.540812170414144575e-03 4.337566406774782252e-02 3.360250851597640018e-03 4.138397234866956001e-03 3.138471749856937601e-04 3.802015483866402756e-02 7.405686280296315972e-05 5.772176861818711837e-04 3.851951671754538873e-04 1.765612700965733003e-05 4.032815901351634313e-03 4.125877824895349960e-02 3.841319153851217513e-03 2.478152828039132337e-04 2.307757174384176060e-05 6.988225922960625226e-05 5.525790295143043727e-03 4.382041082991730389e-03 6.197862465320473635e-02 5.079992495960394469e-03 5.316900512061390740e-04 2.448412034515036191e-04 1.463042418047419586e-02 5.111159221601375589e-04 1.363619445376046532e-03 6.205343974123562513e-03 7.433413437071322103e-04 1.429218855043291707e-03 2.794430732884131268e-05 6.523861098381465891e-03 1.730665147413567835e-05 1.315974255324592931e-04 3.717495587796907416e-03 3.748350034164737998e-03 6.531647249737594337e-04 4.190169036990001547e-04 3.131480223945975767e-03 3.598405992813168424e-04 6.175435165737212968e-03 2.893010842164955160e-02 5.127381297751106189e-03 4.263772505574798914e-03 2.867636550735386258e-02 4.193427971711654288e-03 1.026899902501889582e-03 4.214130332143900884e-03 4.025220241602627154e-03 4.080685932664381184e-03 4.610568084952718255e-03 2.528652333125707558e-02 1.360790868170223036e-05 8.804447271126115693e-01 8.352712409073646815e-02 5.404160868466077738e-02 4.783179347683157168e-02 3.386646440159978878e-04
8.592439862377605417e-03 1.070983231979824200e-03 6.156746493614589574e-03 5.529762328733543611e-05 1.000000000000000000e+00 3.723203872175863231e-03 1.694257184450849842e-04 8.341116921017331393e-04 1.125945933054807837e-03 4.081500949395302363e-02 4.902508849885023334e-03 1.469080284071754938e-04 5.517908318669924837e-03 1.116149252821679004e-02 7.318056592855912666e-03 8.339021535907998814e-04 2.231756196834319727e-04 1.020644201826852344e-03 3.149004498258074268e-06 7.012953368448235185e-04 1.320158921891011888e-02 1.264513805482363196e-02 7.804158444295931051e-04 1.840610418055594385e-03 9.552414323261286186e-03 1.375359201506628354e-02 2.436304808302118194e-03 6.232550735270884872e-03 5.106532681182063662e-04 1.368596848097230166e-03 4.381954883886248452e-04 2.349661744704621658e-04 2.135178255263073428e-03 1.164199811618111570e-02 1.210314778006213801e-03 1.088848723012740029e-02 2.466286053997729290e-03 1.101037796612414944e-02 7.077694381847106494e-04 1.439026965823072060e-03 1.282992532556505132e-02 1.841312320493438813e-04 1.165029925551989108e-02 1.105033148504316540e-02 1.574262483194004630e-05 5.759618417675569681e-03 1.071014860010403294e-03 7.210748943207943287e-04 1.044980580797210193e-02 2.360505023000463289e-04 1.150195088718628487e-03 1.071568327285442671e-02 1.056372059738404541e-02 5.013285758738911030e-05 1.152334224490924805e-02 1.419856114114365466e-03 1.098708341009596058e-02 1.578345771947995205e-03 9.048626128674981629e-04 3.463321250591211951e-03 8.497742337676226360e-04 2.371403709880835764e-03 1.809613295648190845e-02 1.786056808215153585e-02 6.991981943673618825e-03 5.097495601157508820e-03 7.012017755118324152e-04 7.951450302854768488e-04 3.690381603709935298e-05 3.515253855862876531e-02 1.018190418216293955e-02 1.319288649112870110e-02 1.690615610022539340e-03 4.290844927097101601e-03 9.374900751006599170e-03 2.294003694145253184e-03 5.488695731715844198e-03 6.609002825777869801e-04 1.754581719045814753e-02 8.482052571107638736e-05 1.100199035614022637e-02 3.993271193638288190e-03 1.184569540148272798e-03 1.272468221210725989e-02 5.835894934351365700e-03 5.736453675577660519e-03 1.159612287541741775e-02 2.466705240035295052e-02 1.799642074625287455e-03 1.449357711890835246e-02 1.244691518371448006e-03 1.070275319800461679e-02 3.065605617840249855e-05 1.103776620991357878e-02 2.000792543145012842e-03 9.681239349077714121e-03 3.426470561558313949e-02 3.570299615638265414e-05 6.947309523412186459e-03 1.227482521860787969e-02 1.175915265200787904e-04 2.843430222559292482e-04 1.022459148987110364e-02 1.549923676585883599e-03 1.241078801966426053e-02 8.578218971029236703e-04 6.418006719585960668e-05 1.290671142051094157e-03 9.336753244125564968e-03 5.741636813618508986e-03 5.801376152642415650e-05 2.197588783715619264e-05 1.243962598600086532e-02 3.688940611455352197e-06 3.783556010180472769e-03 2.933593473744013601e-04 6.084790079557902010e-05 3.547355557715064535e-03 3.434758656230917691e-03 7.010590435189614084e-03 1.606314902339259698e-03 7.164223842535656856e-04 2.150955091607349495e-04 2.104744149569433634e-04 1.134937474128505132e-02 9.409935382053792379e-04 1.098822344075861893e-02 6.027838759162108383e-04 1.154895868720710005e-02 1.128309751429366903e-02 1.132728043907040016e-02 1.450909115388651638e-02 1.258911884758921924e-04 4.951375999067262126e-03 2.736053812642482138e-05 8.126293403527686888e-04 9.963162208770899673e-04 6.385295883540666011e-03 1.311933728055007494e-03
1.728448705893209170e-03 6.317949472157070173e-03 1.107038108653805863e-03 1.920259888399210974e-04 3.723203872175863231e-03 1.000000000000000000e+00 4.199471830792465138e-02 5.962265625451251827e-01 1.494381934790139097e-03 3.442077762799628654e-02 1.041828293546574052e-03 1.640003527840519189e-04 7.663155307641479341e-01 1.180540726916360977e-03 4.859272120004789509e-03 3.053586059328147924e-03 7.078207790575662432e-04 1.544046908024048481e-01 5.888328916384966139e-04 9.138462982638267821e-04 1.563768304919850322e-03 1.438785827956636995e-03 4.168973156181059810e-04 4.656765680128892998e-02 1.366425911468411268e-03 9.836754210177127075e-03 3.003897116806474310e-01 3.302681211939558215e-01 1.611501110624668815e-04 5.081963561205586448e-03 3.189089273333488533e-04 2.490049240093010485e-01 3.026747626298048025e-04 1.290078143355118633e-03 1.243586290362897438e-03 1.126476569794013574e-03 5.489670619411566622e-04 1.129618119064288578e-03 4.702749060546317916e-01 6.985402200936678685e-03 1.527375181976135636e-03 1.802161279372563102e-03 1.395116688204847992e-03 3.715262801497840051e-02 2.302365633618451120e-05 2.212081032584250258e-03 5.384028226329947743e-03 4.054755701281698710e-01 1.865805563527729366e-03 3.990224458611283612e-04 6.329503381948611285e-01 1.109164754359671674e-03 1.117386167933818054e-03 1.221908823485322593e-01 1.214509879630854602e-03 7.831556139554484439e-04 1.155901885057687272e-03 1.742380140317580789e-02 1.853930979702921218e-04 7.702288897203384997e-04 5.210669711510550368e-03 8.060101722436008309e-01 1.909214782468818261e-03 9.938980763454483697e-03 8.195597729245147336e-04 5.381351927922051886e-02 1.431824721955318215e-02 5.406338324720808518e-03 1.965133688677422256e-04 4.695313963455263750e-02 1.454562137379618704e-03 4.111704115589330799e-01 6.951530451850403136e-02 5.158472994056292893e-03 1.035019475044957667e-03 4.897485271173883103e-01 9.792398492097990730e-04 4.717098192941615031e-01 1.696859732330284476e-01 3.518520174018399758e-03 1.147626708910396429e-03 9.470089022194029260e-01 5.747098110902778556e-01 2.057197056165862951e-03 2.887241277055000062e-03 7.717904204747586981e-04 1.235470966221411488e-03 2.796586277739382051e-03 5.154556423148384196e-04 1.699070005053277821e-01 5.104549268143564467e-01 8.089318603704957408e-03 2.893744686346663708e-02 1.151913964510435347e-03 5.966743194408389607e-04 1.042398049711492237e-03 8.974409932344348459e-03 5.003959476423793445e-05 1.627854692057779332e-03 1.425555486994075716e-03 3.242197858336037797e-02 2.900174385302912126e-03 1.593577418236314823e-03 1.392456739452276352e-03 1.349595815820909817e-01 2.045415476434500612e-02 1.868305240981891768e-01 4.521383852652141404e-04 2.815263414108243878e-01 1.847685452932942285e-01 2.680021781738556579e-03 7.137717516793612319e-05 1.603129292408950364e-03 5.706282632843147183e-06 3.380098536174731827e-02 4.443722803622814771e-02 3.964537670628724177e-03 8.823577156803094068e-01 4.043223636558698764e-01 8.852175682926687744e-04 6.925620618615047075e-01 2.535205930984453862e-02 9.007452750642691824e-05 4.168205318514181957e-04 1.221944841660213077e-03 6.527003210505806508e-02 1.197188759607249568e-03 1.611600501794731614e-04 1.251478588758614006e-03 1.146197304993943136e-03 1.156258158981467166e-03 1.909142376242101667e-03 1.166410176711731153e-04 3.048622548615460559e-01 1.112046152468076167e-04 5.850479429697830885e-02 3.600935300977011963e-03 5.460691765439592942e-03 7.813633546474957033e-04
3.332794753222709933e-03 2.427426837568202600e-01 1.529410967900469770e-03 6.693600794002991085e-05 1.694257184450849842e-04 4.199471830792465138e-02 1.000000000000000000e+00 1.222946220172941960e-02 3.369952639290819778e-03 1.392774070189847042e-03 3.432283547000033325e-03 2.674800868519910469e-04 9.316390962304679779e-02 2.938407582234356732e-03 3.395873345738856935e-02 1.060162343754924175e-03 3.469263972213764563e-04 9.527630365549073777e-02 4.753663921261177248e-04 3.551656457771131155e-03 6.830160623710962269e-03 4.454790634331083458e-03 4.793883302459955062e-04 1.386115584658457849e-02 2.402999964635312447e-03 2.508215904193375825e-02 2.372899283439974111e-02 6.666279155370584235e-03 4.635230509487338118e-04 3.019634459575913990e-03 2.097774202853274492e-04 6.341844929379604479e-02 1.452765103259580533e-03 3.017345825799941719e-03 2.528827423627045060e-02 2.772258817536790102e-03 2.847589340824905474e-02 2.739571682646800739e-03 3.342948070976396735e-02 1.178519360503116342e-01 5.747030724194822360e-03 2.572937595094229287e-04 3.195382264349430450e-03 1.199510243756009070e-03 7.908452045418629272e-06 3.644350444834018599e-02 2.416351810100928789e-03 1.885622076491783039e-02 1.241538469878864827e-02 1.653940160430154361e-04 1.871143050042906042e-02 2.747933678668642264e-03 3.168751116086997686e-03 3.778746454426010204e-02 2.881285235483633817e-03 1.288410092159541966e-03 2.780611907674756644e-03 2.330143132017803171e-03 1.133339897118313582e-03 2.678680549767864169e-03 5.401147728277027465e-03 5.626871437243308183e-02 2.734167619027491961e-02 2.416965035940566581e-02 2.886343582769382212e-03 2.332222460613651936e-03 1.766781569080076719e-02 7.581537454586264636e-03 5.942054851487631840e-05 2.352722709700755862e-03 2.615417204376819377e-03 8.670942698294905465e-03 3.544281143448689813e-03 7.685339045854493178e-02 3.230582933929143294e-03 1.464292258478499392e-02 1.325795758554558848e-03 1.543281738894155229e-02 2.709488484616999482e-02 1.994183194522188788e-03 2.822205063633526773e-03 4.223744935948219731e-02 1.647823920392404301e-02 4.224858694738291807e-03 2.991052237797164459e-03 2.891835789784155761e-03 3.067656739491715460e-03 2.970794694486405749e-02 5.052995073236037690e-04 3.418372906942014622e-02 1.645109914284920496e-02 2.407956319444198856e-02 1.759683020430853270e-02 2.862745953528575849e-03 7.723646905321932682e-04 3.156953592928767385e-03 2.731894698077310703e-03 2.529771069959757667e-05 1.181946428576788875e-04 3.192016296400431753e-03 2.711227760189427981e-03 7.619139661603495546e-04 2.918997045245193440e-03 2.370043072262154049e-02 7.989038091282468779e-02 1.270220685137875760e-03 2.201478555501913681e-02 2.243035216786210938e-03 2.051517661923040955e-02 1.529453068287034770e-02 1.057401907816164170e-04 1.414503065777898637e-05 3.285277125000142257e-03 1.346182742784790632e-06 2.474207692370014589e-02 1.469791599555427680e-03 2.467398381179253730e-04 4.075133345287462738e-02 1.156755219146747907e-02 3.206646045598392312e-03 3.104649571130761385e-02 1.992319775984191174e-03 5.394254909250118982e-05 1.008298860891644513e-04 3.051148953817690683e-03 4.064294283278836566e-03 3.004251232370679873e-03 7.001781103167924614e-04 3.145759163771393290e-03 2.746869264355923310e-03 2.810992874657477960e-03 6.048098223802765398e-03 4.042881327008586456e-05 3.304202463919769794e-02 3.717571358030623567e-05 7.415163909418167297e-03 1.297194216987646162e-03 5.446839226780043723e-03 4.657375658930530682e-02
5.711686896239336324e-04 7.789142346867943207e-04 4.509949544418425348e-04 3.207530290959705434e-04 8.341116921017331393e-04 5.962265625451251827e-01 1.222946220172941960e-02 1.000000000000000000e+00 1.644708697270251020e-03 5.121665434394581662e-02 5.226146758680685640e-04 2.328546087601731610e-04 2.935631819147552779e-01 4.080480375985773484e-04 6.706300762632190146e-04 1.106493815192808065e-03 8.681426219672071449e-04 2.318183191713701907e-02 1.109772242739774325e-04 7.168300784012222610e-04 4.664572719357974848e-04 4.655179418411375600e-04 1.634375774728857812e-04 5.733447909018711541e-02 5.171235669702855826e-04 3.301643713281087779e-03 5.289123031934314101e-01 6.010182272996705821e-01 6.491779045039284570e-05 3.185869085592256400e-03 2.016182181140765842e-04 4.399458756490288724e-01 1.175273091721455688e-04 4.443411797042554436e-04 1.697616863435715928e-04 3.913992263647533961e-04 8.603126044646081539e-05 3.878030422072530872e-04 8.288525690573447235e-01 2.849993459812215964e-03 4.693825466899019115e-04 1.960208212941831878e-03 4.808641389772820031e-04 3.503320437509351709e-02 6.557178752997048077e-06 4.434374834454039111e-04 6.673620176221963136e-03 5.648946698209326156e-01 4.586833560179979998e-04 4.729331588677094947e-04 8.683156278550918650e-01 3.786220457154577403e-04 3.947584043105976871e-04 1.631796536929839558e-01 4.169185463293669544e-04 4.180453956611208640e-04 3.994010307444726890e-04 1.906848684024158719e-02 6.811533873188799194e-05 3.530799865838669688e-04 7.932282663775666945e-03 3.493536970017050991e-01 3.514467164062209091e-04 3.137794147181727483e-03 3.042408205411662641e-04 9.819005415583294261e-02 2.717572466355320376e-02 2.394275668053697827e-03 1.325062990091849604e-04 3.759942594530867044e-02 5.527338492664439756e-04 3.688887880757567572e-01 3.303312262095878249e-02 1.160948609138068082e-03 3.745607889787639592e-04 8.429347801194879697e-01 3.959526155952320498e-04 9.374517343140243986e-01 5.597017136385575020e-02 1.285322348824738045e-02 3.958705338204765271e-04 5.045935525848697090e-01 9.614237221668634481e-01 7.190117164994868889e-04 1.520856575842975201e-03 3.048112109220664804e-04 4.273170423450702417e-04 4.485083148954583103e-04 2.295956506341203921e-04 2.399254710586326209e-02 9.279168230011753948e-01 1.571741299855335637e-03 4.803392663370246833e-03 3.925183335177880517e-04 2.650373676707693492e-04 3.705214093060554782e-04 2.828986597801844399e-03 2.067743937962369686e-05 6.069584530222098045e-04 5.028882289436197592e-04 6.373161010345028410e-02 4.291670325267987057e-03 5.384626916504351357e-04 2.162613526080118349e-04 2.207482706410282894e-02 1.060147438283622762e-02 3.431810457383859259e-01 1.900497553530151580e-04 3.250509917321136588e-01 3.813040160349887020e-02 1.206679577314065258e-03 3.397646522075056894e-05 5.670411115524127141e-04 1.727829656565944644e-06 2.642769391766840864e-02 6.815261505883984938e-02 2.126550738232987382e-03 7.498369770616606367e-01 1.251544080972578910e-01 3.302243074487164979e-04 8.639662683460168635e-01 1.886005382117347806e-02 4.605183364045375657e-05 1.755708970503525935e-04 4.172073795690747441e-04 1.460976861627721612e-01 4.156607855692287957e-04 7.969417472681760881e-05 4.275966108938439509e-04 3.921222423118499579e-04 3.996533544985342908e-04 5.947709587020145842e-04 6.180881783845463466e-05 4.470802193216234788e-02 2.003985128763454120e-04 1.198243933887426921e-01 2.005906495162061969e-03 4.194898065500773064e-03 1.096408675576371941e-04
2.448740279569030717e-02 2.629715831318832700e-03 1.498527383526013050e-02 1.254850212483538639e-02 1.125945933054807837e-03 1.494381934790139097e-03 3.369952639290819778e-03 1.644708697270251020e-03 1.000000000000000000e+00 4.258312578232702379e-03 3.314073442295452643e-01 6.374945958883861952e-01 1.024425956658954126e-03 3.157809533449402323e-02 2.354131143869226620e-03 1.246344397685271096e-02 1.860295771938285173e-02 6.798329026483699005e-04 1.224866635148958986e-05 8.678054579962725112e-01 3.610719639666169767e-02 3.196911939746238662e-02 6.062922501713130519e-02 1.413647334254391208e-01 2.323077136063525505e-02 3.781988690035608530e-02 2.271274121566236801e-02 3.955499568664232364e-03 1.183466500558354312e-01 6.103060389989802687e-02 7.675177112720159636e-03 3.969436581872714739e-03 1.766257709349493554e-01 2.913708434293970501e-02 1.789726355196602113e-03 2.826234386945114876e-02 4.510369548367859117e-03 2.805978563750676641e-02 3.097045532262437343e-03 6.633327104690130323e-03 3.244984061164395833e-02 2.163913913476844461e-02 2.991832858930501202e-02 2.379362639108354577e-02 4.681771273054769920e-05 3.398725072228247698e-03 2.361890574085407854e-02 6.689544547159703355e-03 2.551849752412240976e-02 1.940451590842661236e-02 4.332497952635297293e-03 2.743545150369675750e-02 5.178604794776435483e-02 1.658476240070583512e-03 2.822459912925536288e-02 2.895275795649361883e-01 2.733856348681344348e-02 2.141831312189245926e-02 1.592228868637528827e-01 2.729055124806435417e-01 4.189705797380960939e-01 8.072006342335416584e-04 1.306298436370341258e-02 4.041142789541728175e-02 1.102097039070115692e-01 2.589152605144925956e-02 3.197932089687647861e-01 1.161969923985573666e-02 1.504458188782613164e-02 1.866417252265014856e-03 2.612660714031063078e-02 1.036820731926848399e-02 1.649523622588714919e-02 1.895203787610412818e-02 6.942710019814547773e-02 2.961827776468829547e-03 1.268024886118909386e-02 2.362880959504488811e-03 1.531737558312321751e-03 3.942917162168373818e-02 2.911584915309213192e-02 8.509074403865201416e-04 2.636863019517396087e-03 3.303428986910734305e-02 6.031278624614304362e-02 1.606385987895531664e-01 3.510007482596354950e-02 7.150008160519274319e-03 4.360440193841907952e-03 1.323705509993587616e-03 4.010485120632139959e-03 4.559028833289572452e-03 3.658324114790741381e-04 2.825614044316881318e-02 9.490768336550315515e-03 6.542688284108183483e-02 3.366912055990904651e-02 5.066430742046480924e-03 1.873340570896624840e-02 3.098599627582285243e-02 4.796198164805781650e-03 1.585865102842120566e-01 2.640109288815474173e-02 4.032644562658285574e-03 3.527452197480123765e-03 3.078403420297603967e-03 2.487467140372935648e-03 2.437196299011912259e-01 4.293431406923043508e-02 1.184724392950940513e-03 3.497479080329833016e-04 2.044526155217040678e-03 3.142330480015984029e-02 1.102659720549745095e-05 1.574685583695820557e-03 3.642739168616114433e-03 6.698623952038248704e-04 4.073753101854746261e-03 9.261143557416360358e-04 1.181242044960231913e-01 2.226670701975646052e-03 4.435586815022528676e-03 5.123158907973091297e-04 9.508508713814927240e-04 2.996668931861420221e-02 2.209934695182530842e-02 3.533837345019948811e-02 2.770736528226666051e-01 2.992263855901507522e-02 2.793550942560436845e-02 2.891136283341026736e-02 3.381032426562266546e-02 5.575412717565889596e-04 3.527287499089200242e-04 7.720998403789103466e-03 3.426268103335890214e-02 2.877630616875124711e-02 1.853630932581473711e-01 2.583331498638372688e-03
5.751509857020636017e-03 8.493210067974026967e-04 1.964024828642853965e-03 3.785594565819711162e-04 4.081500949395302363e-02 3.442077762799628654e-02 1.392774070189847042e-03 5.121665434394581662e-02 4.258312578232702379e-03 1.000000000000000000e+00 2.877805228336264166e-03 4.708701639619722779e-04 2.829437615014814347e-02 2.850893881139575543e-03 3.737622284210680938e-03 2.861312946604410712e-03 2.224253316823410643e-03 1.009117054205389222e-03 1.823224456913059374e-05 1.643094806445183744e-03 3.989059799027082007e-03 3.561642902130102237e-03 2.485211735644351507e-04 3.080348530843457500e-02 2.736321570303936346e-03 1.275938447355923211e-02 9.985432071831450151e-02 3.036586548756672888e-01 2.523514790915598778e-04 1.595872576579101219e-03 5.164416756143546880e-04 3.602046413896774213e-02 7.981542626357819668e-04 2.982991428718921850e-03 1.479600759996838434e-03 2.787924322823267902e-03 1.271473985614724779e-03 2.760030494856283243e-03 5.345742604818989885e-02 1.026703183722717412e-02 3.766035508967604216e-03 3.566176858771930307e-04 3.074859136599879077e-03 4.160819251023211568e-02 1.662073373044086638e-04 8.619809426276717895e-03 7.233425076238110367e-03 1.866240408017584562e-02 5.887730929971440874e-03 1.147533825891835450e-03 3.315024831096338720e-02 2.676274504776459100e-03 2.836766825898495107e-03 2.631019069224252264e-03 2.957082615278645941e-03 1.093986531073321087e-03 2.774071696810565760e-03 1.544508919898749874e-02 3.599727618025403363e-04 1.974691014988459031e-03 1.680626090090873992e-02 1.606683382690526907e-02 6.633047039894214222e-03 1.013011202755301557e-02 2.108578268774835562e-03 9.058708323295172615e-02 1.807009802705290824e-02 1.648875172454680044e-03 5.061378137363408791e-05 5.635849067571444548e-01 3.016984159931964272e-03 7.208061723470228499e-02 1.430871803656256786e-03 7.976969605360137439e-03 2.672456625680787266e-03 1.197067567437696822e-01 1.678193475212950720e-03 5.547150437073772311e-02 4.901923520006278012e-02 9.046898129541439473e-03 2.786982619296495510e-03 2.799186710383263013e-02 5.944972820256035767e-02 3.762745132518164042e-03 7.255181050377380522e-03 2.069171458992895198e-03 2.993916329162112176e-03 8.730814637787139010e-03 6.801862384378671569e-04 7.594632266041397711e-03 6.939955660609581356e-02 1.879287276526896144e-02 8.314477807902917385e-05 2.789788258339276697e-03 9.120297984908687676e-04 2.638379544854388761e-03 6.007680447484099739e-03 1.169222667977169821e-05 1.023950454659185985e-03 3.296622181310231506e-03 8.441334842381454512e-03 1.680061425327832253e-03 4.519945761656501797e-03 2.975760531922740267e-03 7.477370316581749207e-03 1.391415249058869028e-03 4.768488934957401844e-03 1.147536731565616027e-03 8.202886273597392863e-02 6.430865218068380212e-03 7.995213337905576170e-05 9.667480464212665036e-06 3.469756558816692194e-03 5.333689408152841649e-05 1.674832845829178629e-01 5.475703076320082366e-03 1.038868496560933812e-04 6.802236307304465601e-02 1.161268565722117091e-02 2.282822061541085051e-03 6.609721768484114190e-02 3.206538231576824653e-03 9.051357096566049916e-05 8.304392155923615991e-05 2.988721955672894292e-03 5.186018641346260699e-02 2.891792246352511541e-03 4.057801611620899746e-04 3.032216706430422310e-03 2.797726768966908757e-03 2.841946126428940810e-03 4.253055996087496717e-03 6.001956645862370986e-05 2.273568550063356092e-03 3.156997695915304911e-04 3.009100631671516451e-02 1.017748668630487092e-03 1.432386838348777801e-02 8.401416116645085176e-04
3.087663944188931420e-01 1.250261532047634849e-02 2.071089016113550063e-01 9.708956752723584341e-03 4.902508849885023334e-03 1.041828293546574052e-03 3.432283547000033325e-03 5.226146758680685640e-04 3.314073442295452643e-01 2.877805228336264166e-03 1.000000000000000000e+00 1.711118119046403929e-01 1.342954441494240841e-03 4.181664870067394735e-01 7.275175861063780218e-03 7.151683796335783772e-02 1.387720837246391760e-02 1.093899242217241446e-03 1.281694299417682756e-04 3.263402400087307420e-01 4.008478223434124299e-01 3.969283316007034546e-01 1.962987814296268951e-01 6.353435835847293101e-02 3.194507766767872847e-01 2.994561530497928947e-01 9.386430591248001373e-03 1.316947149898839388e-03 3.044239416349436289e-01 1.267552042436818349e-01 4.173837517246176132e-02 1.775845936724235359e-03 6.489771464685005764e-01 3.923893734301798775e-01 8.900716757935243570e-03 3.894857245495392806e-01 2.422473613327258066e-02 3.912110569717469621e-01 1.001085719482476283e-03 1.893899059225135489e-02 3.881443338618699168e-01 2.061505435919350551e-02 3.999992628711359077e-01 8.253604323970546025e-03 6.911726341258152143e-04 1.024761437630690268e-02 5.571474027362715437e-02 1.964898258980997750e-03 2.515947685793857858e-01 3.165566336454882918e-02 1.517862289107046927e-03 3.860402642924238847e-01 5.667736445045656879e-01 1.994806768829845717e-03 3.896369641965173880e-01 5.517722289042344963e-01 3.830496709625664797e-01 1.632761598844003140e-02 4.134535301528378670e-01 8.999614413167448257e-01 2.678745677978787709e-01 7.064221806620144895e-04 7.014424168960958772e-02 3.318916021032094488e-01 7.999105371514780849e-01 1.280904268815334993e-02 1.013688522300836142e-01 2.539734426684973553e-02 1.377457180143942285e-02 3.444966961403231158e-03 3.513678427828885731e-01 3.339955444573359383e-03 9.556951898298060230e-03 8.302490732754151670e-02 6.613294727263929751e-01 9.929225391167022675e-04 1.819241011051884183e-01 7.234120277751366745e-04 1.725117407879191329e-03 1.206389098609293893e-02 3.994281183942112179e-01 7.063926579693108939e-04 7.663822210096908226e-04 4.017213911825882611e-01 4.100421687841409590e-01 8.841903728748143898e-01 4.451352626826419190e-01 2.766439945473934264e-02 5.896698115346625524e-02 2.908825280295474630e-03 1.177809720815053843e-03 1.525217033431823521e-02 8.117274973753678229e-04 3.915446629596898709e-01 9.009123340116431677e-02 6.465327929519697481e-01 5.517540803867641841e-02 1.277114301995316108e-02 3.262827708885616962e-02 4.025424241538635983e-01 5.097310208453506922e-03 2.257667585305920752e-02 3.631348799973969088e-01 2.428170986008375623e-02 5.614352948374043764e-03 5.783939366595082510e-03 1.748344305813954872e-03 5.040795735717376047e-01 1.276864901321618159e-02 3.200257473474572671e-03 1.652362783273347326e-03 4.060145552636373542e-03 4.039081176816692875e-01 1.813583884073302860e-04 2.236863100486162752e-03 3.675720137015637927e-03 1.747283043653798974e-03 2.182671378028836710e-03 1.920462224204953815e-03 8.170003124087603652e-01 1.044839572179973204e-03 1.482556446993932471e-02 7.163163230507970519e-03 6.457660389105635348e-03 4.009731379614354663e-01 5.953691195049632366e-03 4.493942143566117542e-01 4.700194447978850998e-01 4.002084010601787978e-01 3.885721708279009645e-01 3.949125836067177708e-01 3.899357428638812739e-01 4.938159226556345857e-03 6.870383178056403695e-04 4.381845728315289686e-03 1.285669166332184185e-02 9.985999126569343465e-02 5.915310005638035884e-01 1.155625195007915253e-02
