1.000000000000000000e+00 1.710334976238726823e-02 1.758472416141678707e-01 1.195269220631499938e-03 1.473368417122822120e-02 1.290860558291692384e-06 1.994189830669232020e-04 1.311197840944436272e-07 3.114292224455715574e-03 2.050343201327043785e-04 2.222081319904873342e-01 5.404077918709919090e-03 8.880002673054509491e-06 4.792306099339514458e-01 4.888589165269995214e-03 1.002132062794920328e-02 2.919657526824390083e-03 1.128260931115859229e-05 4.785232817808918724e-04 1.710047710864483943e-03 5.658355938688217623e-01 5.757909476897054013e-01 3.400718616042674395e-03 3.677962222944906358e-04 2.989901605588328737e-01 6.109827211687587356e-01 4.441311499129056099e-05 1.759188678112288445e-06 1.334690931510738865e-02 1.714338951813216931e-03 7.248760529417370979e-03 1.083662238261984327e-05 7.986038612378471013e-02 4.458161433933515716e-01 1.812457415796099938e-02 4.573417274493306595e-01 7.984903683626423665e-02 4.621113229780256515e-01 1.075070061510418256e-06 1.407308348963482933e-02 5.728309797161205141e-01 4.742079962175075030e-04 4.498348258238042408e-01 1.121359118192711798e-04 3.426525197143719809e-02 1.014018516641924939e-02 9.218536886180418374e-03 2.748498348868356542e-06 6.648781597083796013e-01 7.821577067235694139e-03 5.349232393750220094e-07 4.470061837342027555e-01 4.556160516654745862e-01 6.119526070570605969e-05 5.245896792928014252e-01 4.394942327114844532e-02 4.531271373699133354e-01 1.177203976111636111e-03 1.623695563918654480e-02 2.195849526496573279e-01 2.287361944567132058e-02 1.454054838167055915e-06 1.312141710778198800e-01 5.708635501920195088e-01 2.548089997488445224e-01 3.674756620462823532e-04 5.310866870537620313e-03 2.673151569748691281e-03 3.196197945059303831e-04 4.334967248658253068e-04 3.466182257299633140e-01 4.268558883031231077e-06 1.345230340336306765e-05 1.509409895911548449e-01 4.101639503888236948e-01 8.946752439030213658e-07 1.513536984289645393e-01 5.125207054006335635e-07 2.547598954785690003e-05 1.782564614584227197e-03 4.463292641917146475e-01 1.211198891981285175e-06 2.933745450988029609e-07 4.365236379060401517e-01 2.227973442306409313e-01 3.170984964365440306e-01 4.292011233354049438e-01 4.588223504152950938e-02 3.243260748512381136e-02 1.008525489806891441e-04 5.767017588407092577e-07 1.084411076506398668e-02 3.034667970100817500e-05 4.754565360873378443e-01 3.679930249492625871e-02 4.408723467763090431e-01 2.394662452378503456e-04 3.730862894864991289e-04 1.701479718084160700e-04 4.330988419552047608e-01 2.379980870451116044e-04 2.633542619655668466e-04 8.105251771690937801e-01 4.818509975636955933e-02 1.409770635484554812e-04 2.619101656036005124e-04 1.575180600609186801e-05 5.068300368074606793e-02 3.080440477775378739e-05 5.857345201205078471e-05 6.071700597626214355e-05 2.291418157615769213e-04 4.897826329975497051e-01 2.335896588387536069e-02 2.385331386874604159e-04 5.297785035969667083e-05 2.032536369740833967e-04 2.947817712786735054e-06 1.241272667934046286e-05 3.843550440358672882e-01 8.978669987106637612e-07 1.453023354091380684e-03 4.119231226582239190e-03 4.960726706557836915e-04 5.220311272486310994e-01 4.364852226307448189e-05 4.656846059858098519e-01 2.979171563284170252e-02 5.326164454688623318e-01 4.433645053620312027e-01 4.573286427785498987e-01 5.087516892969925486e-01 7.752688719066445043e-04 9.703608182875904037e-06 6.618608695336164515e-04 1.333047858576826895e-04 5.824215973898406139e-03 2.210626557257870661e-01 2.294720724788297875e-02
1.710334976238726823e-02 1.000000000000000000e+00 2.695443770592404181e-03 2.145363878139732328e-03 8.617966691822112960e-03 6.704617472453149041e-04 4.328431973197174876e-02 4.058209986274268730e-05 5.581927293350356142e-04 5.785039446214408155e-04 9.279427739849807968e-03 8.797204377708282277e-04 3.272618251786141991e-03 3.494472377145806108e-03 1.728306261802066424e-02 6.318053620454654792e-04 4.885188808421031016e-03 1.298121013019963750e-02 1.938450010890086991e-02 4.292041108721439098e-04 1.459115442384381449e-02 7.365024680007415357e-03 2.871667931397924554e-03 9.099562326984242042e-03 3.453390995609980935e-03 6.995727648424197864e-02 9.456613566477198047e-04 1.648694825977644273e-04 3.969133146718876320e-03 1.721533070828762044e-02 4.989887593591276101e-03 5.841965669946114605e-04 4.214369394257997704e-03 2.987682567461105634e-03 2.837111115867108069e-01 3.109822794949330255e-03 1.465595477680320113e-01 3.156328859026078914e-03 1.517675072614670150e-04 1.211318277033709284e-01 1.295880868414973214e-02 1.643395981215687663e-03 3.915792245466851243e-03 1.926078640832743329e-03 3.086949454329588130e-02 1.784448660696906497e-01 9.978691303186709716e-03 2.797687821908511068e-04 4.761115019717818836e-02 9.311420966613338139e-04 1.202271655162274051e-04 2.956429878781375795e-03 3.976096130099845104e-03 1.456218884623460214e-03 3.980502939624141860e-03 7.739478714494625079e-03 3.166477894388020249e-03 1.583724794156414831e-02 7.079811582163908316e-03 7.829086663140865862e-03 1.251866783016978603e-02 8.396460044555638380e-04 1.456575221618049143e-02 6.283797353977993438e-02 6.046570968291133281e-03 2.235279049196169012e-03 5.627316553321462696e-03 2.030972135360848210e-03 3.908853280315531531e-03 8.405045092257795464e-04 3.250110476288435406e-03 2.244758865166328029e-04 9.825623615023770536e-04 3.369231426299252874e-01 3.780807159195289941e-03 1.585260490127994679e-04 2.979881304715812675e-03 8.016728073426970000e-05 3.584714306513316594e-03 1.989652415160360257e-03 2.918770652341384254e-03 5.676103138408812024e-04 7.604582432726472686e-05 8.594391981806333985e-03 2.436101667578335905e-03 6.159580783788337621e-03 3.572492048786483996e-03 9.310511404748594497e-03 1.404930745820318679e-03 1.770903108835009815e-02 1.060830751449760916e-04 5.365226280928456909e-02 4.661195286348871619e-03 3.662840089733884058e-03 3.898239968272186346e-03 4.165480674206954205e-03 1.062707771942102662e-03 1.050963781370826142e-03 2.877308750399057533e-04 3.721422590049063266e-03 1.084011929247319025e-03 1.244484806158413807e-03 1.132482303348555583e-02 3.661737000814552223e-01 1.266552599142463029e-02 2.405010408984020222e-03 4.156855311329767403e-04 2.150513815177080082e-02 8.856366713299765022e-04 1.461750374926900492e-02 1.012643482625386190e-03 1.373019084311598564e-03 4.632578343368542843e-03 5.914383112821119254e-03 8.353686885495814618e-03 4.937961953449338188e-04 1.094323838121250697e-03 6.864772280065639404e-04 2.210379061993290005e-03 5.359480938074150276e-03 3.040988327293481382e-04 1.187527148592979788e-03 6.760111047808884093e-04 7.117159537713747298e-03 4.560178591891485278e-03 1.600602060206665189e-04 3.755364699377665774e-03 3.410810059157090915e-03 4.878139214540843510e-03 2.981452811239494304e-03 3.239049717487512033e-03 1.459296425348406180e-02 1.772725702452321089e-03 5.687295312805679993e-03 4.845365749291842680e-04 2.344589104367539138e-03 1.243869198926150603e-03 4.865508282177160269e-03 3.633176381227644081e-01
1.758472416141678707e-01 2.695443770592404181e-03 1.000000000000000000e+00 3.918072395007705239e-03 4.299599299071922044e-03 1.253991497216220246e-07 2.034148826025474448e-05 1.400612901671198775e-08 7.537424590232189112e-04 2.042113889845659596e-05 1.059142861584324441e-01 3.979081224256492480e-03 9.250722451130934589e-07 3.235518677838741808e-01 1.020008426935332989e-03 1.523638098425481426e-03 2.332750225934899883e-03 2.049422064214611269e-06 2.619421247641991893e-05 3.365191205360389625e-04 2.731486869092388248e-01 2.876334268853608100e-01 6.508664753835993570e-03 9.507684918877486332e-05 8.348786165038406537e-01 1.036655035322388424e-01 6.821489399465323495e-06 1.729936986649071358e-07 1.093965404166918898e-02 6.720095983675435959e-03 4.901353970441144764e-02 5.973682743964472005e-07 3.643736062917079382e-02 3.256625930554690185e-01 9.459021011114276999e-04 2.997289375918478771e-01 2.003224418072730925e-02 3.091294149478246434e-01 1.089947215716867407e-07 1.749330333227229126e-03 3.069388997700605581e-01 1.332263078996113667e-03 4.693369286061934709e-01 1.322856993745994436e-05 8.341596771155231635e-04 1.614669299154141780e-03 2.709370154624374943e-02 8.591221752833893065e-07 1.418856891918441887e-01 1.191913041850597987e-02 8.212178008741897015e-08 3.132262962312868382e-01 3.834430838840478528e-01 2.921776181443170282e-05 3.047630144198994473e-01 2.294982120601575526e-02 3.021157264012117039e-01 4.196672286263022217e-04 2.200733521925951272e-02 1.302560850147002347e-01 4.204275321223762373e-03 1.371990141102693243e-07 7.602814372443844268e-03 1.327180086143461835e-01 3.057392584837745342e-01 6.428739408998257400e-05 9.200990008475560351e-04 5.903995302245154675e-03 4.100884443598958517e-04 1.269411090300822511e-05 7.584764466897279123e-01 3.854469148441017660e-07 4.063054982978720812e-06 2.138052366100590476e-02 3.013229909084011449e-01 9.238572511970442912e-08 9.248131185468617677e-01 7.166933471865685743e-08 1.466463912040237261e-06 5.441772461101210701e-04 3.080181819214429795e-01 9.368750845844054224e-08 3.068719914059291352e-08 2.833268585309863807e-01 2.504405581294053551e-01 1.881807631466069775e-01 3.466080796547725829e-01 2.270728983232230512e-03 4.386176916463822018e-01 8.003236295697241877e-06 8.477423209529988514e-08 2.941360693662455669e-04 2.398506934802229931e-06 3.105478005146066200e-01 2.293683970539343031e-01 3.669077160404489724e-01 2.431411709567621153e-05 8.456860329755648857e-04 5.717833794725733700e-05 5.002467100988211568e-01 2.780253841002403785e-04 6.841288586634141819e-05 2.586607613018646057e-01 3.467583628934826304e-03 1.763137079850398675e-05 7.161432786593908409e-04 4.623098295736253850e-06 1.877115917239090617e-02 4.804895846893795848e-06 4.399574621707472764e-06 3.493282403066029452e-04 2.660478055138930506e-04 5.229084634838250256e-01 2.403442561036148520e-04 2.174044852784691838e-05 1.123786785492450452e-04 1.255289530305994357e-03 2.531441105701636936e-07 9.348755752911550355e-07 2.860983409909447772e-01 9.689773751997801245e-08 2.808657366220915132e-03 2.320315636122760594e-01 7.064261768173383908e-03 3.074231311195874117e-01 1.017696905773263185e-05 3.604239006695582059e-01 2.282199516916734797e-02 3.294998226874856218e-01 3.132701856515057726e-01 3.200080848066435557e-01 2.548036033604510475e-01 3.396287673444912253e-02 1.065255273153906154e-06 1.000673290234468504e-03 4.560474558927694237e-05 2.098686198896598798e-02 1.257598969259879351e-01 9.363794513371928238e-03
1.195269220631499938e-03 2.145363878139732328e-03 3.918072395007705239e-03 1.000000000000000000e+00 2.154694379309957407e-05 7.457829551346372237e-06 1.288228329430667681e-04 2.881615124086379453e-06 1.624366757053395151e-03 4.990946927854968731e-05 5.090749293950190026e-03 3.457628464030473164e-02 1.378666602368646997e-05 2.578383924621856140e-04 2.117074818926193458e-05 3.415677162624316675e-04 3.978016417388601234e-01 1.108662153123180088e-05 3.907218712838607757e-04 7.725856548988806801e-04 5.040894462648823522e-04 4.695885523546826671e-04 1.599481645158709316e-04 1.333785283837796674e-02 1.549785832916940418e-03 2.399059144029989585e-03 3.740342918028508479e-04 9.300384336652609097e-06 6.925455812570347229e-04 1.009675228376811784e-01 2.124726018330043709e-01 2.100420025598295312e-05 6.192257838236501317e-04 2.169512078706333077e-04 2.401903974297271650e-04 2.026105421666647667e-04 1.098630091675186719e-03 1.986746615059726954e-04 8.088676102917456194e-06 7.137883968593108528e-04 4.350988131586955711e-04 9.890638334405650600e-02 3.860377375753475224e-04 1.431456908720487751e-03 3.561965840631580566e-04 3.028860106860233417e-04 5.380687834638366723e-02 9.853450227396600553e-05 9.033539413773715313e-04 3.470598674198290823e-01 1.084704221075316061e-05 1.904253668468903560e-04 3.867764309513358400e-04 3.719758920507616431e-05 2.266451168920571597e-04 6.533376082220673439e-03 1.985083987961712339e-04 1.048808617439586782e-01 4.029599168028480914e-04 4.442155904058039950e-03 2.458277953705050034e-02 5.641356565710969584e-06 2.069511129312817080e-04 2.072421319961520025e-03 5.138872320769024898e-04 9.866857241811036183e-03 1.357381312258885801e-02 4.567663695285747831e-03 3.787167074848577994e-03 4.010263475431142441e-06 1.248936413597774055e-03 3.907211052454713024e-05 8.524234381276296288e-05 4.770067988535756955e-03 3.184644204681857872e-04 9.715833493450832075e-06 2.826936938379111339e-03 8.879346810621598543e-06 1.406772244879638304e-05 8.819199178172117126e-02 1.951157874011627091e-04 3.514408442099288456e-06 6.185228209257788369e-06 3.583991158507051364e-04 6.053196316214904359e-03 2.107440699729684272e-03 2.392861641684265056e-04 4.481819484663018057e-05 1.795847312748987670e-03 1.624955680655411756e-05 1.166200183568248271e-05 2.595524780258467957e-04 4.282661036089356253e-06 2.191386543113232096e-04 1.298090122089129786e-02 4.689971464404371648e-04 1.792974850729448660e-05 4.672061305955699066e-04 1.928543137371055161e-05 5.094668615429393975e-04 1.055657305161800336e-03 1.676646370715997175e-02 5.589545446341465541e-04 5.767457362623050650e-04 1.364004831970108136e-04 4.142628271976812361e-03 4.065091199584947777e-05 4.793330437408030963e-03 2.518634540480729680e-04 1.584033667640577037e-04 1.379942305717386027e-04 3.250917744044586445e-04 6.837622008845137527e-04 2.936892815007355090e-04 6.173864553632605137e-05 5.162382573693296509e-04 2.950714517717749428e-03 2.868430974754246346e-05 1.925030171724971244e-05 1.116170336626526229e-03 1.282734637640101216e-05 6.822110491073555020e-04 6.550848750160392746e-03 8.061435739468172934e-03 2.508616891810199877e-04 9.442215140493731345e-04 3.095217266418736723e-04 6.241784425792512581e-03 2.894531402773311548e-04 2.079535230382318451e-04 2.293322857720858242e-04 3.453382950697641879e-04 2.690906747084462203e-02 4.856288596276313285e-06 4.785564937351959869e-01 1.404220144487841430e-02 1.924829738222964132e-02 9.930030070591422744e-03 1.732671917578271692e-03
1.473368417122822120e-02 8.617966691822112960e-03 4.299599299071922044e-03 2.154694379309957407e-05 1.000000000000000000e+00 6.150616158339202886e-04 1.536987572782898010e-03 5.805685064969895611e-05 8.892511651884902474e-04 9.537025216083259982e-03 1.876891433083368796e-02 7.897203258823775555e-04 2.892070932435888107e-03 2.153232743904253538e-02 2.047449754320126436e-01 7.885126125797928612e-03 3.673138244513227753e-04 6.734646984120581416e-03 9.201769027062745108e-05 7.766854267480997973e-04 3.563125849621397861e-02 2.978523075710824003e-02 1.194636496588140015e-02 2.310524741695435969e-03 1.178822810406008996e-02 4.687467229175588945e-02 1.324690394760184072e-03 5.874713202303623013e-04 1.453356071995290854e-03 1.716970601396568784e-03 2.648320144406112516e-04 2.363024440938693734e-04 1.007089567245202447e-02 1.796151568610385857e-02 9.112696528892820155e-03 2.048703831220284946e-02 5.252784370861015434e-02 1.935120055480189435e-02 1.691186139607123780e-04 2.303547364525368631e-03 3.746729486006038223e-02 4.382812811214198173e-04 1.828392621764658721e-02 5.565090379062496637e-03 1.513707297922541658e-03 4.045378907979404332e-02 4.115339770947951288e-03 5.125440126315777270e-04 2.665479660540307980e-02 1.670908764481919299e-05 1.947020795785817549e-04 1.923338060724039122e-02 1.843881768030648099e-02 1.355710246632873400e-03 2.324095021988745527e-02 5.939875090602285933e-03 2.140767070479704035e-02 5.201110572963269386e-04 2.598368303210441335e-03 1.047465026193625248e-02 3.495721260516462814e-03 7.403537977437680889e-04 3.897940713194546908e-02 5.575270762544286274e-02 1.486943510212132211e-02 1.556476723092529426e-03 2.019347447623279484e-03 9.871391793014001881e-03 6.670832056985365015e-04 1.491741997430505451e-02 1.288633875430313797e-02 1.534243713949000202e-03 2.260190140764560627e-03 2.073803193428562508e-02 1.893879214225385743e-02 2.331601624366076730e-04 5.677726050789999070e-03 1.269107041293916641e-04 4.195213460549187916e-03 6.307549635987170394e-05 1.973906024885554306e-02 8.229370915724249207e-04 1.066761919088240573e-04 4.000711781648749743e-02 3.407275285130923186e-03 1.343058701911771166e-02 2.325000824439659233e-02 7.248759525947955085e-02 2.974749257782112119e-03 3.129714844295147097e-02 1.510944946519039917e-04 1.406054455999855568e-02 4.239559098418516775e-03 2.117538299596823451e-02 5.952889237839539133e-03 1.869840826316780322e-02 4.491037925399294327e-03 2.192049979823240560e-04 3.203300821140647736e-03 1.860166119204059720e-02 4.055349094901602829e-03 1.594115721432872541e-03 2.658641792656039893e-02 1.254137404241292830e-02 2.417251136820664642e-02 1.202904019639567008e-02 4.668376154370594447e-04 9.357012242669592375e-03 3.547205022757804645e-03 2.580203157582584231e-03 3.457210580131923460e-04 9.195986219015825185e-04 2.071294141709067310e-02 2.450852479162893066e-04 6.816246983073310020e-03 1.980297205212856477e-03 3.956981097600046141e-03 5.512829360675735495e-04 2.125211837980969017e-03 1.859314809949338954e-02 1.888971241241275251e-04 2.917448332314388076e-02 3.386639723604608189e-04 1.804094809625268313e-03 2.465603279571274009e-02 6.327873458492262087e-04 2.186010890750921670e-02 1.317925421657159665e-03 2.196169811582275241e-02 1.960439211820088137e-02 2.124313165198608161e-02 5.877620882550559089e-02 3.577862090231078156e-04 6.884773396532495489e-03 3.084062640359552104e-05 4.914179521229089043e-04 1.599610482850617570e-03 7.044764882089576963e-03 3.944036588548846534e-02
1.290860558291692384e-06 6.704617472453149041e-04 1.253991497216220246e-07 7.457829551346372237e-06 6.150616158339202886e-04 1.000000000000000000e+00 2.659074467943380732e-02 6.672123657292636789e-01 1.242934075449082050e-04 3.338232821601002515e-02 4.867875995452770313e-06 5.292912053871744968e-05 8.133491706042991209e-01 2.171482178586450539e-07 4.447705555799575132e-04 2.320741336090488880e-05 1.534740711737161869e-04 2.547639319243807376e-01 8.054977925686636559e-04 4.509416035307259562e-05 4.918133284110151773e-07 4.216805767134036792e-07 1.044373901303461360e-05 6.471308687614168997e-02 1.699069461716190164e-07 7.188931236810046366e-05 3.647149696076792957e-01 5.199533346591764804e-01 2.031891491738461668e-06 2.591045809073113130e-04 8.459387757722436106e-07 3.117845309197074810e-01 1.516371587531593171e-06 1.529465345347167358e-07 2.116459663179341688e-04 1.801761556904969619e-07 1.617640714534612626e-05 1.585375247790691746e-07 5.998628966748993374e-01 6.434682895900274268e-04 5.301458654667881588e-07 4.917569975756121625e-04 1.981583332283748100e-07 1.301548625200921183e-01 2.744000099998225391e-05 7.166845863849520808e-04 3.437175786731167513e-04 5.205207237255637942e-01 1.634206914052127727e-06 2.772293450040777303e-07 7.152852805908904710e-01 1.541627883375667177e-07 2.389343287605266496e-07 1.089825370741670241e-01 2.188615919602683780e-07 3.928899943327323610e-05 1.838155149376414582e-07 1.166627755744146892e-02 1.556763183928152264e-06 5.404656775541208854e-06 1.936645365776929221e-03 8.019086133100250535e-01 7.254590491732245041e-06 5.765483762536791155e-05 4.623874281245676172e-07 5.228060021704240140e-02 9.242480213621243057e-03 1.620725361807763489e-04 5.847991703012191947e-04 1.365888423528861632e-02 1.872209361437197186e-07 4.107023762794967947e-01 8.906437828241255128e-02 3.886525795772132266e-04 3.106079667276658683e-07 6.853495153637283455e-01 1.346380665576194368e-07 6.174520705073527349e-01 1.667533885837725327e-01 7.915520642805062108e-04 1.742133713068626946e-07 9.302255919933792860e-01 6.950847744405440620e-01 1.258892091372551487e-06 1.519270151458915718e-06 9.704621008169253898e-07 2.624889350139207396e-07 4.352428680601528975e-05 2.041996907452884639e-07 1.363599455039526953e-01 6.617543008071364863e-01 1.873250628338133392e-03 5.162835387302527890e-02 1.853353498017205032e-07 5.154590209701458807e-07 2.547977501579964429e-07 3.909741221511974017e-04 4.774099995827244394e-06 4.065987255281218330e-04 2.077088009058994737e-07 3.617583230838280345e-02 6.333193077270235331e-03 8.422902656496341577e-07 9.721691685377969138e-05 3.440319320767037947e-02 1.114787983492946354e-02 2.263563700136355383e-01 4.507024300558206081e-05 3.048553968737433562e-01 1.638676424874778714e-01 3.908161823392938849e-04 1.907282889248377569e-04 2.922876702963202331e-07 7.395993948147007296e-06 5.726817515866922115e-02 4.645134777963825373e-02 2.253415862469672435e-03 8.661086537548433606e-01 3.848714492610972870e-01 7.437299764537085086e-07 8.559248460026767091e-01 3.045331290875101862e-03 1.218870324199694654e-07 2.387112660114833608e-05 2.565500830451571671e-07 3.529440047460691982e-02 1.965351621754821033e-07 2.236155456174281755e-06 2.557555628506126706e-07 1.609499073277220786e-07 1.835896979047462560e-07 1.311770543527563735e-06 1.012176147070927152e-06 3.179901626436216211e-01 6.399482260389168348e-06 6.686476537530497422e-02 1.391793181138480925e-05 2.006487069839072969e-05 1.262873758190322722e-04
1.994189830669232020e-04 4.328431973197174876e-02 2.034148826025474448e-05 1.288228329430667681e-04 1.536987572782898010e-03 2.659074467943380732e-02 1.000000000000000000e+00 7.231735594857325276e-03 2.410193437921251923e-03 5.475386700065461819e-03 5.159857995475545210e-04 3.577294830127796107e-04 6.200794554016056392e-02 3.170688758427323451e-05 2.070228698469123597e-03 8.377102227484726829e-06 9.333485557629452901e-04 9.907085102530804877e-02 2.821090820418786348e-03 1.816368389910381171e-03 8.972699349097187785e-05 6.157938403918231931e-05 1.958021924322165305e-04 2.502915073331666088e-02 2.751455837104465710e-05 3.850214544098766716e-03 2.842736775045241054e-02 1.018432956368800144e-02 1.193234675734637212e-04 1.488543663947800109e-03 4.429502901636945509e-05 7.794162620615123493e-02 3.553484463875460813e-04 2.426451978126948185e-05 4.234448708503057469e-03 2.574355080627549911e-05 3.290283870243675916e-03 2.502684998895422867e-05 2.923641115304492777e-02 4.898989780880803890e-02 9.583020967681282743e-05 1.851994110680991155e-04 3.301141853228213428e-05 1.404850240252262204e-02 2.236785977305297539e-04 3.053413340790318148e-02 1.155319180516101336e-03 1.563843955314472497e-02 3.965279012688483233e-04 1.865224003763931863e-05 1.067487354453044469e-02 2.380214714767490438e-05 4.111915984582716413e-05 5.381319321284708246e-02 3.315668384216971168e-05 4.380667509812121970e-04 2.580862866824383699e-05 9.620661007564543579e-03 3.350914603509818159e-04 2.996576244487021592e-04 1.385963426483158116e-02 2.317803229058621253e-02 7.629646092292393040e-04 2.562563460305491113e-03 7.909761457389975141e-05 5.967845252172968538e-03 2.949637057604040033e-02 1.751081347948781368e-03 7.597442997806332825e-04 2.607403548037488545e-03 2.491341454877590169e-05 5.918492351065182157e-03 7.649837979036049757e-03 4.521011198235552753e-02 7.096626494868153593e-05 1.400530759995950204e-02 2.494713011861462380e-05 1.117736376371417269e-02 1.348863472662720567e-02 3.455230473154115387e-03 2.645977139613606008e-05 2.046898561148298781e-02 1.087240720782678242e-02 1.041740484119775881e-04 8.468822085178241829e-05 1.881352074563799831e-04 3.742561183230526660e-05 1.894961767785330233e-03 2.017749849196090898e-05 2.809037712767741002e-02 1.031099594799585011e-02 8.624516138777339053e-03 2.983972896517275361e-02 2.945965479424321736e-05 6.588687190761799016e-05 4.344832059457532291e-05 2.675452924906884626e-03 2.534117018364068861e-05 2.325157244422379206e-04 3.052875662605233545e-05 5.556092921223552625e-03 4.217311056042415997e-03 8.829993169149407219e-05 7.730592698179670000e-03 2.177492678775802895e-02 2.180135050295779406e-03 2.773200793050523486e-02 3.512692211598901146e-03 1.988210527680184594e-02 7.202861181734067537e-03 1.284792255270812234e-04 1.765072438067821455e-04 4.260292519534991440e-05 3.956047742105789496e-05 3.468486615751298352e-02 5.226291994281402967e-03 4.224214708447058620e-04 2.773775818748123317e-02 7.730136564701544505e-03 1.173889469852516305e-04 2.032861306986001940e-02 2.100817407865075584e-04 8.460942139085236326e-06 8.185786494785697565e-05 3.900679906643397099e-05 5.352534319288206922e-03 3.264550564750513242e-05 1.199458532812920636e-04 4.414295942913611901e-05 2.293966680481682204e-05 2.675045845945700235e-05 1.636765940623622598e-04 2.662349837421343828e-05 3.104111669728477907e-02 3.040983660690205431e-05 1.812486084726837657e-02 3.685006912318605809e-05 2.256779413559077761e-04 1.516175168591401071e-02
1.311197840944436272e-07 4.058209986274268730e-05 1.400612901671198775e-08 2.881615124086379453e-06 5.805685064969895611e-05 6.672123657292636789e-01 7.231735594857325276e-03 1.000000000000000000e+00 7.572752781691723643e-05 2.498821062661365014e-02 6.883186966574733197e-07 3.141839709412407890e-05 3.648910430248175074e-01 1.832577404613648062e-08 3.669042754369657524e-05 3.619527373248946278e-06 6.967398736587663557e-05 5.209890298545780812e-02 1.071157749708441097e-04 1.947878737278592047e-05 3.164654276996551393e-08 3.242185683410163059e-08 1.151422479217377046e-06 4.106372885451652077e-02 1.580213952817040797e-08 9.564607755622992041e-06 4.012015215576257843e-01 6.178142855982532433e-01 2.874803150798899855e-07 5.699596651394407270e-05 1.248328559996248941e-07 3.729692729100551607e-01 1.929876821621688702e-07 1.251788617981892729e-08 1.277743059008854295e-05 1.464626144451685701e-08 8.015561014257794050e-07 1.256761267511918247e-08 8.183159090371951994e-01 1.228468458255278317e-04 3.477502747729586340e-08 2.200555325100036011e-04 1.678604766028700838e-08 8.876435811201867365e-02 2.368045393128361751e-06 6.638092109985513269e-05 1.332256796403093896e-04 5.999253877698221826e-01 1.112664671853261619e-07 8.073711014913153792e-08 8.567205374076756197e-01 1.234679988806230184e-08 2.172738481607009123e-08 8.051974548500119566e-02 1.750429558157004938e-08 8.847991202805282574e-06 1.468783549492573439e-08 6.807039700336650623e-03 1.659991726635999074e-07 9.324216760785958950e-07 1.036891214799396874e-03 4.485549936373813829e-01 6.473200419472718771e-07 6.997086003095383999e-06 4.375507029537010927e-08 4.609272132465502825e-02 8.151407798964406190e-03 3.953230953114997233e-05 1.790719477503954912e-04 6.462133708934524913e-03 1.785914870177822066e-08 3.782529863821222915e-01 4.621376003793289250e-02 4.736444909546763752e-05 3.068106516969199269e-08 8.614123014500518760e-01 1.280816181866605669e-08 9.276620638605855840e-01 5.587083857773258999e-02 9.032081740795974874e-04 1.458202293323345035e-08 5.690926006394406711e-01 9.660937224355020669e-01 1.063297958962257198e-07 3.112733119147223153e-07 1.168081781007165253e-07 2.286522708872422580e-08 4.805819253461921020e-06 2.224421911897767977e-08 2.149766528551496844e-02 9.227879456297430893e-01 2.627396933672812400e-04 8.694028591339981668e-03 1.446198525575366005e-08 5.554375384504549854e-08 2.277384230050885868e-08 9.493407160522501418e-05 7.792885200129934491e-07 1.321392705491180512e-04 1.774315517783490666e-08 2.849574498422217592e-02 4.432042390852697182e-03 6.917932447585777378e-08 4.900540235986409121e-06 5.292521217229269846e-03 4.303498296486383407e-03 2.634121151419245299e-01 7.625537417321684243e-06 2.851636491994007927e-01 3.653023760389040309e-02 9.612737119588285180e-05 4.967557541293628757e-05 2.574820106050582119e-08 9.138355221374515744e-07 2.188128302716592019e-02 3.858212631427936773e-02 7.418240167563532267e-04 7.397225840470738056e-01 1.367344114733181903e-01 8.576104250408496671e-08 8.708811660264316190e-01 1.020667831408004784e-03 1.742170434933513835e-08 2.447592833994924710e-06 2.020485476090390522e-08 4.561138762614394548e-02 1.604881536351722658e-08 4.223858273967662887e-07 2.094294442353467790e-08 1.287535400134893123e-08 1.485695835641675045e-08 9.308296203560016768e-08 1.331480091071264291e-07 6.837882859466326568e-02 2.995724567432415651e-06 7.393958018639988639e-02 2.919234952152446540e-06 5.726813024213995017e-06 6.019627888391575158e-06
3.114292224455715574e-03 5.581927293350356142e-04 7.537424590232189112e-04 1.624366757053395151e-03 8.892511651884902474e-04 1.242934075449082050e-04 2.410193437921251923e-03 7.572752781691723643e-05 1.000000000000000000e+00 1.198416813322598830e-03 4.806179782604752537e-02 1.711676425474498997e-01 3.040064527275471314e-04 1.258851361836325292e-03 5.236207715186855585e-04 1.749075818505886224e-03 5.589179925111543469e-03 2.780762457073121747e-04 9.665219089992756153e-05 7.356319316342578851e-01 1.768666803186584417e-03 1.955674651829718801e-03 8.694789364104877835e-03 1.588594693715203801e-02 9.231673905746834007e-04 1.393399948612508710e-02 4.180167293009563918e-03 2.153760537325721900e-04 1.508849632548810160e-02 2.132956032726490009e-03 6.088660312637512529e-04 1.431421320421055136e-03 1.286592852575734261e-02 8.272712744421459579e-04 4.350532629653110087e-04 8.249823511387807413e-04 3.116489444765230786e-03 8.012977953286233492e-04 3.780414814296355450e-04 5.533752426963995698e-03 1.559849147546869342e-03 8.867230171010171552e-03 9.871001345852002760e-04 4.281455601289297849e-03 2.500436223422527961e-04 6.668629466750120895e-04 7.945199855975471070e-03 1.256953993955902500e-03 2.439886658508064101e-03 2.901736806290313841e-03 3.519392497429535915e-04 7.682455003248407762e-04 2.325236695113508476e-03 3.258134077845116407e-03 9.780556695738336880e-04 9.871974462980881437e-02 8.113353360751141864e-04 3.757380792076961580e-03 1.867014239012783003e-02 5.259089023241023814e-02 1.492797714115344510e-01 1.944484995040329767e-04 1.001032373510094171e-02 9.208274949415508684e-03 4.590677746031349149e-03 3.985375100804420569e-03 1.560057793267221882e-01 1.453331895373062219e-02 1.931464609759761183e-02 5.705268829168614947e-04 9.396455061605197678e-04 4.775077490609698342e-04 6.068497940132548153e-03 1.674018095552630425e-02 4.512448384550063300e-03 2.234490634440444462e-04 6.892405219527608868e-04 1.972261117309768183e-04 7.687197260387230221e-04 1.400912820237390846e-02 9.888764498469590231e-04 1.116860156110651082e-04 1.296274785949997287e-04 1.613283750305984738e-03 2.147686377250829920e-02 1.902341498874868253e-02 1.578966554796612087e-03 1.407344876770769311e-02 7.780823488851707891e-04 7.376216106352860872e-04 2.392433875157193150e-04 1.095714980908222592e-02 4.413661001818393890e-04 8.635181264190187759e-04 9.392754471125267391e-04 3.700365398597165421e-03 5.494118735020071375e-04 4.180288284239623911e-03 9.572480460970818339e-03 9.555104682135397891e-04 1.067412861665874117e-02 2.652881053083619087e-02 1.484994550310402830e-03 1.523642813039890369e-03 1.872386811758687151e-03 5.790678415355324411e-03 2.513308146936362071e-03 1.095354641282648978e-01 4.819471517341951047e-03 2.942048914503219846e-04 3.983062852981079103e-04 7.227351805269682447e-03 1.635989357769174549e-03 1.582942844902689476e-04 1.097199293914857604e-03 8.465057084839678475e-03 4.612545029523460079e-03 4.406550712116920083e-04 1.982749094548812965e-04 1.447058373868989611e-02 1.871762746095656624e-04 6.395743259112162673e-04 1.813180028056465853e-04 4.082709707186674142e-04 1.057766667220226249e-03 1.673687067866334519e-02 1.439756929047417708e-03 7.653918862010222757e-02 1.318666236865480377e-03 7.850685547140630804e-04 8.967911972050205153e-04 1.862838118552912620e-03 1.562030188758817555e-04 1.697778980352484298e-04 7.694047056330901614e-04 1.043334829850849771e-02 2.338550565807626797e-02 5.760506480115894223e-02 1.757316493396337978e-03
2.050343201327043785e-04 5.785039446214408155e-04 2.042113889845659596e-05 4.990946927854968731e-05 9.537025216083259982e-03 3.338232821601002515e-02 5.475386700065461819e-03 2.498821062661365014e-02 1.198416813322598830e-03 1.000000000000000000e+00 2.169458094925822225e-04 1.082694739409765985e-03 4.340432639834128359e-02 2.308996124750303141e-05 1.166448795204539680e-02 1.991398191799706018e-03 3.661235690968188579e-03 1.226468612422696065e-02 2.149839822976517460e-04 2.372444828716474324e-04 4.704911459583229752e-05 3.624453701498396834e-05 4.722203014747157853e-05 7.750114494063155279e-02 2.304974291893144379e-05 1.297574597258961812e-03 1.155686264253574791e-01 1.718422064912459579e-01 8.078446758221882501e-05 7.798459118275583761e-04 3.763255354964305499e-05 4.415503092321920037e-02 1.740012166287901183e-04 1.547950154697670531e-05 6.502562018468667927e-04 1.792532680476148724e-05 2.349483208936055390e-04 1.619945206631184285e-05 4.552472206459058646e-02 1.239342755069839383e-03 4.390006649529998534e-05 3.833738468412465988e-04 2.165020874204809918e-05 1.051696751018037501e-01 9.735876914166050012e-04 1.474000680656055613e-02 8.489699665667926887e-03 5.850860218849815442e-02 2.789822112083646471e-04 2.005038646361904730e-05 2.662641217508209326e-02 1.588471381555001954e-05 2.889602530002087667e-05 1.072663385262311898e-02 2.461365579577438735e-05 6.120894882222589675e-04 1.797386516960922182e-05 1.523815369430511074e-02 3.694218649571518544e-05 3.709250763402625927e-04 1.998442223197334153e-02 1.890711559932889765e-02 4.526716114597662596e-04 8.238126173018739439e-04 4.623257697457435340e-05 8.041225936755672099e-02 3.534640621937330807e-02 6.372188629076313594e-03 6.377506887908641594e-04 4.799507490692970779e-01 2.489843735618032559e-05 6.608627674739023239e-02 3.819379867123210391e-03 3.995969313046989629e-03 3.822606540684690663e-05 8.076730784691583953e-02 1.753681036687698496e-05 5.366429487589056968e-02 2.247875827086247627e-02 4.866937965765577752e-03 1.840083665045450669e-05 2.579883034286397162e-02 3.227753184896236388e-02 4.914016155557970558e-05 2.820885095376780556e-04 7.994075296824326791e-05 2.756506338505155572e-05 2.936246288463661806e-03 3.175170708807042221e-05 1.688456064281454796e-02 4.467966196987731287e-02 7.441259111995557340e-03 4.050988230601180670e-03 1.797733473931632079e-05 1.526163551051950358e-04 3.214224327439066809e-05 1.909103181693152813e-03 8.327272542912522580e-06 2.506559249148045403e-04 2.216734320494365140e-05 1.390650288520167421e-01 1.017381793072795644e-02 9.530237120174923286e-05 8.461830614067678263e-04 4.213815157215818584e-03 3.831853696224130773e-02 1.577342644646501785e-02 8.949131263316132496e-04 1.534052364523204315e-01 1.049496473863280495e-02 6.453633273312723651e-04 1.727135389985049656e-04 3.251558543541753369e-05 3.368147744087899740e-04 2.860675687391980304e-01 3.151190963580106918e-02 2.829762677388036277e-03 5.063614971333279396e-02 3.390509839676555948e-02 8.795170540245572503e-05 3.520538089372406837e-02 4.598735660832876937e-02 7.512494213263714962e-06 5.244048180974838157e-05 2.524626174145918337e-05 6.190905147888099702e-02 2.385337587078457369e-05 1.132542821159533437e-04 2.597736730571692442e-05 1.587957002775137856e-05 1.877046751389132038e-05 7.301355526137739158e-05 2.210433312257458982e-05 5.413020924846994285e-03 2.414120074043763051e-04 4.106822434582451525e-02 1.449942256482889414e-04 1.336470250778060620e-03 4.467709135326264239e-04
2.222081319904873342e-01 9.279427739849807968e-03 1.059142861584324441e-01 5.090749293950190026e-03 1.876891433083368796e-02 4.867875995452770313e-06 5.159857995475545210e-04 6.883186966574733197e-07 4.806179782604752537e-02 2.169458094925822225e-04 1.000000000000000000e+00 1.025150094702789033e-01 2.088457827844650589e-05 2.488478282370600037e-01 2.039771222961472320e-03 1.642056280427522594e-02 7.630005679856540456e-03 4.380062248831621076e-05 3.685303989531189643e-04 4.747657886197543392e-02 2.650628155125238639e-01 2.567583363889227588e-01 8.158737724150771919e-02 2.717529798331954575e-03 1.695472797547805388e-01 2.458158773357519700e-01 2.092205072470680312e-04 5.753262114155214593e-06 1.085061128240093625e-01 2.245134125984077009e-02 3.169614878689210047e-02 2.786529638632342096e-05 5.134542943849081942e-01 1.967396881751452553e-01 3.282591133100269155e-03 1.975678414063549715e-01 7.130348557143718902e-02 1.927016918617599217e-01 4.554088434716599530e-06 4.580738388739240448e-03 2.561961906758075669e-01 6.933877348125997396e-03 2.001553495794239357e-01 7.771285132295359952e-04 6.314854871710737401e-03 4.582318204012155415e-03 1.845596807393962493e-02 1.941161096925781573e-05 1.745320201076304700e-01 1.376151021003107003e-02 4.427649984398143410e-06 1.877270802784479775e-01 3.241490993402523779e-01 1.498045228339549945e-04 2.056447246917060268e-01 2.889469568383732367e-01 1.946004233022003982e-01 2.283226409377928871e-03 1.119521414729804099e-01 6.579038731914021998e-01 9.319189641312337902e-02 4.766610653519517306e-06 6.159095796247056331e-02 2.580204868097451532e-01 3.588917926490497456e-01 1.236905381395865143e-03 2.102254967715750170e-02 1.122813440801171195e-02 7.550094505991162414e-03 1.436358153956956009e-04 1.859106418636881641e-01 3.110953032714916213e-05 4.170741570570605790e-04 6.901086260276767526e-02 4.100076704861859156e-01 3.743027979093620382e-06 9.803491789154641922e-02 2.403846159127523787e-06 3.398463204732478181e-05 2.501405376951483430e-03 2.185883448741419155e-01 4.071637915491227132e-06 1.677875916896061698e-06 2.280351794068728455e-01 1.796433670013616313e-01 8.631227533805626573e-01 2.625931806808946001e-01 2.393735302459391173e-02 3.268043383350648784e-02 2.158948348215499456e-04 3.011240623321985751e-06 4.592739997149287816e-03 1.727058951486973206e-04 1.969387528160444489e-01 9.256318190971683790e-02 4.032397187796600280e-01 5.838806731638620552e-03 8.344079403438151715e-03 7.894255219154100445e-03 2.143904839535050733e-01 7.783436044146086656e-04 6.205743625826255945e-03 2.419220719494999949e-01 2.076131652251044998e-02 6.283124612638705348e-04 1.496147410466256225e-03 5.396188813010541571e-05 4.474149322080733238e-01 2.234198463615094242e-04 1.130726263261616881e-04 1.439426998226043381e-04 5.365239920244210640e-03 2.363228458112418828e-01 2.567180709977254140e-03 1.145291324205243620e-04 3.440844637655121933e-04 1.165635396799077905e-03 1.122255196324870099e-05 3.197693547871047995e-05 6.323554351476277091e-01 3.580856855699561730e-06 2.587501541416426312e-03 7.688723865576279660e-03 4.453995458954584930e-03 2.122278509736476582e-01 2.209329785311096210e-04 2.901453437226601539e-01 2.501888458281620875e-01 2.322666933779883591e-01 1.933240220013767163e-01 2.092987668806344237e-01 2.363467169840294257e-01 6.028684663048844428e-03 3.278123026117396875e-05 2.229148989758652881e-03 5.665965579356224474e-04 3.207475346624574092e-02 2.049989603336692945e-01 2.529868430708370058e-02
