1.000000000000000000e+00 6.802983883327320640e-06 6.561993653202164573e-03 7.217201027097384788e-06 5.230971968462452183e-07 8.373208165896785932e-04 5.940021555472532640e-08 8.130432980398622682e-04 1.801570356702605650e-05 1.892835349011194341e-05 9.025179122145704502e-03 1.873993513878005157e-04 9.297700178302410919e-04 1.853585193973501521e-01 2.995151118576074898e-07 3.254840038246608375e-07 7.018775648409743967e-04 7.584664038022280970e-06 1.032860178182519651e-09 8.372784135942994693e-08 1.602859086786705411e-01 1.709883502927726784e-01 8.856233427396454867e-07 3.152640072619730671e-02 4.103790373831485427e-02 2.343842770969781497e-01 6.354750220069492299e-03 9.269169858958499443e-04 6.368694495796380615e-05 3.768776856209899985e-05 4.515457048271722675e-05 8.283748326268779204e-04 3.137590106159791133e-05 1.730915913910102966e-01 3.347204429836972845e-05 2.033602927661441184e-01 4.565389872885585365e-05 1.953927824230114185e-01 7.707776896844464312e-04 1.031151069301574551e-05 1.749764322702276054e-01 1.949951399599866993e-06 1.569313714430726203e-01 6.729540244623298073e-05 3.604891037838131378e-05 3.040815962962276029e-05 1.310813460224894084e-03 1.106603132357025137e-03 2.277379123165269303e-01 2.994343162748001929e-04 4.995083160596706928e-04 2.004613565000738229e-01 1.519039433209588286e-01 5.396919290691518162e-07 2.203945918643205049e-01 3.518788575649065865e-03 1.861793244797155522e-01 2.648860268850271749e-03 2.236785330241848168e-05 4.052731660884791032e-02 2.326443624081111702e-02 3.833113063031790588e-04 2.127240024902227276e-04 1.255543895579123159e-01 2.266164372387756420e-02 4.297389748518270353e-03 1.254622216463167558e-02 1.050578070022279397e-08 3.176372015527727032e-05 8.070968102857267023e-07 5.986388950158073874e-02 3.505898497769175618e-04 3.617723014358701565e-07 2.675517915974493302e-02 9.159474463131166144e-02 1.949368486528631770e-03 3.801220470880294078e-03 9.065356614101068933e-04 2.353574401468875682e-05 2.097257009398484969e-04 1.799493995572524485e-01 4.047121040931773257e-04 7.536354800683768736e-04 9.631861156071512553e-02 5.486318520941338428e-02 2.817550753613032311e-02 1.355816829150309211e-01 9.300249941838288474e-05 5.523538964056951304e-05 8.463037694121097266e-05 1.280511553661644762e-03 8.711565572375489560e-04 3.943437312560924751e-11 1.788434005868898558e-01 2.833347067012640991e-05 1.524469913026332002e-01 2.630265802154061387e-14 3.811464083803628464e-08 7.995457795489624144e-09 1.239953709554085376e-01 1.797284863615923145e-04 1.809596088126760176e-06 5.731784795971048840e-01 1.719273078751971419e-03 3.629612693265002843e-08 2.038313057724115620e-05 1.478824033592506376e-05 2.257812236474707537e-03 2.427152089423370313e-03 6.013909194885360923e-05 7.621486552123001693e-09 2.031888180286747739e-07 1.620938853879536345e-01 3.996625185329773827e-06 8.099582970270952477e-04 2.772853423363598677e-05 3.080217472848871562e-07 4.420312241388764905e-03 1.253647413587524783e-04 7.616540041046659937e-02 2.224401629956860096e-03 1.150105488028296840e-06 3.101006710399405180e-07 1.775125235147675047e-08 2.228909493859076441e-01 2.272242899091823454e-04 1.711006078114661322e-01 1.958050421940043910e-03 2.420482345476076824e-01 1.779087898047172767e-01 1.931859326969919133e-01 1.032664441130545091e-01 3.239943575845797825e-08 3.456194950632722749e-06 6.609653364271366728e-06 5.731388989182236576e-03 3.715662989345703955e-06 5.052707640156869212e-02 1.512914402400415740e-05
6.802983883327320640e-06 1.000000000000000000e+00 5.668303543506586102e-06 3.899463382497596934e-08 1.982220387109248694e-09 1.102972735952737909e-05 4.928555917752065930e-06 4.711875537160560078e-08 1.608346648650770872e-12 5.512413516642071689e-15 8.252969989808410458e-08 4.267915668657868698e-12 9.788211051071569991e-05 8.319914363762945727e-06 2.619254017221390695e-12 2.082199241186666973e-17 3.546739170262287393e-08 4.335302104468718884e-05 1.777147250793860539e-08 8.017661760845217961e-14 6.485770117526472030e-05 9.945212606693484798e-06 6.803512596452420269e-09 2.244863747054584271e-07 8.400236837902313029e-06 2.575865417693063613e-04 1.976547816498661484e-08 8.795864126542628288e-10 2.009772360681780403e-09 1.227351566118170577e-05 1.520169532117538827e-06 1.502374148220216428e-07 3.407662581793882723e-09 1.051195729156170617e-05 1.272490620722551466e-04 5.864352853138362083e-06 7.376951861359483604e-05 7.857993787643727671e-06 9.479892310025030587e-08 2.517819160411505948e-05 4.065111058934262956e-05 7.988471417952931201e-10 2.378129606385532145e-05 8.016620820894356214e-11 1.028581420933452742e-09 4.928390768287965448e-06 8.807789691740297434e-07 4.530282260908445329e-08 2.610883256453096999e-05 1.478324958580227288e-09 8.523605992092379891e-08 6.158080899371322113e-06 4.125375243365410445e-06 6.283023116300954101e-10 9.790424242764881715e-06 1.412207528735654005e-09 6.325596891000176919e-06 5.526847813159375048e-06 2.417066526204570767e-07 1.306056476063740009e-08 4.654478757899829057e-09 4.979830736199614174e-06 1.839227725890297145e-08 5.512588985964821629e-04 3.304711219466528414e-06 1.017163353992448835e-08 7.704118514815536416e-09 7.201793819782265955e-14 2.000203452577984525e-09 1.574096922248162606e-16 5.909392924748591490e-06 3.403206544775881298e-09 3.714948472828998523e-09 2.258238357262429795e-03 9.591285810802952036e-07 9.842949939545874321e-08 1.202424715610352645e-05 4.720366091062979676e-08 8.910754553177548674e-08 7.586064460453760862e-10 7.127584439638157314e-06 6.175380719910407350e-06 7.402398505091462122e-08 3.342198219303060629e-05 8.714110650234594223e-09 2.013670412026199381e-07 5.856001675145434461e-06 5.893302884275489859e-11 4.229419779777626216e-08 3.004315026569788748e-06 3.755101326801202159e-08 3.915864481484356490e-07 9.878529160637755863e-14 9.545439594022374764e-06 8.626042434161680071e-08 1.714622298563541457e-06 2.908592516223818196e-14 5.217467992963397438e-11 3.444269762797612242e-12 1.224365310048705654e-05 1.185940922696632945e-10 1.373160613129673094e-13 8.654478063569854589e-06 4.631040701678799053e-04 2.604456756156157910e-08 1.920469762850459276e-09 1.617854032686037960e-09 1.597034238177212867e-06 8.374806333293963420e-09 1.552455898143358489e-06 1.023499300697188847e-11 4.062427376274646335e-11 9.716469289546416654e-06 4.734217958132411272e-13 6.678879857939572705e-09 6.988388960988889477e-10 1.280779455481665867e-11 2.504278657112131784e-06 1.292790366907904482e-08 1.406200469123968181e-07 1.388992407006389006e-06 1.670125709673119871e-15 2.538186679614533748e-08 4.165967259007856479e-07 1.441926612461342517e-05 9.227843219116695494e-12 4.858878212554533335e-06 1.715870074506225094e-09 1.220805796802698059e-05 8.320103181535127220e-06 7.023412310542316589e-06 5.720533144599032187e-05 1.526128058228401764e-07 3.151542286480678849e-05 1.479350334965852894e-11 1.098046119885306627e-07 1.067950377007478977e-11 5.273046932784005265e-09 8.473500548462315840e-04
6.561993653202164573e-03 5.668303543506586102e-06 1.000000000000000000e+00 2.115796748203374828e-04 3.194776042828502844e-07 2.892967337636689418e-04 6.998232203503230430e-08 2.891789270932625263e-04 2.520646239630600595e-08 1.335930635859762687e-07 2.583764619647303524e-04 3.052153658444172309e-05 3.394950476798495312e-04 5.058365646188503484e-02 1.674366557588489277e-08 9.109149461690150586e-11 8.139008111666291975e-04 1.780799159012999054e-05 3.800150330071399709e-13 1.748156913683794550e-10 3.381516139573337298e-02 2.057775918379581293e-02 1.343379077801389836e-05 9.328391182703243273e-03 5.973465224619726177e-01 6.271626109461511667e-03 4.905344702961625175e-04 1.665548812361044792e-04 1.053821723696569508e-05 3.694065951326553406e-03 4.203162956219629390e-03 3.755327935128084080e-05 2.902730202130174397e-06 5.625905862973544502e-02 3.853049288037992988e-07 4.664102788126443799e-02 1.756695017538371768e-05 4.867404493122457626e-02 3.304305305240234133e-04 1.153178329163954621e-05 3.998265413458535616e-02 3.842722563773668152e-05 1.403460469185133230e-01 9.266814281966452284e-06 5.149059319288204746e-10 2.664505550390359708e-05 2.645654131612318882e-01 2.175761251080037852e-03 4.976934609464227048e-03 1.227344092630957379e-04 3.854784108637103750e-04 4.835128460471670164e-02 5.754750920835547540e-02 5.477247909672140853e-06 5.457913683577128583e-02 1.368726763947781188e-04 5.134151051290747336e-02 1.547895518974468955e-03 5.593892670554502977e-05 8.984495223873402566e-04 1.428161484623175089e-04 8.660982166107678026e-05 2.915929875704160362e-07 1.108581031998120622e-02 2.863702188398160528e-02 2.610036601254582512e-04 2.920060300994623470e-04 2.127798683710129522e-07 5.661353877683579641e-05 4.509251657652520634e-10 4.803759034264266092e-01 2.217146408572563394e-05 8.475739643159407929e-07 1.881173640866412762e-03 1.532478215697569493e-02 5.282862174006261371e-04 8.373027073202797821e-01 7.157684533708866042e-04 1.079945602575387006e-06 6.097362038401367234e-05 5.663655538077089213e-02 8.123218593852194174e-05 3.526519345608536676e-04 4.516189971472868436e-02 1.380461111169611725e-02 1.273074925811355654e-03 5.144957388355483885e-02 2.279872599250099220e-08 9.073807527788420313e-02 1.651966704767115756e-06 8.183484977414721626e-04 4.443095530686585908e-07 8.436440276922059978e-14 5.117432060433446672e-02 4.700161923999531845e-03 2.860456529436178341e-02 6.738966417611392862e-15 3.374000959463536658e-07 1.058685071976816692e-08 1.633494894576054957e-01 4.966121476123578488e-03 1.030758339952534219e-07 1.520655876196542675e-02 3.162287246796178669e-06 2.101208538688448203e-09 3.268615565985358729e-03 3.753401913957316282e-05 1.272017665871149033e-04 4.234160168877428585e-04 1.144587814234575894e-06 7.148611353909567316e-06 1.608226399986426257e-06 1.307393924504462179e-01 3.004314408645479176e-12 2.634639903679653387e-05 5.591260726647091263e-03 1.817419193119119893e-04 5.769986158251278786e-04 6.157081302499183865e-07 6.370959576260457578e-03 5.999649147950017166e-04 7.295277143004634165e-06 5.103488793795349365e-02 1.901348352754236219e-04 5.394393652558291535e-02 3.362804290428375386e-05 4.985096932221019100e-02 9.091682774625417052e-05 5.948751456584283615e-02 5.289849463089101034e-02 5.962299491121726691e-02 3.717223197226805081e-02 2.172038288260044574e-03 7.644318614769013580e-07 6.976668021841811397e-06 4.410256791124455428e-03 2.538908061301608645e-05 5.694121108952177046e-03 1.426545616377123234e-05
7.217201027097384788e-06 3.899463382497596934e-08 2.115796748203374828e-04 1.000000000000000000e+00 5.727078390210861452e-13 2.543186448898887990e-08 1.782975838766025133e-12 3.587650041022617961e-08 3.614239936859432473e-09 1.620408403195761640e-14 4.193865573209827995e-06 1.947307858984994770e-05 8.787209052145472420e-09 7.721291779267252465e-06 5.532787260310641020e-16 1.902465888539087907e-13 3.697564052507333610e-02 2.814140090403523274e-11 3.573855994632616042e-12 1.542866054484154786e-10 6.734281695935982665e-06 1.404906719671723436e-05 2.809972661131764581e-11 2.121414113539493035e-04 8.359115933130599506e-05 8.934790009029998581e-06 1.386152612517124421e-06 3.873357320334764342e-10 1.959141202640194551e-11 3.169879303944171276e-04 3.907846744998956165e-03 4.626918266096033345e-09 1.247940867192519825e-10 9.748738292752680181e-06 2.674452487001872321e-10 6.254683513606148880e-06 6.098131263162558872e-08 7.491190173565463300e-06 1.173603388399500067e-08 1.800450706324368851e-10 5.287082671511500420e-06 1.711939891391381927e-03 2.064057287397782453e-05 1.533322058536339749e-06 3.549266089756165458e-12 4.321168893450284173e-12 2.293823410663315971e-04 1.365780946238621498e-06 2.453376180777410944e-07 4.817962791337268569e-02 1.473282273608617744e-07 9.418421836574563958e-06 2.568226684295363834e-06 3.584315647806157205e-12 6.752284926121138714e-06 1.716812459798630419e-07 8.773196398600166022e-06 1.043220392723462515e-02 3.540092053844424654e-11 3.427654524594965912e-07 3.267743566253690526e-06 6.541207873348335530e-09 6.134374595758002754e-09 2.070534278053635943e-05 1.428780720758728046e-07 8.524031002992156600e-05 1.080057821114462180e-05 2.625294326487371836e-10 3.506834571389507863e-08 2.360711633197654161e-18 1.156552608745387305e-04 1.055667841892460786e-07 5.907125886525594249e-09 6.085480973413468252e-07 4.754547082711379639e-07 2.026321484923185761e-08 1.254861428250773783e-04 4.480806471716185273e-08 4.208208804111668138e-10 3.820139016374520945e-04 5.549330777053041740e-06 1.124706217931651061e-08 9.073390548699294721e-08 5.102564948786387480e-06 1.212014613987746090e-05 1.846143055871287740e-06 1.520375548144653014e-06 1.391813474342115037e-12 7.531554923965488054e-07 1.150360406362399133e-10 4.922572815198132792e-08 3.574293557375243221e-09 1.187597695770349181e-18 8.055092995243069094e-06 3.331934474324786454e-06 1.995471474100776447e-06 7.272776502853838406e-19 3.662819994065778030e-11 7.170299819555651852e-13 3.608352177165068613e-05 1.890136954183637866e-08 2.083062837285368140e-06 4.867772167563313065e-06 1.269463382145482798e-09 1.222966394099303643e-09 9.650091852363275309e-07 1.356036793081768671e-09 1.798180625258407957e-07 3.730572422189408986e-07 3.358646940911015817e-08 2.020177175809365145e-13 6.051887683247152998e-11 3.371149332280514886e-05 4.493340874578217068e-12 2.195490203783037106e-12 7.554584818808478908e-08 9.037865052471203497e-08 4.833955744717143815e-07 1.793009725794555120e-10 3.737867148936053651e-07 9.729776242251959430e-08 1.265740227359012221e-12 2.692842800599829462e-06 4.014200714427223072e-07 8.749629364039696465e-06 4.813141879733347261e-06 5.267073886764760077e-06 2.060317784525863436e-07 4.755031834677891762e-06 9.202890970121261740e-06 7.456230282066292419e-06 3.411889810241690674e-06 4.199858358550975604e-06 5.324415110121028529e-11 2.738413199425920180e-02 1.601724852408459472e-03 7.269173733782083424e-06 2.058570029413655665e-05 1.227464302602099053e-08
5.230971968462452183e-07 1.982220387109248694e-09 3.194776042828502844e-07 5.727078390210861452e-13 1.000000000000000000e+00 2.453923798803652468e-05 4.839338705675878814e-13 2.043612900314049328e-06 2.053285202519745308e-12 1.759700984677805330e-06 7.283567768897373804e-07 3.028907059447120513e-09 7.419274608824229103e-05 2.876701466589386643e-05 8.567301158369317672e-06 1.202498693589466002e-11 1.756444934155743844e-08 4.234492492227714798e-06 2.033060870611621697e-19 1.038519280687202993e-13 1.103905735684509320e-04 3.733098121865055768e-05 1.108896868641667219e-06 1.516717208560197243e-05 9.974653667846643457e-06 1.227771413906714974e-06 3.807168177859851436e-07 7.764763048979219436e-05 4.872933436670850805e-10 7.489143910104114161e-06 4.789373425577208691e-08 3.585072600120830211e-10 5.521893999253855731e-07 5.629870406995913568e-05 7.723041424374642646e-09 3.222395378548917983e-05 9.925908858671413226e-06 4.505562200287709605e-05 1.504188893025104183e-07 2.012279507964651910e-13 7.319185949602637759e-05 3.055134072766587977e-10 1.685905019727136029e-05 3.483705968020643379e-05 1.269888639246898194e-12 6.288015020201788277e-06 1.076392314650661059e-07 1.960036696651369606e-06 3.784919037748995965e-06 2.986919765339939799e-14 1.837103611115071572e-06 2.218203341519418077e-05 1.476768781184713461e-05 7.774194860572419687e-15 3.154306758992233976e-05 1.808829449779898404e-08 3.244671907890994938e-05 1.991044922695869483e-08 7.113651233811003099e-10 4.160352830528670985e-08 3.120079970273889752e-10 4.472956123862866922e-06 6.102705535568414476e-06 2.912074438044659661e-06 2.388501016178614221e-06 2.196749797041824560e-06 4.829896069549539056e-10 2.376230973542347919e-11 4.385951398704343754e-09 1.000103019613600548e-07 1.018572976335079046e-05 7.772550490065751900e-04 4.800652526505978726e-07 3.550263418514803451e-09 4.030935234737631374e-06 1.859415729381559508e-05 1.090130370083334278e-06 9.583773778016429900e-07 2.138618506394973318e-06 1.522560369340127318e-13 2.716521692139461596e-05 4.913967820238047040e-05 3.854883267684472612e-06 4.482652778598117296e-05 1.398889868062951460e-10 1.061128587384351929e-06 3.333758543916820905e-05 1.962964299307053970e-06 8.286812071921009684e-09 1.511366368950861335e-04 2.973390038743393229e-06 2.765731148120395092e-08 7.639260025743175017e-16 4.338006565411160428e-05 6.714042402682752473e-06 1.214245907793475665e-05 4.262695869068270562e-09 5.995544428961289039e-12 2.758800896540577302e-07 1.719219290382503179e-05 3.309192731038929530e-09 1.745118913860438448e-08 9.586538912406266803e-06 3.342374872594485378e-09 3.856562815832295480e-07 8.227879457258473742e-06 1.069638051756221731e-12 3.272273031840325818e-07 2.464940067583565580e-04 1.797880050463614615e-07 1.870164756949196172e-13 1.500459764289317535e-09 2.364800999079310958e-05 1.572432244526576156e-15 4.009087493821681595e-07 4.809118157364282147e-09 1.327272984671738201e-09 9.285083661337838420e-06 1.632233787105146883e-07 1.286936909316640681e-06 8.265216451894973676e-07 1.599494447831047711e-07 5.094367471394481919e-10 2.040021590024234641e-07 4.033288131165756288e-05 8.552701261610481025e-10 4.613381895132682444e-05 2.475606343815106836e-09 2.304301702801694215e-05 3.318978746207120741e-05 2.885499491270648905e-05 1.620069033585742446e-04 5.563919132566799928e-08 1.273306890600592815e-05 4.133063914441951969e-11 6.050571124002926819e-08 1.045022463262757432e-11 1.431372059506972505e-09 1.741183377677063292e-07
8.373208165896785932e-04 1.102972735952737909e-05 2.892967337636689418e-04 2.543186448898887990e-08 2.453923798803652468e-05 1.000000000000000000e+00 1.103270245008887752e-06 3.063539763361559642e-01 6.003309908161225388e-08 2.651921339850012365e-07 1.621032598250489573e-04 5.418048049231978359e-07 6.267047636620649564e-01 1.033779787276922074e-02 1.496750890976940608e-08 1.616341009411599728e-09 4.343939817495525865e-07 1.240548022278635011e-02 1.348547256601680920e-09 2.067405399569526710e-09 2.965601009023684145e-03 4.115027549709509951e-03 1.587377286931352258e-05 4.967841509855939336e-03 2.172052345031747801e-03 9.180962008411409567e-03 5.532322884697076643e-02 1.690912610560288756e-02 6.041069840682638601e-07 7.675437694645633889e-05 4.354531775768471538e-07 1.290238204063219075e-02 8.947926413760303032e-07 1.233760600033940655e-02 7.370538004962400947e-07 1.093135597272863746e-02 3.189337763075462994e-06 1.013058554649293001e-02 9.797550002736475638e-02 3.733216476675196692e-07 5.435596133788014525e-03 2.935569610167583334e-06 1.017037280276706333e-02 2.146920347597111383e-04 9.904975967421280458e-09 6.641753962595749776e-07 1.410274647207687606e-04 1.180322161289259486e-01 1.568139006882761908e-04 3.978867375427777202e-09 3.351199064654421522e-01 9.643627408001351556e-03 3.960680942577244831e-03 1.200319063059232435e-04 9.752134554864446900e-03 4.485871449110723924e-05 1.002107413492814118e-02 1.677228540853978962e-04 1.119071819078777620e-06 1.183186451668093278e-04 1.050004056288961446e-04 3.692559301913489467e-01 4.110784065776975272e-07 1.708709963946730345e-02 7.917668514703862315e-04 9.916658944483323218e-04 1.875153833431104520e-04 9.698824642478613003e-10 8.876853746459080222e-06 5.157266535899983558e-09 3.032425128947284759e-03 3.136954895261942489e-02 1.494931816810784716e-03 2.339491562832030460e-04 2.382170251257236231e-03 1.778656111471661472e-01 3.456488412643739130e-04 1.976962928481933168e-01 3.657164788863931934e-04 1.798078092526768498e-07 9.960128692738030518e-03 6.456957838185571896e-01 3.055821034246542500e-01 2.655997632829750973e-02 3.416107987828434625e-05 2.800800188988686237e-04 8.643080447626946827e-03 1.869823303484513078e-07 5.961740210909200071e-06 9.508564099298044345e-03 1.815069370156478235e-01 9.156967163923076340e-06 2.452374620476727374e-08 1.103396183627878419e-02 5.430983806020395587e-07 2.676457665102215631e-03 3.098452431149166744e-12 1.734034487779932686e-08 5.164581796229774731e-06 8.376655055636336028e-03 6.350482206163003294e-04 2.793007042849760616e-07 5.373623079295022052e-03 1.597478309613153280e-05 7.501218079108398517e-06 2.984231444894206711e-04 2.921011744291088230e-03 7.393443588544957484e-05 2.390084874315062669e-02 3.292171890304536677e-03 1.032650288366335938e-07 8.489695729837505175e-07 7.249199122469787357e-03 6.927700489549675620e-11 2.623877527916417197e-05 2.486116731410081392e-03 5.974630012628144773e-06 5.789310258136508569e-01 1.316643562949559691e-02 5.857887405016982182e-04 4.955285466076668199e-01 1.853199471803152178e-06 1.694733758816534423e-07 5.284115221585564881e-07 1.016874311483340065e-02 9.312241701544244862e-05 6.753157582699385354e-03 1.302118261093212436e-06 8.144653845191534777e-03 1.123245986756336856e-02 1.005081610449729511e-02 1.058328724749920367e-02 4.973633580714129571e-08 4.712586562735446294e-02 1.022604665377737365e-09 1.838337910350913360e-03 4.334935151170211930e-07 1.659900322112772126e-04 5.322875538633828285e-06
5.940021555472532640e-08 4.928555917752065930e-06 6.998232203503230430e-08 1.782975838766025133e-12 4.839338705675878814e-13 1.103270245008887752e-06 1.000000000000000000e+00 1.664333853037834026e-07 6.554687904240357609e-11 1.038441278219411476e-13 2.783722613150945292e-07 2.563411573104230859e-12 1.459945045047956695e-06 3.840863969244458785e-07 5.444159581672136089e-14 2.138658469077015054e-20 1.079641031271062189e-11 5.027580211469981743e-05 4.420749606204389445e-13 6.734011130074848328e-10 2.190830156370421293e-07 1.125260629113877820e-07 1.142219225115950014e-09 7.861929149686559035e-09 2.480346696059939206e-07 2.632166309610659770e-07 2.232539445833829084e-07 1.196553961782702257e-09 6.528794776980125086e-11 2.182609065096301344e-10 1.141895548362280360e-11 4.656421645245068636e-05 8.202259499372599315e-08 2.425803753969849957e-07 3.323152396154720266e-13 2.568580773322945698e-07 2.739659948371041703e-07 2.388853456117886495e-07 1.114246902115740986e-05 2.909682930812762716e-07 1.030800213869249745e-06 1.769274052419732134e-15 6.903480755109770619e-07 3.283757342934479452e-10 7.320109326186483941e-17 2.737692064055219741e-07 8.242798857517221734e-10 4.143218210860378035e-07 1.707994637148547578e-07 8.665579470253203878e-12 1.796032275906951280e-07 2.297659805589587371e-07 3.733219935479238956e-07 4.022771995750390723e-06 4.909520267225634437e-07 1.394704559945867806e-11 2.441788419767461281e-07 2.796993807932782711e-11 1.341001115411908918e-07 2.654794691258581044e-09 1.101842228147637585e-07 1.544486364743906872e-07 8.183540962255339760e-12 2.788363674735720750e-07 2.942292562782876019e-07 4.984246612469906009e-12 9.140731343989953645e-08 8.161985604042277076e-09 3.286734928636531024e-13 1.299775557131078833e-18 8.227045266238380800e-08 8.589683771657358668e-11 6.410283670839295217e-11 3.297681857829129026e-04 1.597236944825082836e-06 5.634776649857809909e-08 1.558953603128180186e-07 8.216249267293425862e-07 8.522226569797706001e-13 9.423751513352102834e-12 2.979637062725987070e-07 6.484558284979002912e-08 3.481302295713141588e-07 4.500045704246620729e-07 1.659890392128935529e-08 7.936895247865099309e-07 2.554761122167376127e-07 1.424953350241417808e-11 6.151002298962455142e-08 4.220057550991364434e-10 9.391399556852448894e-08 2.846978566656824139e-12 4.956478940135207287e-09 3.948617496891201930e-07 9.780055120287027961e-09 1.969809378849938854e-07 1.028841176237594329e-15 1.944762778126420309e-16 1.134629922519288116e-14 4.607162384713928114e-07 2.355706512942269496e-08 3.246504583945629720e-12 4.019903543662835447e-08 2.623541516187533723e-07 9.118712394732914968e-11 1.176440342772186571e-10 6.719681163724919992e-07 1.790238980349106086e-06 9.485923099192425234e-09 1.715935309213977334e-12 1.125401250321696173e-14 6.760664308551179348e-16 2.658708337821952108e-07 1.246860449765896513e-20 1.546667681994378572e-09 8.002576451757620903e-08 1.274240658204611638e-12 6.178754626539007273e-07 6.363480283057594074e-11 2.307520928282836249e-07 8.622624402013879100e-07 6.171137913486789962e-16 9.375033077777048686e-11 1.532261846465156121e-13 4.877355550741563791e-07 1.029477133034472249e-08 2.225822183785779587e-07 2.349538782918013347e-11 5.710249121546843806e-07 3.029640075231993189e-07 3.692196738607539265e-07 6.366361104637534893e-07 1.063872734069099696e-11 1.596759262892389572e-08 4.991320908425644903e-15 1.148686195560934125e-09 6.528911184250541047e-14 5.244047461278611648e-11 4.122904224168297846e-05
8.130432980398622682e-04 4.711875537160560078e-08 2.891789270932625263e-04 3.587650041022617961e-08 2.043612900314049328e-06 3.063539763361559642e-01 1.664333853037834026e-07 1.000000000000000000e+00 1.546902067841265654e-06 4.895664076231398503e-06 1.824334831257210898e-04 1.009198094007528090e-05 1.087373858661512815e-01 7.722168120378055355e-03 1.643290310079110679e-09 6.764090409656884989e-10 1.237384465358577082e-06 2.696050075340238245e-04 9.011475131783576433e-12 1.473555426424265362e-08 8.065975861323502723e-04 2.095974606202421174e-03 2.714009938690887110e-06 1.349238103451859232e-02 1.764319015357752917e-03 5.748702592307105771e-03 3.321513341083670579e-01 1.103962928415712363e-01 5.326113157412676043e-07 1.522649135364303110e-05 1.218704981899331610e-07 7.066960089683284318e-02 8.956897731578527615e-07 7.600354135753746056e-03 1.033643062700556665e-08 8.561815267195979282e-03 6.557730192025571508e-08 7.185161358879879612e-03 5.007166168139466356e-01 1.849065012165957668e-07 1.715160341179558208e-03 2.687817879154105864e-06 7.047025627491876332e-03 3.849089393267589483e-04 4.261638406681864161e-10 5.468900954464096130e-08 2.790908872833684816e-04 2.980144490504201271e-01 4.358046828513867263e-05 1.291047782874434884e-08 6.577566523582458746e-01 7.709460574629614302e-03 4.120153847676834638e-03 4.167760990786574375e-04 7.503428693339442637e-03 9.380794430538913736e-05 7.508473797718133620e-03 2.607133981775800282e-04 4.455576630705422474e-07 3.158499941784834522e-04 8.823425297481890441e-04 7.836384864750901846e-02 1.329547801086746293e-07 7.374130948929572514e-03 6.241381656126897878e-04 5.660812544991093362e-03 4.226252210648313683e-03 5.827361592614140003e-10 7.559902131810344171e-06 4.570548091185423345e-08 2.701523462524230666e-03 5.866178985421838243e-02 4.805122470753551262e-04 4.278639987810598308e-05 3.388373300098468290e-03 6.232389773791182641e-01 1.836158666720783786e-04 8.456488392878613869e-01 6.192067031533747394e-05 9.612692175332218585e-06 8.416764998416861529e-03 1.766583096736601688e-01 9.257973207575315167e-01 1.144506142774692065e-02 1.366994697059655288e-04 4.152278514351170728e-04 7.001675781066353695e-03 1.072493707710222506e-07 2.924269828556378598e-06 2.597947408520046215e-04 8.344903434265508180e-01 8.789494470838896913e-07 4.011504000598717242e-10 7.428889984722095684e-03 2.306888762135352148e-07 2.537144997045518054e-03 8.453466118840911216e-13 6.424943636385298505e-09 3.263231851788818037e-06 5.884686363460344370e-03 2.856317465057929810e-03 1.734769849598105102e-06 2.982669299045300100e-03 1.469724335248592374e-07 1.075398144113256536e-07 1.218168578942253725e-04 2.056844830193526458e-02 4.356907105875269549e-05 8.421828459148404666e-02 6.316753975884684407e-05 1.710991382193474337e-08 4.828477536147737214e-07 5.283729738988141543e-03 1.146240463934028861e-11 3.856080204369810853e-05 6.621690892031966043e-03 2.544800115005165912e-06 5.102381289599069447e-01 1.046422066732189630e-03 1.212180362200917898e-03 7.245943184432430684e-01 4.110097793649659638e-06 9.551578289091564285e-08 1.130425945579888913e-08 6.349167656275547106e-03 1.230779727932826417e-03 5.186401611659445521e-03 3.118854547699221339e-06 6.066529229658732328e-03 7.868163063121259154e-03 8.476361200747826313e-03 3.160336970902386401e-03 4.810231839454585405e-09 7.879358048054224163e-04 3.747208147017067347e-09 1.535822035130616527e-02 1.870416600499724019e-07 8.766076563287899864e-04 4.408813474552463845e-08
1.801570356702605650e-05 1.608346648650770872e-12 2.520646239630600595e-08 3.614239936859432473e-09 2.053285202519745308e-12 6.003309908161225388e-08 6.554687904240357609e-11 1.546902067841265654e-06 1.000000000000000000e+00 9.175131578057358260e-11 1.767640542909793954e-03 1.428484220748351546e-02 5.117438730591339994e-08 3.595794637751928039e-05 6.660100088094012327e-13 2.763171986466516145e-13 1.442217875684943426e-07 3.131141650932546479e-10 4.404674622621855940e-18 5.113432996604944797e-02 1.299474368945046890e-05 7.651803054155919214e-05 5.867877849812281493e-07 7.930174378077292521e-05 4.364786321767083994e-07 4.156743434048483315e-05 3.042332598682002677e-05 2.459836186138694251e-07 1.882573905021643048e-06 1.579492134706773148e-09 4.303076135700357737e-11 4.079213521699580682e-06 1.252394569521596229e-07 1.304283176762804149e-05 4.164065872403944547e-11 2.541119120695460823e-05 1.109233671335868147e-08 2.527728768649631792e-05 2.995276477265286957e-06 7.627876183673753399e-09 1.179906847532360335e-05 2.953525082725597968e-07 1.096234252614043420e-05 3.850085703501772164e-07 1.410881837396533463e-14 3.248650536466224368e-12 8.644300794182296256e-08 7.147799553792362854e-06 9.304122631203425581e-07 5.193489954954475131e-08 5.544800468261678385e-06 3.776138037598696735e-05 7.423046237810219526e-05 3.445078960437756985e-09 3.130225361068435285e-05 1.231040128698072467e-03 2.838501207000321033e-05 6.951197002180718520e-08 2.708837533916779652e-06 9.116714121001450984e-04 1.283163275095389102e-03 1.936075518417825951e-07 1.105755200542370376e-05 1.561401111093716550e-05 1.625944887527155884e-05 1.560999718969098863e-06 1.872346668192974642e-02 9.221470355296906876e-13 1.795577667012158773e-05 1.059911302381703619e-12 8.141796670857165696e-07 1.715278110539006575e-06 5.248447767717778859e-06 8.707801677847404929e-07 2.277123547123756332e-04 1.507338724996866114e-06 3.478365176926324941e-09 9.435544572049005752e-07 5.801785146433656558e-08 1.061382662718068828e-05 3.843048393544908309e-05 1.264215527860243750e-07 2.645736361530225268e-06 1.370263122226827552e-05 5.808013195321358188e-06 8.654412029623719492e-04 3.402392701715940197e-05 3.752155257254273418e-06 1.525009714392578192e-11 1.142054473694695573e-08 3.534190368144752613e-06 7.038953150306037193e-07 4.427367798910670947e-16 2.394029707151828189e-05 1.885573047407609897e-11 1.294420772659014797e-04 3.446943703269162365e-17 9.708985881430132332e-08 4.565378614919042266e-07 8.324209808888053763e-06 1.270544525105386526e-08 4.131751155009950535e-05 4.753147156850319252e-06 2.731307249611742517e-10 3.805249602807646051e-10 7.025242704375406656e-10 3.371042741076277785e-07 2.471819613787437208e-04 1.311202349717095479e-04 7.648270968939721263e-11 1.233398757251159657e-15 2.327808937194783954e-07 1.461178744539572500e-05 1.495827486710467843e-14 2.517044740642930522e-09 1.881488069709843248e-08 5.928452789067090925e-11 3.572640030230726319e-06 1.440967057048523644e-10 8.768218186067745562e-04 9.284151733344880810e-07 6.354010470194528992e-14 7.945966131709214594e-14 3.071374282024661122e-13 2.333098763910238305e-05 3.746837205806254187e-05 4.248386839973088797e-05 2.159506718958440364e-03 3.587512371749899151e-05 2.380663546083486060e-05 3.043132160480758444e-05 1.041585535253422486e-05 5.456294452471127441e-15 5.888664035542310461e-10 1.325229135433681651e-09 1.095042624626358675e-04 1.918877912973734290e-08 1.734041335772388377e-04 1.923390249823194580e-10
1.892835349011194341e-05 5.512413516642071689e-15 1.335930635859762687e-07 1.620408403195761640e-14 1.759700984677805330e-06 2.651921339850012365e-07 1.038441278219411476e-13 4.895664076231398503e-06 9.175131578057358260e-11 1.000000000000000000e+00 9.463444071588677668e-08 2.863975418636272795e-08 1.860859812920138145e-07 3.689340626259799161e-06 3.657760203700019050e-06 2.449446240582335002e-09 2.603759218295591403e-08 4.996112649303031517e-10 1.891120732093972577e-21 3.257850187420293574e-14 2.893784227133175810e-06 1.461281040622583120e-06 8.044725955651485553e-11 6.058242965273794522e-05 2.007291337693379532e-06 3.247400757456722622e-07 8.848239936612742223e-06 8.240013676549681754e-03 1.425392834099305458e-08 3.917383201729509506e-10 2.151134578795045357e-10 1.224631570474042418e-07 3.474700833352680918e-07 3.482681364394961166e-06 3.395710239238947726e-12 5.021011213003139732e-06 9.445530814357961500e-11 4.391462472352199301e-06 3.753136972041912861e-06 1.369486444482098888e-12 3.784499663463768838e-06 2.730444030418651948e-14 1.890419972246664002e-06 1.188811289320022315e-06 1.276253839088849964e-10 6.318182771200071929e-06 1.609658498899427050e-07 1.565125490081738241e-06 3.599646127390871011e-05 1.117986780082566524e-11 2.695993836742033030e-07 3.067667690572872712e-06 9.739434264955993648e-06 2.211501621390181128e-12 5.434250134473307991e-06 9.292836266184887325e-08 3.637626813675298158e-06 4.134272499332445398e-09 4.607812768017354228e-10 3.189901204476995457e-06 1.044536514468694262e-06 1.813981062146526889e-08 1.200506975643645169e-08 7.481789787454288225e-08 2.485438672802532430e-06 5.516947325744574257e-06 5.212680453195500720e-07 1.254861462189439380e-10 4.261338399170282008e-10 3.903854670074128480e-02 1.955655097372261907e-06 7.993932255062830822e-06 6.160372512178996538e-13 1.396544840881331030e-08 9.008473799687591438e-06 8.731767187185433962e-05 9.943648184626672882e-08 9.618701843563448784e-06 1.224863558203705526e-09 5.618716616760767803e-10 4.455522532673929849e-06 6.951914227239334274e-08 2.925378230538866683e-06 6.850819859015918134e-07 1.357143474939650750e-06 1.140368389444668494e-06 7.502292603564421781e-06 1.740048421154873896e-06 2.094305064374653584e-08 4.102184830341452508e-09 1.805942690210055447e-05 9.987913696616540992e-10 9.452396416127736054e-17 3.542699254370339348e-06 3.309817342411416046e-07 9.733406547096456709e-06 1.158916536481334188e-14 1.465085359299301279e-14 1.208706830476090137e-12 1.640439910386266858e-06 6.134970982751410239e-06 8.802335478850975561e-10 1.518708149414307216e-05 3.223226865969031373e-10 4.931250075881850051e-15 1.212280736695324605e-07 1.102466796810225121e-10 5.027869222615268579e-08 8.522428904045350052e-05 1.440705164484454941e-11 1.965233327482815727e-12 3.644755754853656204e-12 3.049817202885156143e-06 2.445874253367929667e-12 3.067405524175142138e-03 4.453538174264053093e-08 2.525277725922593855e-11 1.154695793566966184e-06 1.176588663481120739e-08 1.400355056079531764e-05 9.885862053944011832e-07 1.058782738875901300e-04 2.164245355422306254e-11 1.784611285966692742e-14 4.340033038266920141e-06 1.516283219642769575e-07 7.585213053776799141e-06 4.878352585248425219e-08 6.419519814962673479e-06 2.914233428495771889e-06 4.898453925465177183e-06 1.962521634835885330e-06 2.756344131275347864e-12 5.481595894656267481e-12 6.444075357796025857e-11 2.584127762496686330e-07 4.525062145269030390e-13 4.711312490877227970e-07 4.733161895908185386e-12
9.025179122145704502e-03 8.252969989808410458e-08 2.583764619647303524e-04 4.193865573209827995e-06 7.283567768897373804e-07 1.621032598250489573e-04 2.783722613150945292e-07 1.824334831257210898e-04 1.767640542909793954e-03 9.463444071588677668e-08 1.000000000000000000e+00 2.744362513537956794e-02 5.987354547199977728e-05 5.675960298982807989e-02 2.691058815472142912e-09 2.204135781372878764e-07 1.090620991784764737e-04 9.246108468400982951e-06 3.186973071499637592e-11 1.279293217592935997e-03 2.193128871286977380e-02 3.962496688671245104e-02 5.273824404727042768e-04 2.799438218422564337e-02 4.304783569137733863e-03 3.020514210138496199e-03 5.429020083804692032e-03 3.327541517401803769e-05 1.418764842912094925e-04 2.320108369428158020e-04 3.228761990800940338e-05 7.757510179024837828e-05 5.336216505998330438e-03 3.435481974079172135e-02 2.936436249577872661e-09 3.768798259070955947e-02 8.542725162527264090e-05 3.776556600281768400e-02 1.451839858253670405e-04 2.026557896923339175e-09 3.625624316152422505e-02 1.533074352614277857e-05 2.080312099384822033e-02 3.571667208427337179e-03 5.490041141614815279e-09 1.080551513425835498e-07 3.015113513856686772e-05 1.269089780640081811e-03 1.955715490043200694e-03 3.917218787695641414e-05 5.992054590529883370e-04 4.121374386715424137e-02 5.144084376359259886e-02 2.320935592609367269e-08 3.583490340911739402e-02 1.798238462761732326e-02 3.935238178836052841e-02 2.353136335600837311e-05 9.661068073648635725e-05 7.337619092912230079e-02 5.393282963447983830e-02 4.645388741599720323e-05 5.698040751581933436e-05 3.328595629287977795e-03 1.143166858603069866e-02 4.227290128545772635e-04 8.461095460407122223e-03 1.359968493942593147e-06 1.291401892507766712e-04 5.621027107463153099e-11 5.932958306518557393e-03 8.346954976587424389e-04 2.076363420252655607e-04 2.502789023942554483e-04 1.160421331885013868e-01 1.535602499387245159e-04 2.263242062850431076e-04 1.678620959993250934e-04 1.951518851698510228e-07 1.079211146574609114e-06 3.809959998550010302e-02 5.978006853979996157e-05 3.650027149531345771e-04 1.933161684552984691e-02 2.913660053487753497e-03 6.539206509763090258e-01 3.151920734271131813e-02 2.186778111152336881e-05 7.697329712280880545e-06 1.674228891267897081e-05 1.786634201862525391e-04 4.353863987252538487e-06 6.859507511091827016e-09 3.822691491761578270e-02 8.741865810914752261e-05 1.006230110943018841e-01 5.875686897175582232e-11 1.294189851347572518e-07 2.031594694250967326e-05 2.512083502430081591e-02 3.196107107595517436e-05 4.786460042435447711e-03 1.914789406053336515e-02 2.927862820824305459e-05 2.507074152583535757e-06 4.790168872876651712e-05 1.381885328619174296e-06 1.803275466061425025e-01 6.824959886067031613e-03 4.458121302124196329e-06 2.173346938737233341e-11 1.026659459430033604e-06 2.737686154215623544e-02 3.850227246546281269e-10 1.678064781183282006e-07 3.421866777117094983e-05 5.694588220368193908e-07 9.927275740305198382e-04 2.177248140209977752e-05 1.476350312698281042e-01 1.945240276162830224e-04 6.943838648716599692e-08 2.167247550096560910e-08 5.308030855259421816e-08 3.643744928710322684e-02 1.310927194647738825e-03 6.797006967538343769e-02 1.136052609175150843e-02 2.939425583854303817e-02 3.669277396248349365e-02 3.740379323012684581e-02 1.677923655220164498e-02 6.968896910749573662e-08 2.473580019191492935e-06 5.705099102226054609e-06 6.744246554626129710e-04 3.723477946579041814e-05 2.267843057248363891e-03 1.616899395168636634e-05
