1.000000000000000000e+00 6.816023751166831735e-02 2.371398394279774779e-01 4.734982501684205022e-03 7.038042048656042993e-02 2.750439642410655084e-04 2.312784946264124369e-03 4.531710085437895926e-05 7.137163681341525921e-03 4.351554528381334878e-03 2.396747484178096410e-01 4.897696167195972339e-03 7.393654819481265553e-04 6.255946327394653617e-01 1.252483931345010904e-02 2.048461343377186161e-01 9.582344068726614261e-03 8.100931949476853928e-04 9.923738732381401709e-04 8.237868634488084221e-03 6.262295715729840895e-01 6.456307457886558687e-01 3.774742578184327874e-03 1.413180328859834321e-02 4.553253033938377548e-01 7.309454537912444261e-01 1.823275538497480834e-03 3.284463857298627974e-04 1.548833030586254777e-03 1.512400574572939603e-02 1.105664852002934649e-02 3.778579258509959108e-04 1.235871163556659103e-01 6.113732993233569335e-01 5.496885725076744444e-02 6.123997840775511348e-01 4.727316436681253814e-02 6.143027232247931790e-01 9.992715902090749263e-05 3.083483961696361839e-02 6.519735099155671287e-01 3.635600267070593188e-03 6.270370653236218006e-01 5.130941159089727477e-03 6.283724154565317223e-03 3.629827943103083876e-02 2.083033719511973025e-02 1.922698683024332217e-04 7.290093481669648323e-01 2.499010372156875576e-02 1.351427991543025626e-04 6.175291125788521240e-01 5.803797907041275961e-01 6.725712578271559553e-04 6.211797108104258891e-01 1.855928362984828398e-02 6.130621620420945161e-01 1.411312803220273263e-02 3.748784128411611436e-03 1.222123993292393712e-01 6.012358138061772023e-02 2.209822736866026162e-04 9.961468101603360159e-02 6.860763242622192060e-01 2.905015752358979797e-01 8.286146369766982100e-03 1.423399787711126206e-02 1.287185623010364717e-02 7.387203347374518428e-04 7.612507929715280584e-03 5.154344891335942425e-01 8.091162671515981760e-04 1.006801211355032311e-03 2.203993288867263645e-01 5.242660296181697044e-01 2.060775756342932282e-04 2.202719226527312391e-01 7.936690958535595395e-05 1.311021350416162337e-03 4.726389500215681487e-03 6.148621492896917395e-01 1.950807838425136921e-04 7.435788817922166390e-05 6.241110792569413146e-01 3.873588771997640845e-01 3.306018709170853720e-01 6.072174436753972060e-01 4.945807965454190880e-02 3.559395524459480625e-02 4.355020352309136970e-03 1.106338337754338364e-04 5.711642384469230171e-02 3.683065215509687910e-03 6.180263013819093931e-01 5.184349880762018081e-02 5.323011982538349285e-01 4.828982054286608955e-02 5.429986079135155143e-05 1.055962778705153444e-03 6.171434814596626905e-01 3.592926949575889466e-03 5.320574336251436207e-03 9.318431124603461235e-01 1.396516272981703222e-01 8.223623616269630163e-03 1.981437387765298559e-03 4.291576963406339693e-04 2.852580585945787769e-02 1.983735004848599312e-03 6.943099854035344499e-03 9.446505030721206401e-04 3.570394739827796962e-04 6.271728122406879935e-01 3.484589841648567422e-03 6.225521290110166278e-03 6.811570018672015404e-04 7.831371738709895936e-04 4.280701465919429160e-04 1.968093813079469390e-03 3.588768129428938636e-01 1.928030997663217675e-04 1.355656435919969614e-02 2.668552687637473254e-03 2.673114600518918752e-03 6.324678971024338958e-01 1.484100084295452695e-03 6.198388357293780349e-01 6.490238042560920670e-03 6.273305137701099543e-01 6.138073729432931280e-01 6.113295352234858759e-01 6.101346093933004422e-01 5.851992053633842897e-04 6.167312238503516947e-04 3.977304191935391274e-03 2.352312548579345210e-03 1.064761036730985273e-02 2.960788426574306187e-01 2.786060516872883655e-02
6.816023751166831735e-02 1.000000000000000000e+00 1.457136331476066582e-02 6.411674199838109621e-04 2.446310240860003621e-02 4.250777043787595799e-03 2.019388208767937398e-01 4.729067727816312094e-04 3.771527976280042698e-03 2.090457948571612743e-03 2.090660899956077456e-02 5.838720197749864812e-04 1.611110660924543886e-02 3.016195344937731490e-02 7.548416125516768660e-02 1.844889563762277390e-02 4.413362446964873634e-03 4.015484643911473861e-02 1.789434240511889821e-03 6.844014606580912929e-03 7.197461901912093063e-02 5.047778734108879922e-02 6.313914960520678301e-04 2.343521864787864034e-02 2.541695036007143513e-02 1.987745994937217264e-01 4.027265883628478906e-03 1.089848289419440702e-03 2.549380424027429559e-04 4.553347125352708372e-03 1.223496020993411352e-03 3.463819081414700428e-03 1.153854897124200266e-02 2.916436343202719397e-02 5.412884621100669813e-01 2.834828970284943364e-02 2.907162315135021213e-01 2.866398347474904268e-02 1.010059145580527668e-03 6.307583869902911866e-01 5.819744434860779636e-02 1.547508598592770360e-03 3.216333776142271672e-02 5.883243099683557222e-03 5.404156540887853407e-04 3.471359111518154683e-01 7.982344671286343077e-03 1.186519603113210877e-03 2.055394378091581764e-01 1.906907630533835434e-03 1.217052490527946755e-03 2.904447516061223200e-02 3.073978872812023824e-02 4.762276131384095626e-03 2.952105824739566231e-02 2.634594485823367298e-03 2.833737510330044951e-02 1.113251033688345513e-02 8.417715440874313062e-04 1.094291331101252158e-02 1.574604429011047455e-02 6.752483340103827142e-03 3.072083354971819613e-01 1.683717823037441108e-01 2.048250759403907190e-02 3.645864230240601720e-03 1.045948736452281640e-02 1.918743309701526067e-02 4.183012826251767801e-04 3.660306029125507451e-03 2.774754021015516173e-02 2.635570504517007438e-03 5.071264994963518499e-03 7.039005500855480824e-01 2.971109934396147165e-02 1.539566223727592467e-03 1.342032831021422283e-02 6.744103916618611081e-04 4.035562049081863750e-02 3.050101465954339289e-03 2.898965449361293883e-02 3.965505613790639219e-03 7.493905886296236196e-04 4.112075280325567378e-02 2.792068970467750585e-02 2.254727194936013632e-02 3.061395923905901525e-02 2.404025510490206963e-01 2.859950060991635346e-03 5.602753275843781744e-02 8.451168303885462588e-04 5.062638212365666579e-01 3.405228480672114338e-02 2.924380548474750374e-02 6.011640379865469327e-03 2.991537638540040997e-02 1.567843202241589462e-02 1.537540677748663791e-05 4.299298408914804261e-04 3.244471684824382779e-02 2.803842087559663913e-03 3.088987380693312013e-03 4.777455877667972223e-02 5.422094150473086849e-01 1.444915885882182005e-01 2.777516909375711291e-03 1.644515934974008628e-03 5.993155387738121134e-03 8.113052418846279645e-03 5.045470458721979662e-02 5.653191615737458101e-04 1.599530083078846857e-04 3.437582233902961720e-02 2.289988275049702324e-04 4.812378947162966603e-02 7.494309619680668754e-04 4.429133123675092114e-04 4.847489263686589021e-03 7.087232218934353886e-03 2.595631027216015532e-02 2.345228310480428242e-03 1.176520587363897880e-03 2.480508737964321679e-04 9.980288902447734950e-04 3.184326911570392604e-02 3.057309812385948251e-03 3.025929904351902511e-02 9.511408699857999303e-04 3.117557862286943898e-02 2.852201877722177967e-02 2.841305694566463938e-02 7.186347995054361004e-02 1.047764063768975742e-04 1.767571297390455737e-02 7.142454012810419946e-04 5.033170878387283054e-03 2.042686196354992316e-03 3.110376077098523512e-02 4.466565039389329694e-01
2.371398394279774779e-01 1.457136331476066582e-02 1.000000000000000000e+00 4.460819158003988955e-02 4.298884768693284758e-02 1.399422955416553536e-04 8.674905959464077315e-04 2.848150436322326837e-05 3.326017488249513859e-03 7.095942842054415393e-04 1.329043441819059979e-01 6.285984781715287656e-03 3.037060182703675820e-04 4.007795156208963649e-01 4.934830105945558175e-03 3.650484639952818189e-02 3.132842115382443449e-02 5.502594667454453444e-04 2.949589769642761109e-05 4.202537063800030476e-03 3.670637807164746080e-01 3.901404730558554190e-01 4.188393577950946106e-03 1.307360656593194691e-02 8.317205881957993041e-01 2.042696548347414376e-01 9.113457452254616724e-04 1.430602353804024545e-04 7.585478632127732202e-04 1.119550205015550082e-01 1.673844370053813313e-01 8.872367786405476148e-05 5.564914885710123965e-02 4.018416545042740040e-01 7.447668633518697741e-03 3.926201681566289792e-01 2.445529077715472357e-02 3.882816066589199200e-01 4.382613864584974841e-05 1.046438399759171828e-02 3.867519100852510050e-01 3.673245752442451384e-02 4.321575125525043970e-01 6.341280188671188402e-03 7.301952560716543029e-05 8.844569222601315894e-03 1.995023389055333440e-01 3.438912049664183813e-04 2.062307445331154898e-01 1.119038233550368050e-01 1.076386024273610497e-04 3.957317510547883055e-01 3.760113531946729371e-01 4.381197700323111871e-04 3.917129592207379551e-01 1.386232434031760448e-02 3.943856729361186475e-01 1.775313519513362429e-02 2.437868955870921197e-03 6.605090384887084276e-02 1.482263371055204601e-02 1.175874578908780570e-04 3.995792210444405745e-02 2.437095849922955026e-01 1.891286344144801623e-01 5.091336516932330400e-03 5.363125586032002276e-03 1.312588325253115362e-01 9.587425751698923490e-04 6.191773629858110571e-04 7.409420128655320736e-01 3.015321220417556338e-04 2.304398124259190647e-03 5.253716124042934893e-02 3.342085475444713794e-01 1.063429791178185398e-04 9.978461198529799958e-01 5.865990560756608509e-05 5.191424765440364342e-04 6.680830037118534390e-03 3.953746791711124642e-01 9.933489124416724743e-05 5.493008863873884986e-05 4.117597711525651238e-01 6.597374925381697119e-01 1.893858712395085908e-01 3.904847080061110698e-01 1.882421018395752030e-02 5.978106408109776782e-01 1.295423521258043430e-03 7.123382609191724398e-05 7.256091677325136186e-03 8.460473693339352333e-04 3.912781214510666628e-01 5.880691410348868331e-01 3.375602258413551993e-01 2.370339634966749792e-02 8.881053127377971478e-05 1.766009957515150743e-03 4.766583188311164787e-01 1.628618819635059556e-02 1.070854272002226375e-02 3.196110090897116285e-01 1.244374423841321936e-02 6.809560133668382878e-03 2.791697827617291641e-02 3.156813960983742627e-04 1.001307445055303266e-02 1.278025339093971126e-03 2.260778823062184559e-03 1.645843547177246527e-02 1.182260079530225369e-03 5.079260288123474965e-01 3.458114159316867431e-05 5.899186340751498472e-04 7.416586029811969918e-03 2.548504350009983543e-02 2.122316062787996875e-04 4.819913803165521500e-04 2.244687933013024828e-01 8.245865291326619304e-05 3.891560532489292401e-02 1.582820553624393056e-01 7.541434820526822513e-02 3.979926063769500533e-01 2.766645411855059040e-03 3.970416729212413176e-01 3.233089790308306399e-03 4.013227803303143770e-01 3.930666494194500760e-01 3.941561575447940502e-01 3.717469603493466224e-01 4.973077415615445585e-02 3.419565744077711616e-04 2.083743564222339389e-02 4.441582635353167989e-03 1.597316024084390607e-01 4.010591558955435287e-01 1.396707882222342038e-02
4.734982501684205022e-03 6.411674199838109621e-04 4.460819158003988955e-02 1.000000000000000000e+00 5.081719019814457750e-04 1.946733061524145070e-04 1.864086082591869637e-04 1.852708493097910542e-04 2.173967848829830383e-03 1.402480411304753280e-03 5.509669607533728211e-03 9.782482166681778085e-03 1.208302141245908002e-04 2.759961981496568059e-03 7.325768404052811200e-05 9.471116462699519234e-03 6.358400073190061397e-01 5.689613656503157333e-05 1.551175229810321504e-05 1.594418758209132855e-03 2.977447821521042853e-03 2.933810028395377866e-03 1.483290505625732211e-04 8.912402209644822160e-02 1.592432383635784821e-02 6.339485599242397629e-03 4.935925862663751058e-03 7.201614270023209584e-04 2.856686131149744294e-05 2.434107523755923153e-01 3.142325265332595596e-01 2.699238445608452878e-04 1.349822294038759141e-03 2.722593652864776712e-03 2.691426346496737895e-04 2.498760386090481678e-03 3.626071106493989650e-04 2.498468400452935785e-03 1.677823298329858754e-04 4.818504699075824935e-04 3.035517632546460252e-03 1.684428355909817487e-01 3.340991095715018129e-03 4.651355598116368312e-02 2.653731849399948455e-05 4.240142030196529109e-04 3.310496800379019167e-01 2.088803439526154375e-03 3.015940194329457414e-03 7.734103045457173531e-01 4.475818481272733911e-04 2.579938378114795487e-03 2.943874093919766465e-03 1.273685558060147559e-04 2.603038788641588892e-03 1.519269214326236404e-03 2.619222429703120785e-03 2.446510630817149978e-01 5.826609503851782110e-05 2.594412674981609167e-03 2.636382902517552321e-02 6.396055597464436531e-05 5.036296632322476716e-04 4.917585465523006787e-03 1.970661814680060245e-03 5.973701040057852879e-02 1.248723202158053859e-02 2.055696532059987924e-01 5.249612516866350789e-04 2.820677926935328248e-04 1.167290148180824549e-02 7.382712986855943576e-04 1.215029519595801129e-03 3.027339906127428718e-03 2.815979169399728758e-03 5.922139370318100712e-04 4.659523532124197620e-02 3.771210854940978681e-04 9.744552621438235689e-05 1.531107934617695066e-01 2.652131725909864183e-03 7.630333483731827700e-05 3.328167815044347265e-04 3.202862607185971103e-03 1.157689499534667876e-01 3.486544476494717222e-03 2.763665181041102901e-03 2.727556478947527267e-04 1.132598027235062893e-01 8.914266825310712791e-05 4.145705889936644522e-04 4.844117688774995586e-04 1.138827746884170042e-04 2.548592982299003121e-03 1.580195755944658609e-01 2.817563039892711889e-03 5.576292350338893367e-03 8.084410052218368996e-06 1.251344538856278112e-04 4.055924665926320845e-03 6.891287822720985889e-02 9.920222431325270707e-02 3.943319905441865399e-03 7.443247373988901971e-04 7.544599728375023630e-04 7.106699111023212501e-02 4.191226339127828511e-04 9.057795218443917031e-04 3.148174376322524035e-03 1.075846024704476623e-03 1.794771767659410211e-02 2.031011664746554236e-04 4.972714699973779934e-03 1.619886343984927512e-05 2.187813062215904344e-04 2.842422473964690416e-02 4.587098700164890519e-02 5.813649759744954609e-04 4.689724108484815464e-04 2.600602648574422502e-03 2.925985803170835916e-04 2.940466540450035332e-02 1.062925252750318295e-01 5.343438140121289232e-02 2.728981057965177478e-03 4.064118894881332128e-02 2.875159963254353412e-03 1.916577914248341946e-04 2.802109164961241825e-03 2.583142872248289298e-03 2.573666597440306056e-03 2.910793461651446298e-03 9.184540522144109265e-02 2.650056019221623695e-05 8.290507756967481212e-01 7.394782019589625499e-02 1.359709696748313545e-01 9.780172890537579267e-02 3.253095792313756172e-04
7.038042048656042993e-02 2.446310240860003621e-02 4.298884768693284758e-02 5.081719019814457750e-04 1.000000000000000000e+00 7.218781721228210470e-03 5.751004966422766131e-03 1.404599668310049527e-03 2.865027850387237649e-03 4.684354490968657692e-02 3.464870619387633299e-02 8.179564129504762228e-04 2.202660628289742142e-02 9.208450950318158856e-02 2.979597849288126432e-01 1.746442696140921430e-02 1.466381249553791151e-03 3.760964763731773630e-02 1.043446061978837187e-05 3.168024681727987617e-03 1.208439156743999626e-01 1.092310297108137901e-01 1.613632680497530765e-03 1.487625796590928001e-02 7.574240116794662969e-02 1.103756445339528491e-01 6.059794443733551063e-03 1.074946286151257958e-02 2.291388876815870774e-04 4.412111939919699174e-03 1.305113886243625251e-03 1.457921159288398053e-03 1.471244892103748363e-02 9.097908137263108208e-02 4.872601365136121354e-02 8.808919525322614352e-02 4.310912958332356604e-02 8.745376877276410388e-02 1.899552135677951611e-03 3.255313033056690675e-02 1.146302138850336383e-01 1.430936924368231755e-03 9.480148705584559576e-02 2.619734711513879016e-02 3.461634785472610484e-05 9.285185273026684560e-02 1.792502426092938694e-02 5.993052792680872778e-03 1.144820139170275031e-01 1.681432247809539447e-03 3.313656754835780146e-03 8.914338516962568015e-02 8.459418054084018312e-02 6.146203580889301327e-03 8.939281764339021552e-02 2.931313469947946938e-03 8.758243985915233065e-02 3.925156632194412229e-03 8.248370912737159385e-04 1.658837215047388042e-02 6.285437686165826036e-03 1.217644712022022090e-02 8.047432599830363353e-02 1.217298042121876117e-01 4.541742029634120853e-02 6.997463378917417182e-03 6.706832254953220239e-03 1.422466286484180137e-02 5.345035696776891110e-04 8.532919460934175471e-02 8.389463808319015670e-02 1.790243241586378722e-02 1.319552511658186184e-02 6.532092066535671870e-02 7.852951249157220925e-02 4.642590143419842233e-03 4.014444135156001320e-02 1.865018477905109121e-03 7.974564809956509459e-02 8.285575950292661503e-04 8.826119083175683333e-02 9.852924744108209829e-03 2.121818004417393676e-03 1.162604207123963396e-01 4.352238800680043040e-02 4.495756599322429936e-02 8.883970337160822239e-02 1.614939556545130495e-01 8.309494211440931338e-03 1.444078393994166765e-01 2.975925877649950903e-03 8.666191409087958819e-02 1.195039153327279689e-02 8.805029188251334293e-02 1.017708301709946070e-02 7.909152112218981179e-02 2.515156587321399836e-02 1.768933097337648222e-05 2.979675259741970325e-03 9.586861974536024789e-02 2.276507434134263097e-02 7.198759554615651035e-03 8.108576908347796264e-02 2.164948133214726622e-02 1.401342382054966140e-01 1.976337849907628882e-02 3.800486701348701826e-03 3.516629762088880565e-03 2.600515068540779073e-02 2.226837698696526938e-02 5.986789419828417863e-03 5.106034144907268873e-04 1.018750639573494932e-01 1.373476092873705241e-05 7.705931837801095752e-02 8.970077080021433835e-03 9.490157755733504355e-03 7.016257611415287025e-03 1.217960227586969285e-02 5.558762470080647750e-02 3.171845071192156296e-03 1.118943299741963493e-01 7.129080880607493922e-04 2.883546371546267563e-03 9.204444971053279967e-02 6.220576977699802425e-03 8.997890066101806028e-02 9.128188243655323535e-04 9.085493382031825660e-02 8.870951872938652449e-02 8.778838814754214015e-02 1.324507484328403817e-01 2.060594879098367463e-04 3.074388167729015867e-02 3.857425915639991283e-04 4.004078685434332013e-03 3.807057190071448573e-03 4.371410479177644665e-02 3.357852700280970076e-02
2.750439642410655084e-04 4.250777043787595799e-03 1.399422955416553536e-04 1.946733061524145070e-04 7.218781721228210470e-03 1.000000000000000000e+00 6.320294604479255451e-02 5.957554976950047987e-01 2.240648615689031637e-04 3.238396277162822190e-02 1.298147736970292284e-04 3.043810154636659025e-05 8.075332225256885987e-01 1.092386710607686938e-04 2.765444197048748127e-03 7.590391165572051664e-04 7.637948282660993009e-04 2.265030556265628103e-01 4.452950021668598021e-04 1.745312062726698838e-04 1.728053260857786012e-04 1.482786546680040039e-04 4.307170696275292092e-06 3.174260158872297538e-02 1.565813351992151022e-04 2.522387184905335034e-03 3.242590956822550829e-01 3.921861540295536463e-01 5.551350978237328001e-07 5.833949888966999788e-04 5.441475343127498806e-05 3.630091887768926440e-01 3.653401624758030705e-05 1.084659764218827730e-04 1.313559108910300434e-03 9.701807638626012216e-05 1.626351794445009833e-04 9.720906763550040113e-05 5.209494065844370025e-01 5.866452196180041261e-03 1.645032743802198592e-04 9.247289081194258898e-04 1.289440222510577442e-04 7.915838777593472986e-02 4.881789808981921971e-06 1.879228174249672565e-03 1.623561764676342140e-03 4.638458698565939287e-01 3.647970535327632754e-04 2.716598830375466711e-04 6.590097899606732756e-01 1.010640832191141288e-04 1.010156549146365543e-04 2.578259689992250525e-01 1.024168650053062780e-04 1.950664304358389211e-05 1.005106478447585772e-04 2.393016316474703975e-02 1.488964230485028964e-06 5.399995290220257484e-05 2.918935202476205613e-03 8.352509085893073948e-01 2.837773454992343963e-04 2.251658584051333904e-03 5.777892360422265161e-05 5.681233269317229745e-02 1.058349012164165430e-02 1.543695684265674380e-03 2.175241468543684888e-05 2.373943496168370512e-02 1.606214130151628204e-04 4.012576634620185212e-01 5.876014771384037438e-02 2.245885996438184116e-03 9.777557109826922547e-05 5.995022382237663594e-01 1.303747917126799212e-04 5.848456064334327520e-01 2.360787432830080135e-01 3.491335533077693891e-03 9.968254432226904673e-05 9.272081742232458623e-01 5.694084813365535291e-01 2.134040031609961148e-04 5.543659238334906324e-04 9.022499049459601955e-05 1.067916064073612978e-04 9.317165883658127439e-04 6.264956134337342538e-05 1.608930312420671638e-01 5.367992234870805346e-01 8.564650126874495326e-03 2.444249428932802615e-01 1.004633298289502475e-04 1.059479200006849893e-04 9.525571470414734060e-05 5.353468799260532006e-03 6.500038700085310841e-08 1.149334145669140335e-04 1.376746652402274979e-04 9.037154849988449090e-02 4.666479302786658880e-03 1.936391905460993056e-04 8.720001434811067154e-04 1.141694275708580175e-01 1.518276417515919061e-02 3.683718505441666569e-01 3.192712275526050003e-05 2.632894092787281259e-01 2.479730060083061294e-01 2.577125858496400693e-03 7.624927288377794834e-06 1.581806329871297866e-04 2.235026325885243748e-06 9.992999973920516088e-02 6.578294188701745704e-02 2.584929391441509114e-03 8.668029049913217321e-01 4.021905958972016859e-01 7.882318373973394544e-05 8.042603978198676895e-01 1.399396895344108029e-02 1.042452210163445173e-05 6.914352271268143276e-05 1.098084186531049977e-04 1.186917360568989360e-01 1.069539124603922822e-04 3.260274894720148393e-06 1.092790397337213267e-04 1.007225532930062351e-04 1.000395844282797326e-04 2.114336327256833095e-04 5.774800627925105681e-06 3.688519205304965354e-01 2.543089465820939769e-04 7.111497015559901935e-02 1.364107607997429783e-04 1.114861011019356628e-03 4.849382474815593590e-04
2.312784946264124369e-03 2.019388208767937398e-01 8.674905959464077315e-04 1.864086082591869637e-04 5.751004966422766131e-03 6.320294604479255451e-02 1.000000000000000000e+00 2.225831172115937812e-02 2.866286044802968634e-03 2.343143680753758274e-03 1.803128208676123235e-03 2.083520669392596909e-04 1.261915606952868640e-01 1.508168237845299714e-03 1.806600110063299666e-02 5.875029152097911451e-04 1.579732110843704582e-03 1.314898843999358358e-01 2.758261423444909152e-04 3.951412301962899630e-03 3.821758753522834593e-03 2.658603536867923649e-03 4.507263390795315230e-05 2.862192431705428558e-02 1.418841090381513584e-03 2.402458816912579620e-02 4.318594216913146377e-02 1.368186531587753385e-02 1.095667178583206089e-05 9.482676225106303168e-04 7.782684613199720059e-05 8.835897332503038493e-02 5.257831696013737883e-04 1.508037931843012091e-03 4.781019478848230059e-02 1.392169684162237889e-03 2.712790584674388064e-02 1.419137234701261466e-03 4.405958660170693209e-02 3.897455935401756277e-01 3.084367833505552957e-03 1.468900352849309213e-03 1.713069410517880113e-03 1.572291194074980358e-02 3.403481211380086374e-06 3.945145338163989074e-02 2.786097803489344903e-03 2.810539932445450806e-02 8.593986195337407347e-03 2.543156725785436609e-04 3.893016679063358160e-02 1.439998493065505151e-03 1.535519716008579630e-03 1.206468607445862623e-01 1.473952665690842672e-03 2.060312593825650886e-04 1.430513386189672265e-03 1.230978537077194110e-02 4.639964740921645410e-05 7.545936348850602318e-04 8.634021285191063877e-03 9.297413291097554600e-02 2.809667389028959114e-02 2.174192122730193508e-02 1.026177110141218924e-03 8.612918445243223156e-03 2.761392071530990519e-02 5.367283053489505830e-03 8.247968317631286506e-05 1.624498765209432755e-03 1.556605798554514149e-03 3.253040845347246468e-02 2.847608787393146948e-02 6.804901724012486774e-02 1.528225942274159766e-03 3.510525524225772270e-02 7.816863542509261973e-04 2.703593723448900060e-02 1.321911889252159467e-01 6.901242901226968193e-03 1.448253073466664650e-03 6.348712086260922816e-02 3.135869176508465639e-02 2.625414817894285678e-03 2.028200729881818581e-03 1.356055926336407645e-03 1.557394417739318103e-03 3.626475436136476771e-02 1.987667088078458734e-04 6.126793927855187644e-02 2.927516742042706940e-02 7.675698742681788533e-02 5.959633802899767796e-02 1.454560848444359181e-03 3.819711078493779667e-04 1.487479754269638169e-03 5.856412231469505965e-03 1.011964420363458142e-06 1.558067705026346280e-04 1.753085726105065327e-03 7.684799765255067618e-03 5.660683630323870910e-03 1.750799323757221701e-03 2.601676474596364974e-02 1.458505717633683529e-01 2.782568030584681509e-03 5.055998649610370793e-02 4.209304289038560314e-04 7.378454589867158853e-02 4.802653397153389819e-02 2.611184731332386044e-04 2.462003029987678887e-05 1.871251402448893646e-03 1.282735651255990996e-06 4.897034492384096105e-02 4.262901652835272316e-03 3.197726722445067655e-04 7.593647149071068581e-02 1.405294976996839494e-02 1.354963589428503012e-03 5.694750742677642807e-02 5.287141992820661163e-04 1.902406643221610510e-05 1.244984134987838376e-04 1.584800396047572916e-03 2.280102758056943082e-02 1.520381857091454353e-03 5.663216298309098801e-05 1.572019923500533878e-03 1.432287000238656504e-03 1.429391109194885464e-03 4.279616955710304274e-03 9.172724665486895157e-06 8.257554773003626669e-02 2.495620346705107050e-04 2.988712812221721790e-02 2.613790739346081161e-04 5.020211890894259524e-03 6.927965120977740143e-02
4.531710085437895926e-05 4.729067727816312094e-04 2.848150436322326837e-05 1.852708493097910542e-04 1.404599668310049527e-03 5.957554976950047987e-01 2.225831172115937812e-02 1.000000000000000000e+00 2.459897654424439721e-04 3.170364626468595570e-02 4.058862382018495988e-05 3.461304000872083935e-05 2.917496998204388015e-01 2.061003426718732465e-05 3.933994491314285599e-04 1.165594799194090024e-04 7.426200470048554539e-04 3.684721443972414218e-02 4.077455242278965456e-05 1.355437966981424484e-04 2.997702875458306974e-05 2.697450352808763649e-05 8.025321949471891322e-07 2.818651934878971255e-02 3.097616058892536630e-05 5.516351313880403940e-04 5.092017615751802673e-01 5.682028448949860699e-01 9.219793988969509162e-08 2.201639637791061364e-04 1.326674012357443692e-05 5.339989797600416255e-01 6.726836846622000595e-06 2.081962229174912120e-05 1.333757207175521018e-04 1.818847847084355550e-05 2.080208926992203962e-05 1.839890844492448211e-05 8.960044429659541620e-01 1.225159906195212372e-03 2.942891310504983348e-05 7.615315472555734015e-04 2.488111154038388765e-05 1.046014108795591674e-01 3.623655784701842649e-07 2.224067926332506993e-04 8.137287089758699814e-04 6.888093128297958501e-01 5.096895885403705372e-05 1.631373243297084012e-04 8.905935351707845449e-01 1.903141850137033265e-05 1.918208814818158470e-05 2.429775537161532328e-01 1.947220284757844171e-05 5.275517845384539377e-06 1.928877804764679644e-05 2.283630925949491422e-02 2.568473052163377650e-07 1.424670506242956116e-05 2.920378273360728100e-03 3.611197491673646676e-01 4.000784605166795188e-05 4.619198498355708187e-04 1.070960821837731324e-05 8.877748812378502552e-02 1.868786758348036162e-02 5.166157337466609776e-04 7.038671523281839395e-06 1.038551352439807778e-02 3.206831533199851452e-05 5.705387672376227570e-01 3.162540040317062678e-02 3.113843585403005296e-04 1.876579295578953204e-05 8.793548519915693751e-01 2.622533150862328054e-05 9.806854389921898507e-01 6.702627675963743203e-02 8.274701802485486674e-03 1.906290662126238649e-05 4.937898274684928146e-01 9.717930975439725838e-01 4.107204798978445105e-05 1.542817292857510741e-04 2.090217676575939623e-05 2.024713804933660829e-05 1.397091603832544340e-04 1.328776793092590738e-05 2.356702503513321070e-02 9.379441055008863604e-01 1.007791332506048155e-03 3.596726801787596822e-02 1.896047096188160967e-05 2.157031793253496251e-05 1.801535309438859989e-05 1.820385697235124773e-03 1.185137514950943493e-08 2.718593121933488368e-05 2.659700963448249163e-05 7.490712712911497262e-02 8.960095288210928599e-03 3.224076410777391034e-05 8.240039350234484156e-05 1.855593097515047946e-02 6.116828347167420181e-03 5.386509516051445345e-01 7.506900906164730727e-06 3.540645945569547703e-01 4.060620243359327336e-02 5.548204774468417505e-04 1.573592101567647913e-06 3.077341930326537905e-05 1.748970533419222015e-07 3.304100156567204433e-02 5.849455974534584907e-02 9.473722181961700441e-04 7.699157792763674513e-01 1.104892873812637066e-01 1.529357611149774181e-05 8.731746233833806992e-01 6.775211329119302725e-03 2.305304908991985900e-06 1.419451121514429961e-05 2.058538996966176378e-05 2.166193790084353366e-01 2.046812707926177409e-05 7.476972147820984589e-07 2.074189645878548335e-05 1.922466629472206409e-05 1.904658368205837813e-05 3.761751157300494136e-05 1.281994470222297467e-06 6.462439033082142958e-02 3.087674919168202051e-04 1.265944427596613631e-01 3.656925755898112276e-05 4.838795469559517147e-04 5.953269876881489721e-05
7.137163681341525921e-03 3.771527976280042698e-03 3.326017488249513859e-03 2.173967848829830383e-03 2.865027850387237649e-03 2.240648615689031637e-04 2.866286044802968634e-03 2.459897654424439721e-04 1.000000000000000000e+00 2.071651122504343783e-03 2.027914453196164868e-01 5.625530001187312168e-01 3.098173336672444336e-04 8.906293983818914378e-03 9.151304576471250589e-04 6.115458864769665430e-03 5.759515642874331667e-03 4.122317086026627570e-04 1.739191491243827070e-06 9.168243906531960974e-01 1.272305321221658785e-02 1.016515576621162924e-02 7.202695879571908988e-02 8.798869099452415188e-02 6.343769458113853246e-03 2.119336191530768812e-02 4.472110851574342787e-03 1.035922688090529535e-03 4.748608517569632981e-02 2.318187469664549638e-02 7.262574875986665306e-04 1.208057233322199029e-03 1.143058153021638546e-01 8.473075500578262920e-03 1.818897572869401097e-03 7.918866533881024558e-03 3.518796634778090151e-03 8.062875465147717816e-03 6.414865668514336617e-04 1.295954474025650706e-02 1.062984290062615397e-02 5.028903985108518909e-02 9.040828277163164700e-03 7.604939915159596338e-03 3.156580007699496734e-06 2.853522496689890001e-03 1.955363538267142556e-02 1.089708224968398941e-03 9.886808397666542458e-03 2.055086724517883861e-03 9.621652929909221743e-04 7.917559794744372104e-03 1.726790421053187030e-02 2.530036024492257011e-03 8.286516715665426941e-03 2.082248088319841317e-01 8.251966669684049002e-03 6.824758897994447245e-03 7.973200598566487773e-02 2.039104081226631449e-01 2.709723153209189772e-01 2.015269325237053848e-04 4.682397467050150759e-03 1.766833227373543203e-02 6.015385577104241654e-02 9.368019396793833900e-03 2.630988283880487666e-01 2.240837311358254147e-03 1.134418614372971618e-01 7.173976735340300247e-04 7.343773199202948028e-03 2.935944689873372197e-03 3.239842743215177318e-02 9.551493098713531582e-03 2.574130732679481490e-02 1.029166139961741177e-03 2.869686182820247421e-03 4.009873303847977005e-04 7.454128917924158311e-04 1.489524222097849196e-02 8.505724540217005775e-03 1.296146240312388831e-04 5.029531550337054853e-04 1.092872936152231543e-02 1.881144325897485259e-02 9.308823974172689142e-02 1.177045169682175083e-02 3.729353207284692370e-03 5.696554234069666801e-04 5.619574854326846907e-04 8.410505654146766463e-04 3.042034574831460961e-03 2.280941174401451756e-04 8.139208874111476116e-03 1.531412713286791401e-03 2.474606377096437090e-02 1.591111086955245835e-01 1.326880070986278040e-02 4.392510682443614284e-02 8.826066672568742486e-03 5.799064288893119104e-03 1.419691664210248061e-01 7.364863773337724726e-03 2.666821746992810264e-03 7.181727779327487038e-04 1.216883140253626405e-03 1.748577272466489765e-03 2.160497072120689532e-01 2.010873959991146820e-02 4.188795768411563694e-04 5.759884336944458500e-04 2.760667064448245681e-02 9.776977588920390816e-03 1.097283230221545921e-06 1.575244991191191574e-03 2.047486257274551327e-03 4.683094799597833208e-04 5.941923150802922663e-04 1.306968897454327636e-04 5.911478714818611119e-02 5.046572938948207417e-04 1.410878204492107884e-03 4.872952753401573199e-05 2.257062268470183368e-03 8.623593276617793485e-03 5.326062205523976641e-03 1.079630220093304345e-02 1.364845505610605414e-01 8.813583857617516767e-03 8.170507132529515604e-03 8.098770881079983205e-03 1.138927654980175820e-02 7.770198969037237305e-05 1.095740463107347388e-04 1.677843157472455474e-03 1.169405839019119035e-02 7.250664946739228227e-03 9.231525968564788243e-02 3.860010154212500932e-03
4.351554528381334878e-03 2.090457948571612743e-03 7.095942842054415393e-04 1.402480411304753280e-03 4.684354490968657692e-02 3.238396277162822190e-02 2.343143680753758274e-03 3.170364626468595570e-02 2.071651122504343783e-03 1.000000000000000000e+00 1.680612942377705116e-03 5.248480753271235130e-04 3.164327742777602731e-02 1.194159445280357267e-03 1.778147699893679184e-02 9.864312579810696063e-03 8.553677588371043708e-03 6.771266554486327256e-03 2.859552600887612468e-05 1.062281568182799410e-03 1.775698563084137944e-03 1.557113435634086473e-03 2.054903813760875566e-05 8.374652056414431944e-02 1.115325847088104649e-03 9.491061813031902508e-03 9.894891728796161023e-02 2.709610177463419589e-01 3.974529402128164929e-06 1.015892256691144696e-03 1.612034955106679871e-04 2.337979165298762624e-02 3.467367521486815489e-04 1.161981247246599361e-03 6.362956571042347430e-03 1.075279101242011251e-03 9.419630561538393709e-04 1.091856038559175374e-03 3.186287912304776315e-02 2.749740728293139421e-03 1.697017434869135160e-03 6.131979401550150411e-04 1.306626162363904190e-03 2.979221022478597547e-01 1.493372410290897095e-04 1.186033807053631962e-02 4.391391771238964750e-03 5.223340584066864939e-02 4.268147837938929094e-03 2.682454729631955463e-03 3.312007825873906908e-02 1.116871428795909119e-03 1.075417071305936369e-03 4.985326686039457875e-03 1.151526260277961448e-03 1.553488486848073578e-04 1.115309334578693185e-03 3.958200686968721405e-02 9.037478513419609704e-06 6.145086458775507075e-04 2.286599363265928372e-02 2.102793629583074239e-02 2.145056639798863414e-03 6.039736589807687475e-03 5.288954971394620131e-04 1.701359620995572808e-01 3.433928749934109931e-02 3.190533332414360532e-03 7.249436758604962591e-05 6.701672900565310842e-01 1.256550611200955674e-03 2.406639810474184848e-01 3.520984464433701139e-03 7.953126134044535486e-03 1.003388884342001127e-03 9.341165110977761588e-02 6.555802042737819257e-04 3.519246985454349552e-02 5.709948580318185279e-02 1.463867181448579372e-02 1.126417304695389362e-03 2.877904366569006278e-02 3.799266205364151133e-02 1.671052950614398958e-03 4.363715610545824616e-03 1.021286249147074872e-03 1.118092113317006170e-03 6.521547756741159253e-03 1.722266005474234367e-04 3.987419241413144716e-02 5.695907821820031525e-02 2.346107104262018864e-02 5.010318329838355129e-03 1.105527109277359542e-03 3.254651955331972608e-04 1.003046911068278821e-03 6.519839888383300447e-03 2.255825516354309631e-07 7.600440973971183138e-05 1.322423087025951637e-03 4.406975495568336842e-02 4.174259822818430360e-02 2.580626741138610913e-03 4.501622810153128873e-03 2.564228779870212499e-02 7.846100120424951210e-03 1.424744402635882284e-02 2.589259911963822606e-04 1.641093800832527094e-01 2.324202277563164679e-02 5.873535061404238289e-04 1.166395856120040924e-05 1.529277966145057947e-03 8.799081261077734944e-05 2.901289278361305346e-01 8.756560366980721891e-03 1.464481114384227249e-03 6.343406095971715342e-02 4.916581398761755983e-02 7.824997134607248293e-04 4.156755537753700075e-02 8.694297390478916698e-02 1.704538950725013015e-05 8.411642965914031692e-05 1.205132232732717247e-03 9.443824260020948491e-02 1.187556763765217072e-03 3.053217466373481524e-05 1.196251638249970842e-03 1.123833635411803115e-03 1.097028269726506864e-03 1.935169285985770911e-03 6.723325113010791629e-06 6.553331546706435244e-03 3.228546407786879457e-03 5.128368500772084032e-02 2.138342239708598022e-04 7.261274500813243160e-03 1.003925184833897232e-03
2.396747484178096410e-01 2.090660899956077456e-02 1.329043441819059979e-01 5.509669607533728211e-03 3.464870619387633299e-02 1.298147736970292284e-04 1.803128208676123235e-03 4.058862382018495988e-05 2.027914453196164868e-01 1.680612942377705116e-03 1.000000000000000000e+00 1.904782666273880654e-01 3.015677145977409333e-04 3.305087845083494180e-01 5.001409145486667915e-03 8.206451162286904077e-02 7.970447037550553240e-03 6.245753286606401961e-04 3.021535945885778826e-05 2.409650021452856283e-01 3.442808079756632944e-01 3.248250207151822666e-01 1.622519278307242019e-01 3.572542456112716425e-02 2.455084813338286043e-01 2.736664556683827687e-01 1.499387835118708590e-03 2.605225850192106570e-04 8.518010580578971869e-02 6.668268813394261085e-02 1.150968662319703899e-02 2.618191162998244749e-04 7.377600631420532240e-01 3.174753166980342489e-01 1.173952068362591784e-02 3.106329726243508005e-01 2.571508037464945856e-02 3.113338109880701143e-01 1.013395821862204022e-04 2.557314651754420687e-02 3.254326089169606862e-01 4.167412626900805772e-02 3.257624183382555327e-01 4.213740068096240125e-03 1.462169630809035303e-04 1.321664338256991512e-02 5.586566569135451715e-02 2.659124601085403362e-04 2.246509962240187952e-01 1.343369502699246626e-02 1.898933450538528469e-04 3.086214262172053413e-01 4.831101866180089188e-01 1.145451210450875281e-03 3.146071285107028270e-01 3.959402138760992340e-01 3.142839485479572703e-01 7.703696419268078917e-03 1.644995919268474882e-01 8.766353704625619025e-01 1.719300868336804677e-01 1.265747401409925870e-04 4.259460993642923826e-02 2.786078443834401619e-01 8.088388598600474433e-01 5.699543655694702150e-03 6.151155923025807687e-02 1.045092847840522164e-02 5.175087205615096220e-02 1.575306590679544615e-03 2.756237720212211251e-01 7.792311551377499980e-04 1.214639406127108329e-02 6.923015086016555408e-02 5.890016916217765131e-01 1.976414449126612108e-04 1.195620421858271804e-01 7.454138452595011996e-05 7.128916550126146792e-04 5.739942015732839992e-03 3.196754258843033103e-01 8.396931702341338898e-05 8.077142362554019458e-05 3.438990202139181607e-01 2.848159018947970522e-01 9.187226169689879374e-01 3.887086268163389424e-01 2.287666093704899054e-02 2.230270469937426642e-02 1.654977445431214233e-03 1.326179482163207502e-04 1.406955445556504723e-02 9.275106519933397310e-04 3.131783808066976316e-01 4.077123120144152818e-02 5.824469848578054387e-01 2.657486174861791173e-01 1.132582045206416074e-02 5.117923392874911687e-02 3.206317719979929204e-01 6.242461809969719264e-03 3.307348770764258206e-02 2.894624182463144124e-01 2.453388634605104673e-02 2.610680263689790694e-03 3.097248891937647367e-03 5.824076162189868169e-04 4.077241065235345796e-01 4.318995325258856259e-03 1.533720223099317801e-03 2.955869957353678829e-03 2.923517925344791546e-02 3.370878739224288934e-01 5.803424142013810603e-05 1.731766024244631077e-03 1.923229817947967645e-03 1.906678837566109759e-03 2.318269502194630362e-04 3.375216930953216102e-04 8.139450663572680433e-01 1.328190162357904391e-04 8.673245888147780580e-03 1.925010375895722320e-03 1.507582345963529892e-02 3.218033358030166768e-01 1.687041561971010977e-03 3.684865856726775579e-01 2.273730338370787696e-01 3.248953747679570458e-01 3.127872906197917691e-01 3.118312768350304243e-01 3.138442109568488347e-01 1.286419843583443134e-03 2.535010768681412443e-04 2.953073496563179967e-03 3.469202303107985982e-03 4.706066188911515319e-02 4.966210342783222154e-01 1.779058435242129518e-02
