1.000000000000000000e+00 1.786764113389097478e-02 1.058879247846006288e-01 1.331328273248050167e-03 1.776436357476448126e-03 1.716992840044350585e-05 1.867992582266023171e-04 4.015807657285269562e-06 1.485798766643622046e-03 3.614518879086692704e-04 1.482122733300707540e-01 6.217357343520553761e-03 6.119253389292332644e-05 4.383493138634252939e-01 1.601986584146149108e-03 4.526749423768100522e-03 7.065126391839375748e-03 3.471416216852577327e-05 3.642970316013151235e-04 5.876160146212281712e-04 4.262128945753587694e-01 4.942939305977623321e-01 7.965267516707557867e-04 3.606005247333691956e-03 2.148015864411471909e-01 4.931718213492736202e-01 4.162829723560802254e-04 2.442232538619349823e-05 8.516370534503658885e-03 2.665116445121924055e-03 5.834636212173065391e-03 9.573866019196343186e-05 3.088070461141728326e-02 4.540297389762735225e-01 1.601534053156142973e-02 4.637580054306313371e-01 4.006278494231767240e-02 4.520974346973883895e-01 1.781775908144610601e-05 8.047446370238232199e-03 4.644385953633593522e-01 4.307303579376587244e-04 4.006320666913872341e-01 2.883890723633644390e-04 3.071162005453906968e-02 1.036817858721520401e-02 1.310989324691791587e-02 2.909929672032856172e-05 6.572682576258256359e-01 1.052305855303469623e-02 9.061596011700507068e-06 4.502624470556219061e-01 3.972611854914183671e-01 9.607585646635255516e-05 4.948524184009761573e-01 3.099082170204436534e-02 4.454998752581971755e-01 2.980803628689804394e-03 7.500034302980509646e-03 1.582819435287404486e-01 4.058396848912880495e-02 1.336265249106012972e-05 5.084305555551288380e-02 4.128010999600977282e-01 1.737752144167078183e-01 1.632125993945500453e-03 1.078218288594005002e-02 4.875811464268102989e-04 6.920164852904989172e-04 3.022343629232830263e-04 2.775533652528120454e-01 4.484724064728798484e-05 1.471535576556224534e-05 1.908700275909205046e-01 3.281541964906315445e-01 1.611534782039960212e-05 8.773762404193136133e-02 7.470345942509338140e-06 5.880374675525012400e-05 1.881865579907834787e-03 4.393887415261221729e-01 1.298066137003409935e-05 6.382185513301174349e-06 3.631945295882832991e-01 2.179907403157286816e-01 2.216304047093504981e-01 3.738888567381539740e-01 1.896422884776299486e-02 1.426117376309442124e-02 1.970345233249129837e-04 1.160881745751838484e-05 1.600242499270333393e-02 5.105771969357909280e-06 4.481093033888094990e-01 1.857865354068910860e-02 3.725685494447121271e-01 1.123379104625197604e-05 1.456376690586928628e-04 3.856053287648308214e-05 4.099811612269170236e-01 3.629429950578183647e-04 4.896052928649624776e-04 7.668493671021912039e-01 8.676814801751231432e-02 7.797056384361748067e-05 3.643074833500459892e-04 7.076653567140316937e-05 4.580956945255192786e-02 2.268216704131645876e-04 2.495868416372672496e-04 3.603573891740052295e-05 1.467038850932521701e-04 4.411669703126426811e-01 1.218975036245916951e-02 1.143856629711185709e-03 9.511669457999559929e-05 1.343484289315669228e-04 4.212256216565499743e-05 6.159003572980705063e-05 2.721644068076775058e-01 1.806320858552857591e-05 4.236854240657979731e-04 8.294949936155500371e-04 1.617363368590448607e-04 5.166400127140799992e-01 2.328042155913301911e-04 4.166197635149935796e-01 2.329898410176598975e-02 5.002165140983408920e-01 4.575845520456394699e-01 4.337706316683943020e-01 3.847729151368173839e-01 2.592515924440085126e-04 1.872640628291592012e-05 1.066950245833999961e-03 7.955222158518017147e-04 3.646237684671461109e-03 1.741560606317997528e-01 2.373583073720633707e-02
1.786764113389097478e-02 1.000000000000000000e+00 5.642100940682352912e-03 7.289746270490762544e-04 2.620729870850792547e-03 1.028047711775978033e-03 1.520979136348316746e-02 9.146057943744299531e-05 5.196333606269341074e-05 4.467847998914570767e-05 3.523330555344809933e-03 8.445182216743476816e-05 3.936587127242784090e-03 8.548341064608373438e-03 1.028398696066810123e-03 2.014517969493818394e-05 1.829446001592979201e-03 5.952799238046685600e-03 3.131394152315590713e-03 4.167498600927788219e-05 2.152475504530467279e-02 1.462483682870269024e-02 3.726218189215916806e-04 3.365923758543510388e-03 8.118363982873286200e-03 7.756527441608983275e-02 8.638102729956247073e-04 1.323144688568503920e-04 4.662228381736609260e-04 5.957410920840574588e-03 1.759321957422194582e-03 8.482195316347091200e-04 1.153444382769265282e-03 1.049665302048923693e-02 8.739939851279240890e-02 9.024877238202723764e-03 6.379401135191239969e-02 9.687361057960286112e-03 2.714001787168334704e-04 5.851641722491646158e-02 1.866291456652233519e-02 2.820909543700590326e-04 1.251606233981409320e-02 3.048363719978515289e-04 2.221285291412922365e-03 4.015572480705536379e-02 8.205723543948769544e-03 3.064866767481973231e-04 2.742101881758880755e-02 2.800690883312935376e-04 1.961016197619576949e-04 9.238593422140079642e-03 7.628962917066594955e-03 7.753565325782045678e-04 1.137315489853807197e-02 8.944498961997818806e-04 1.000931100741471978e-02 6.763821565680985283e-03 1.583806779775782676e-03 1.541366628307874872e-03 2.682756675807100501e-03 9.765260672696968874e-04 5.896164735198989974e-03 8.325100606171051409e-02 5.865697682825308894e-03 8.359611157251022181e-04 1.474928948622141909e-03 1.395060659451315599e-04 4.590768751549910041e-04 3.150473233600022751e-05 8.239051231006759568e-03 2.117768334502691404e-04 2.230402244127180692e-04 1.847104646100995728e-01 5.469371694759232565e-03 2.388479442190822471e-04 6.763188826514368070e-03 1.113932409533864571e-04 1.383826831481544534e-03 3.353951093333489030e-04 8.776742475927168038e-03 8.021665826218521205e-04 1.579399526669114022e-04 1.994464328357256275e-02 1.528597337149843879e-03 3.509780746408068270e-03 7.924263858703942121e-03 1.387176273203368729e-03 1.647785114507737412e-03 5.570988192804389449e-03 1.510665683089531402e-04 1.710195066544330580e-02 4.525097790957227103e-05 9.943182115921224071e-03 2.913616334389961850e-03 5.762635772229939175e-03 4.257989993325766152e-05 6.481936249940857336e-05 3.801825837426278166e-05 9.903026754188217623e-03 2.991694793278791000e-04 1.139331082004662682e-04 1.441542757578906028e-02 8.797016662169157564e-02 3.481094615345437480e-03 9.284197401494618911e-04 4.531223543973336124e-04 6.991967638979096171e-03 5.816429365099060273e-04 4.658986176213754903e-03 1.137547547213991822e-04 9.986648271199287732e-05 1.135391991694604912e-02 2.305558631405861222e-04 3.303323018635839770e-03 2.756239228961049836e-04 1.714256617314933919e-04 1.023869102808241038e-03 5.575910037379195553e-04 3.189666467750376481e-03 5.602933235695391201e-04 3.495498145929988999e-05 4.066111711224471860e-04 1.535226998473986646e-03 1.319216345964818911e-02 1.179963187084443063e-04 7.713983996673359940e-03 3.087879323808700852e-04 1.180419908628677940e-02 9.739479402118861318e-03 8.717777066825388443e-03 2.430485686476139065e-02 6.528836830702777934e-04 3.777554645914339617e-03 9.251920615959174411e-05 1.814349359609629874e-03 2.756124386795362762e-04 1.938489395632243600e-03 1.787495670832135730e-01
1.058879247846006288e-01 5.642100940682352912e-03 1.000000000000000000e+00 6.896603289187108569e-03 7.594203628375514707e-04 2.670896286432553887e-06 2.680909431816318051e-05 6.974536192561117281e-07 5.477284016308434355e-05 2.328557977344205261e-05 3.451845261439853707e-02 3.792667363566469031e-03 9.715563796359596990e-06 2.511228805231726091e-01 2.820748994730402632e-04 4.454989796782679351e-04 7.944412040943852130e-03 9.439153966966299701e-06 6.120824396350702872e-06 2.464126665353961158e-05 2.013418904688249744e-01 1.680214079625744483e-01 2.577676706748611990e-03 1.319219540772055338e-03 8.227007724596970828e-01 7.002211971878494201e-02 5.098254902781264113e-05 4.429204534788793945e-06 5.883033222934369068e-03 2.045945344413134873e-02 7.226576762174757862e-02 5.538964974692546876e-06 1.141520697146542265e-02 2.493173924774167161e-01 1.300538283879222601e-03 2.536990080620778465e-01 1.332124537358465172e-02 2.537580412169544997e-01 2.442893551210510924e-06 2.550369694422770402e-03 2.071615659154861511e-01 2.232239545944085524e-03 4.143939513120437623e-01 7.466445346055727308e-05 3.312887526782666136e-04 3.466135267575678591e-03 1.228529632595838778e-01 1.409392938443357217e-05 9.724402781879651347e-02 1.359567619005992364e-02 2.371568329622530332e-06 2.428747830401188634e-01 2.784847365997535351e-01 4.158895208591131934e-05 2.530227117334046816e-01 1.584805833476707684e-02 2.546526300340995475e-01 1.790579956688316283e-03 1.096625892374478856e-02 4.681265521581117611e-02 4.132046137324899178e-03 1.787803850561393159e-06 1.911739322815875783e-03 9.126180948436687923e-02 1.772381971571059256e-01 3.158153173541729405e-04 1.201259461474138077e-03 1.702170343489706325e-03 1.463776306878606694e-03 9.007355358494085746e-06 7.088597583079372377e-01 5.462131088618701542e-06 1.193077376928181655e-05 2.522313002982594712e-02 1.549278549147974915e-01 2.838511711929594768e-06 9.572699406446172343e-01 1.733628324161523097e-06 5.733781763379394605e-06 5.757821398584116873e-04 2.664452356232466235e-01 1.601318223038924930e-06 1.258089323436209041e-06 2.339543803086882590e-01 1.743097587412245075e-01 7.662752898753334707e-02 2.576598333365225368e-01 3.057277960235301275e-04 4.437606246951933398e-01 1.454186692029864679e-05 2.718503021416760271e-06 3.690819153129629008e-04 1.260468278915420915e-07 2.244933422911707943e-01 2.255008482197669029e-01 2.043740987407891563e-01 3.374228794533354914e-06 7.849256869383623237e-04 5.331164120007994127e-05 4.464457857032604893e-01 9.539944245083198816e-04 1.287828142921951160e-04 1.672342995407307409e-01 3.302915953045179251e-03 8.199147964770956592e-06 2.923577979549872325e-03 1.916634875030327317e-05 1.270510968651473310e-02 5.139530270985262532e-05 3.564980420643099220e-05 8.490165758597774696e-04 6.883522617272398551e-04 4.001625851260953715e-01 6.251033406444076552e-05 8.930044233025640930e-05 5.552973396872411781e-04 2.050077578766781438e-03 5.708480431514481369e-06 3.791501569014543672e-06 1.065105658625280505e-01 3.230224056365414697e-06 1.642036125305281705e-03 2.058387453624759000e-01 1.076587960653963352e-02 2.445617725367461859e-01 5.266915595851496911e-05 2.346604537166153415e-01 1.081418390976646333e-02 2.508853010575549103e-01 2.408575438300067373e-01 2.534783227968618879e-01 1.826369387177795012e-01 5.098486986743960836e-02 2.646071213305767495e-06 1.827734758315922555e-03 4.096000713125659142e-04 1.843836404311827507e-02 8.629331843219242848e-02 8.186487658673368556e-03
1.331328273248050167e-03 7.289746270490762544e-04 6.896603289187108569e-03 1.000000000000000000e+00 2.467276512846371416e-06 5.409491242842134384e-06 1.222280406006998441e-05 5.000399844017442399e-06 8.784089673188610621e-05 2.139954408830527290e-06 2.102446494212481705e-03 7.818690667825031054e-03 5.638076015791834552e-06 5.882575889366826408e-04 3.664324848925572002e-07 2.517047646764070345e-05 3.051391689026543563e-01 9.545253215565546238e-07 3.779914757971867043e-05 7.347160513396640237e-05 6.672821925831125961e-04 7.584960829696607608e-04 7.392817783484194101e-06 8.595461035794648916e-03 3.482417211499602358e-03 1.997631978971619628e-03 3.327594119262896992e-04 5.167352009986184096e-06 2.677883431572572535e-05 2.252844481803771559e-02 7.613504286002316379e-02 2.062225501356706661e-05 1.060268932496313300e-04 6.050983859125709822e-04 3.387127793238779244e-05 6.297637610904525778e-04 3.449614215553482659e-04 6.190685209310389358e-04 9.775634150235927952e-06 1.283656059629937262e-04 5.320386276624989924e-04 3.385098037744826288e-02 1.163292851753741121e-03 8.980871934699409097e-04 2.973141375809407465e-05 2.150617906083304238e-05 3.609186213788001529e-02 1.018201965234302172e-04 4.197398021261510644e-04 3.238437609292729724e-01 1.427974608136021222e-05 5.619003814791504034e-04 6.021174647299448431e-04 6.377445255781672994e-06 6.541732022513866178e-04 9.674965691534139411e-04 5.642238197090081175e-04 6.397012657054056139e-02 2.809407742822675913e-05 7.834092593171625716e-04 6.867075675853221740e-03 2.570897391066518964e-06 8.401642381198049490e-05 2.294631618317244295e-03 2.465245230722327985e-04 5.150073692037044661e-03 4.764800492898384893e-03 6.451976781113969188e-04 3.429031161126740342e-04 8.465231357551492774e-08 2.868231390118900024e-03 3.643149908616793227e-05 2.766894213694365894e-05 1.343154003049128707e-03 3.053852655137889922e-04 9.222252774781953489e-06 5.801662706892776918e-03 9.458202649842805516e-06 4.001943872337106908e-06 2.394810216556065088e-02 5.723571932676110169e-04 2.570847919796023661e-06 9.832037555271275873e-06 6.793323441452220248e-04 5.340195710739596355e-03 1.181392860917909520e-03 4.025930976769449008e-04 3.075841365913561318e-06 1.507985570743859607e-03 1.438281462625124657e-06 1.222005151915214417e-05 1.132621918583163307e-04 1.453421433185264599e-08 5.682143801401873858e-04 6.369078855053418066e-03 4.493576204491833508e-04 4.908039867664481196e-07 1.884480808040981154e-05 3.202262186785165315e-06 1.361103000231588195e-03 3.533929570301926233e-04 5.171753453878455073e-03 7.800764547105200949e-04 7.141235191369133006e-05 2.223941399296570055e-05 1.583118037200469379e-03 2.505281754345382658e-05 1.144181057631719900e-03 1.588810301934300982e-04 7.325648363432299697e-05 7.024039489487516161e-06 2.653030840383788669e-05 1.480782800467601423e-03 4.239167240413570193e-05 5.574201979415168551e-06 2.789513332551444473e-04 5.663923941666260771e-04 3.235893585441918489e-05 3.504138953045669261e-06 4.077247841118155584e-04 1.596183030602611131e-05 1.646555626263586711e-05 2.917864098029169899e-03 9.282123142684366689e-04 6.619718303792937767e-04 1.494013706717737698e-03 5.476681469260671941e-04 5.662312521805407117e-04 6.278645794414249677e-04 5.830739992811220752e-04 6.211716466400199650e-04 4.761620724804095585e-04 5.366312897431947150e-03 8.006743737481249265e-07 3.703169916940943773e-01 1.198253619582748293e-02 1.071562926660281183e-02 5.872171159369350864e-03 2.553555990544869214e-04
1.776436357476448126e-03 2.620729870850792547e-03 7.594203628375514707e-04 2.467276512846371416e-06 1.000000000000000000e+00 9.663040366671871596e-04 4.439300593577553240e-05 1.026473025836086494e-04 1.778402434167758019e-05 2.740998794567644451e-03 1.822431096639091919e-03 7.992742638683444565e-05 3.216442780627070275e-03 5.692133912771710907e-03 4.045785521523269368e-02 1.865528781378093337e-04 1.017896926631829522e-04 2.934963575365412934e-03 9.184578314555298724e-07 9.101966728234437397e-06 1.057265587641116437e-02 7.935451781764210274e-03 1.896188249402649397e-03 1.919647673038159296e-03 2.344967913638119038e-03 8.305003571115722460e-03 4.387030141110606586e-04 1.135228312620899281e-03 1.550458015819293088e-04 2.431929149207219271e-03 1.290741044200227226e-04 4.753297995158193559e-05 1.468471413277741295e-03 6.058369613548095223e-03 5.127400128367721674e-03 6.152497722357553808e-03 1.606790087286041890e-02 6.031654445069841233e-03 1.060858198951499534e-04 1.413292008189994114e-04 9.779231421465486851e-03 9.597849596410774973e-05 4.394346769683300964e-03 3.002521768383591746e-03 1.145002222412430187e-04 1.972271081109709667e-02 1.641305522731764579e-03 2.607456601706523006e-04 4.278554917548190589e-03 6.547415678920478432e-07 2.174359823690712157e-04 5.758853665721448863e-03 3.749369254202660016e-03 1.639836949862511845e-05 5.521829255576250067e-03 5.716083914311122748e-04 6.324193919468291090e-03 1.897046248022880171e-04 2.279484945533472831e-04 6.945164353030228513e-04 1.474161616585467779e-04 7.265468424424432851e-04 1.285323249800075437e-02 9.831388916023118402e-03 2.377318192094243082e-03 8.598795049523304083e-04 1.159696071463904555e-04 7.509336005799381727e-05 2.193850668665203783e-04 3.951137482539050783e-03 3.343361731264062314e-03 3.439061892063248992e-03 8.177456912019767698e-04 1.301672595969105041e-03 3.074549063414722463e-03 4.272454743248026675e-04 1.013524239077813341e-03 1.214324298059581164e-04 3.854127911450162900e-03 3.950695010669901878e-06 5.412688849167898025e-03 1.385926566865770468e-03 1.801823535237458444e-04 1.053081366316150312e-02 7.656993528498807990e-05 1.451374500229541667e-03 6.116007396029463257e-03 1.168887147697995031e-02 2.443160219369360561e-04 2.303291964350872439e-02 1.982681665027753054e-04 3.784125065298609997e-03 7.679658311360841542e-06 5.749000708288840543e-03 1.935791062833220689e-03 3.591459242948923537e-03 1.636267164106970694e-03 2.584394697248164468e-05 1.427082789594353749e-03 4.406462523702724295e-03 1.982007379591504861e-04 2.940496637219220440e-04 5.227273502982781456e-03 1.143534298670565580e-03 4.635260180740769995e-03 3.488500609905873483e-03 2.037631345943840462e-05 1.578582612429731960e-03 4.152574785581255451e-03 1.752526733889299719e-03 1.779045139934004027e-05 3.158250796533737330e-04 5.175579817675270838e-03 9.489579404800600287e-06 3.735997856297026791e-03 1.738364726673680485e-04 2.310506544778544310e-04 5.927798129129634901e-04 5.427049299045857067e-04 2.113575489715472516e-03 2.391035792146868784e-04 1.349983889299685236e-03 3.482531463385755494e-05 1.041091204137362461e-03 6.376039924427036668e-03 6.090931689845765937e-05 6.447862439538044367e-03 1.014054448944469076e-04 5.441588854469560886e-03 5.952118593385323682e-03 5.642629058140399313e-03 1.757390824823618428e-02 1.942309763424900798e-04 4.132188278616681990e-03 5.279704899542517527e-06 2.649155702370482347e-04 5.200899315489706121e-05 2.935029225464314559e-04 8.614335763143713895e-03
1.716992840044350585e-05 1.028047711775978033e-03 2.670896286432553887e-06 5.409491242842134384e-06 9.663040366671871596e-04 1.000000000000000000e+00 6.364493814148060313e-03 6.311822674893218243e-01 4.608822864929152031e-05 9.014223173140246959e-03 2.514892261095168764e-05 4.290270737861295067e-05 7.843189654151233592e-01 9.365831210620265815e-06 3.282011128287333599e-04 2.167896776243531144e-05 1.085913699381520968e-04 1.741308642996259037e-01 2.151240326864556969e-04 1.810597495957299181e-05 1.182797128560042439e-05 1.334859425778163121e-05 2.186726142319801616e-05 5.224419245979499554e-02 4.793413389521274979e-06 5.222644153591737446e-04 2.648301487795146070e-01 3.726466485810038254e-01 4.724614247820001750e-06 3.606158062699969498e-04 1.713584642347491216e-06 2.091719342846468377e-01 4.731885431720892534e-06 9.558757415741220815e-06 3.639989464725684851e-04 8.969498494972368509e-06 5.165489976799337186e-05 8.755291159570449227e-06 4.420285789232826779e-01 4.670257247124850997e-04 1.429355071932484422e-05 3.386645477600262158e-04 8.712181319235439469e-06 4.179947958714606143e-02 2.575221880067948233e-05 7.003912812132028669e-04 1.015818406911612190e-03 4.263380442879421417e-01 1.535163234477291092e-05 4.352133400177966221e-07 6.486891783969165326e-01 8.767276102388200099e-06 7.672508677921254048e-06 5.024515534724463550e-02 9.685377021165712702e-06 7.550854991267894718e-05 9.672495107724044897e-06 4.745341580382799254e-03 4.314098572288038873e-06 2.148239100146486036e-05 1.487673750131574598e-03 7.104178337105171437e-01 2.555481486052220069e-05 4.300138003908271609e-04 7.037826293662896629e-06 2.326691204159236567e-02 4.239472942519822811e-03 5.336941942472486739e-05 5.161153400002659389e-04 2.685318817821886073e-03 6.563295193725645656e-06 3.428536276479061673e-01 3.741655314445302416e-02 6.950303274203869369e-04 8.691665018946444216e-06 6.068887885132913107e-01 2.991574648686841884e-06 5.346933191879056357e-01 8.999139626980409701e-02 2.119209935109297657e-04 9.120681820603456229e-06 8.828666017061748139e-01 6.608792534465117718e-01 4.004473886913046163e-05 1.072004344579627768e-05 8.716238329790914575e-06 9.658570810685114066e-06 9.535227638131387644e-05 2.594301557981146976e-06 1.168191360070730267e-01 5.651823687321134715e-01 2.645999094700657479e-03 2.427223063983566763e-03 8.594240183539023382e-06 2.557303866329293274e-06 7.302657882516795850e-06 3.321721901944329878e-05 4.175384242825441322e-06 3.595958597395099328e-04 8.138845975802215079e-06 2.501736793915616819e-02 2.390941991280352667e-03 2.046911367161419499e-05 2.666923353506307423e-04 1.557058066018221498e-02 1.282010112224736195e-02 1.403076152436864843e-01 9.905328466112926496e-05 2.323393434773830535e-01 1.263181397390397420e-01 2.958197963831469906e-04 1.561957764855601536e-04 1.338533988635934572e-05 3.817071905774810149e-06 4.144023012145081619e-02 3.975186419579046504e-02 1.635738807698029849e-03 8.266549543282540879e-01 2.150866366089856929e-01 1.003848670260843980e-05 7.869603596628852449e-01 1.316250122234640524e-03 5.106714952222641746e-07 3.591497450545610965e-05 1.163397297281004949e-05 2.761338850366371056e-02 8.840557150069867828e-06 3.710697869715879742e-06 1.028265756769561962e-05 8.779714112212383699e-06 8.674890742659719476e-06 3.172422053477076654e-05 2.009426757079472605e-06 2.447391812204161854e-01 4.211519857883951480e-06 4.415977076806233692e-02 3.489336924827788841e-05 7.459357843717781739e-05 3.321773476290189016e-04
1.867992582266023171e-04 1.520979136348316746e-02 2.680909431816318051e-05 1.222280406006998441e-05 4.439300593577553240e-05 6.364493814148060313e-03 1.000000000000000000e+00 2.503648568257735383e-03 8.494362681796850461e-05 2.653835184682602441e-04 3.258212942663694738e-04 3.324547318465160861e-05 1.065634171947563852e-02 7.545313671261254154e-05 1.223970450440080748e-04 2.340471030209172745e-07 9.317750046829723553e-05 3.054320339409988955e-02 8.547345578422783712e-05 2.520880943977607969e-04 1.199008456548069095e-04 1.065411118855298753e-04 3.792622220255767316e-05 3.399176868513578177e-03 4.124363638717448211e-05 1.304353136723785138e-03 8.826148349325520573e-03 2.087791391487824229e-03 2.592519119103480575e-05 4.214266719460256901e-05 2.415751831842401041e-06 3.592475622308197170e-02 1.622838568552283903e-04 7.473047836164945683e-05 1.417695316924136252e-04 6.586458399191600136e-05 1.365898344342895932e-03 6.984601995803997642e-05 1.437033829064857104e-02 1.173399229182571675e-02 1.495723589143225759e-04 3.725107509566332316e-06 9.057501559697437460e-05 1.258064564423216642e-03 3.538178476786067876e-06 9.252026140093823695e-03 5.429118031748846529e-04 5.260933141090736072e-03 2.949083156284769977e-04 5.062694528759655027e-06 3.527300899895125137e-03 6.937904448739696227e-05 8.712195035253675953e-05 2.200125639609873396e-02 8.420139146765160505e-05 6.090477616134835274e-05 7.547866344882612133e-05 2.697561569250031674e-04 1.413863597145326200e-04 7.793949639134960174e-05 3.380996936321795533e-03 4.104968367373318036e-03 7.939412169336055398e-05 8.903680322232458786e-04 8.881461416830546695e-05 2.134603389601258427e-04 3.733715888654461947e-03 5.865000621154586088e-04 4.718400234151073458e-05 1.907865300154356735e-05 4.290190712215020372e-05 7.569791950869884109e-04 3.588845473153115225e-04 3.189404258704930245e-02 1.581975359173179863e-04 3.724406785800118969e-03 3.119290544888729012e-05 4.673158382918949326e-03 3.992600610551865913e-04 1.044972495942058033e-04 7.465071187764815025e-05 2.701331157031920845e-03 4.107037236718070507e-03 1.823752790889723657e-04 8.459704710988724295e-05 1.976632053179424653e-04 7.110373001667219387e-05 2.184924528765808084e-04 2.808289714185880140e-05 1.241677471524978843e-03 3.257999844108023634e-03 6.003134225245155891e-04 1.485773901144810810e-03 7.517956608496333517e-05 3.342904139882549720e-05 7.323141999922808153e-05 1.448403587147865148e-05 9.013728105486955617e-07 1.006173961498703020e-05 6.688030017795064874e-05 2.636575356908892141e-03 5.406544230966779229e-04 8.791854123181361963e-05 2.817209268203810062e-03 1.319228565535772706e-03 2.094759130123239569e-04 1.146723000226177076e-02 1.155024724398689192e-03 3.096717176569663537e-03 3.855457087087022340e-04 8.187741134521483356e-06 5.902002424504679906e-06 9.329162486969732498e-05 2.125302437448691727e-07 6.754427205945041750e-03 2.189101926626307523e-03 2.892803093302301402e-05 8.332053506515496935e-03 6.753390962708986488e-04 1.337364574796961016e-04 6.507219666432089052e-03 8.948659640844699900e-06 1.729133988522879513e-06 2.522701521933320104e-06 9.748045726677176490e-05 2.264355116874597253e-03 6.919718675874721528e-05 1.042036805132120468e-05 1.097184667832584850e-04 6.769570080782505558e-05 6.594329282776880319e-05 2.320101731199286806e-04 2.302326160855347837e-06 2.178076279268140875e-03 2.615468586670176663e-06 1.459996591859404882e-03 4.786451149978126087e-06 4.600718989926313210e-05 1.057777193051881968e-02
4.015807657285269562e-06 9.146057943744299531e-05 6.974536192561117281e-07 5.000399844017442399e-06 1.026473025836086494e-04 6.311822674893218243e-01 2.503648568257735383e-03 1.000000000000000000e+00 7.106798850788549366e-05 1.106277264323552584e-02 8.198216581356417519e-06 6.642562561952749872e-05 3.646550329083263486e-01 1.683736155753949575e-06 3.827983269813250354e-05 6.222903761639963615e-06 1.269602351794584178e-04 3.357159710440942718e-02 3.774442494782213929e-05 1.764320343348938088e-05 1.536516374705859156e-06 2.087933142985984148e-06 3.952149827844542079e-06 5.887182761684834481e-02 9.791379765520825042e-07 1.390409628079143113e-04 4.164572890828099339e-01 5.419075039809558847e-01 1.607427455081941141e-06 1.492509221422110835e-04 6.304126289820693706e-07 3.320999145145410170e-01 1.457673827655229180e-06 1.606210168330415279e-06 3.326098327054062830e-05 1.541853359340473272e-06 4.369343500824280443e-06 1.461970922449942966e-06 7.585434137910299635e-01 1.635002345223747087e-04 1.931936571771366941e-06 2.848199229562561928e-04 1.576309824949755711e-06 3.850722982645046061e-02 4.024673502109517546e-06 1.118608284629907040e-04 7.110798938022197231e-04 5.887359312060609362e-01 2.356237949678820574e-06 4.077755297896060161e-07 8.218553613552418424e-01 1.476699339676475047e-06 1.601765606344341999e-06 5.303432542723607312e-02 1.625048137422013124e-06 3.806354577797650809e-05 1.619158164114669797e-06 5.240013423164591871e-03 1.107773294825552943e-06 9.452652008370102273e-06 1.746807450567327332e-03 3.589053737933682320e-01 4.165121066831240990e-06 9.860042117370761562e-05 1.523660678170911553e-06 3.779708995064883642e-02 8.586304254972686525e-03 2.324660146601462523e-05 3.064307849147076168e-04 2.076645386230237689e-03 1.321028674246704036e-06 3.587310713070258061e-01 2.032880310000946544e-02 1.705935394591800969e-04 1.943464046280300486e-06 8.679883813960683758e-01 6.465119890946801242e-07 9.194012963243484160e-01 3.147611475649112617e-02 6.889875024316848614e-04 1.651869997784562702e-06 5.009791735710362737e-01 9.656817464574811716e-01 6.438718120881593112e-06 5.901070681982005082e-06 2.634755791509135829e-06 1.794150609510310452e-06 1.877560820122576039e-05 6.273228208416454942e-07 1.782883358260545226e-02 9.329367169382397629e-01 5.530653748654708497e-04 3.834507298443409111e-04 1.377888713696122595e-06 6.334400320417890023e-07 1.501199339757169905e-06 1.154242336436722040e-05 1.333439057480781752e-06 1.418977722439739681e-04 1.551837752937128933e-06 2.998959327678162382e-02 3.063692147057228612e-03 3.714708748443222861e-06 2.410197277729706085e-05 2.075997092764981025e-03 6.627512171776202103e-03 2.208787260847073775e-01 3.658232140808511339e-05 2.880065470480187018e-01 2.729905800515063097e-02 1.066257288511258998e-04 6.893973574340051501e-05 2.569075078276450496e-06 8.908544930567795890e-07 2.407761088575913894e-02 4.625814349100997730e-02 7.877247745989835424e-04 7.586265353591844507e-01 7.112285552089908647e-02 2.849674419127996488e-06 8.867761870992161288e-01 7.233070793436821968e-04 1.666790635345383493e-07 5.034731174252902918e-06 1.919982658797267880e-06 5.630883820714570331e-02 1.530600149153224679e-06 2.044148939265954594e-06 1.801650871506137999e-06 1.429142096952344161e-06 1.524452761977834560e-06 4.421240129139693839e-06 5.167332248309794403e-07 4.294937765361118986e-02 4.875608205018773183e-06 8.029904982360987209e-02 1.493451685472062287e-05 5.114683956801769536e-05 2.565100315701062861e-05
1.485798766643622046e-03 5.196333606269341074e-05 5.477284016308434355e-05 8.784089673188610621e-05 1.778402434167758019e-05 4.608822864929152031e-05 8.494362681796850461e-05 7.106798850788549366e-05 1.000000000000000000e+00 6.888520913637771910e-05 2.598539242297176477e-02 1.359553231468132173e-01 9.118412573804835029e-05 1.139767949405748326e-03 1.599435984202568324e-05 2.625278569717405143e-05 7.794184812567839194e-04 2.596440546502822884e-05 1.063164132201921384e-06 3.672029439958417463e-01 9.930831613901528344e-04 1.570565004943842323e-03 1.847063465922527689e-03 9.443733693391735684e-03 1.359679035559259832e-04 7.633619396742429182e-03 2.198107296559221116e-03 1.296617631590945034e-04 9.646533881587432066e-03 2.912423654489392183e-04 2.039572155563400900e-05 7.470725941645447055e-04 2.648165022182773481e-03 7.968011059503260713e-04 1.814506751196198146e-04 7.916093582629158375e-04 3.985014455516680955e-04 7.696696213429116444e-04 2.760562291246167958e-04 1.346735646397339680e-03 8.087148726618738435e-04 2.310433734720324268e-03 6.139663769375081938e-04 4.103524756371106476e-04 1.549191301019919021e-05 4.527570899668236388e-05 1.018901958345652193e-03 3.147775449714161644e-04 9.186640922655065671e-04 1.445287032064296871e-04 2.509581670831271378e-04 8.199015619456329800e-04 1.985910807907816187e-03 3.303509334267992672e-04 8.466676681467523924e-04 6.023789888567228357e-02 7.149464433575008267e-04 7.132737235627195594e-04 7.441118877150471218e-03 2.814573275879437078e-02 5.160967276972508455e-02 7.536183111615152622e-05 4.905802569945047660e-03 5.255231964848544775e-03 2.837601509027823724e-03 2.178651936148788895e-03 1.278498604099487235e-01 5.596946108285570075e-06 1.764745038911536348e-02 4.423097934399756917e-05 1.859994934882289110e-04 4.965169628686457240e-04 2.606764200779579290e-03 2.910763503595049147e-03 3.594670935259425357e-03 1.532410460943096084e-04 2.830872897364764104e-05 8.504070126234068955e-05 2.906401193131745702e-04 6.312172431959602210e-03 9.643638217038292019e-04 5.716075916172270413e-05 9.922529882788391894e-05 1.097511026216304968e-03 1.642783939668793387e-03 1.171015805652000571e-02 1.324680385162289170e-03 4.065815897533582579e-03 3.521095983496495970e-06 1.234607463179450935e-04 2.132046731187279252e-04 5.303133714171675596e-03 5.959908681734905627e-07 8.452856574642584730e-04 1.176661277551017937e-05 2.737483248530500190e-03 1.328091371108818169e-05 2.396595169278087703e-03 4.168189184591939919e-03 5.636401763400801426e-04 1.479111532719616109e-04 9.422842699944616873e-03 8.824472124521667155e-04 2.290346030778518747e-04 5.821722850472111450e-05 5.830449741853293395e-05 7.263634389853563644e-04 4.361266416219794495e-02 4.300591469218044936e-03 3.435599887088118250e-05 1.181606279508766587e-06 3.997283162968626354e-03 7.858250578551257250e-04 7.950800551995933880e-06 2.003491964437143793e-04 1.377247410764761840e-04 2.172535685239516728e-05 2.306544089924818675e-04 1.286799524667259349e-05 1.045960993252764357e-02 1.057477959886765720e-04 2.344229209612867206e-06 5.672001325398327312e-07 4.868467858596241034e-06 8.787021115809510530e-04 1.664310015623836651e-03 1.142931862243035243e-03 6.021177956113443058e-02 1.171212259700010012e-03 7.451750574465882239e-04 9.506829117453567332e-04 1.147666336736708924e-03 5.575333096954591306e-07 2.833871200627952931e-05 4.414990312755871370e-05 4.768001623330558186e-03 4.517315173633283686e-04 1.593799053749249406e-02 1.387972844005497882e-04
3.614518879086692704e-04 4.467847998914570767e-05 2.328557977344205261e-05 2.139954408830527290e-06 2.740998794567644451e-03 9.014223173140246959e-03 2.653835184682602441e-04 1.106277264323552584e-02 6.888520913637771910e-05 1.000000000000000000e+00 1.658448608149054474e-04 3.205271839517805413e-04 9.753809461502801689e-03 7.185586576575824728e-05 4.931498108067278521e-03 5.691322598539163505e-04 6.622070227728816139e-04 1.362936701401409531e-03 1.903055842915017030e-06 9.431691979461278544e-06 8.059756952724875397e-05 8.603248096262696299e-05 7.536520714795463185e-06 3.686985349503475035e-02 3.727359818273701396e-05 8.173244171603349451e-04 3.865810181879036217e-02 1.355229587175002526e-01 2.821244932361685064e-05 1.348620547745756060e-04 8.479175559201521022e-06 9.047918737932552150e-03 1.608544966062435831e-04 6.032153094878695129e-05 9.025373896242352414e-05 7.031438956126238990e-05 6.693807312624563413e-05 6.169934988722010154e-05 1.650536258904681738e-02 7.489575419376780208e-05 1.081352394941037417e-04 1.301014049142054231e-05 5.062699680469703845e-05 3.347095710962214726e-02 2.219596565209041358e-04 9.314553807223496101e-03 1.462718798216706062e-03 1.176382618269196205e-02 4.387062745838387094e-04 3.998861132593314378e-06 6.196556861216041823e-03 6.071827405979812720e-05 7.681470896353794170e-05 4.737746502448209811e-04 6.646869692272322711e-05 1.889303535999131256e-04 6.544230941623926782e-05 1.010421847332467274e-03 8.846017908744894159e-06 2.920841147192906710e-04 4.395135569966513757e-03 2.721856692500824841e-03 1.987721059906657345e-04 3.656058971913121497e-04 5.630592876066060020e-05 2.113401209614871809e-02 5.826894504982802966e-03 3.948849541174548794e-04 7.709435675205558128e-05 3.246672558560528832e-01 5.625816680800646986e-05 2.967282606988786570e-02 9.224583119306485168e-05 1.018221423370446700e-03 9.830532200424588717e-05 3.550361563386134067e-02 1.926300177426023809e-05 1.860799270448031117e-02 1.745549181412998007e-03 3.542944054661688390e-04 6.839511057774830434e-05 5.801743221850460576e-03 1.164243983001771350e-02 9.506471876828615148e-05 2.246773381092813263e-04 1.109573072757810203e-04 8.069245697574911743e-05 2.086739695685805186e-03 2.394851892426146971e-05 2.276382633890780983e-03 1.858576885704811554e-02 9.966982198075921215e-04 4.293764531740614583e-05 5.427575037824937566e-05 1.062360059838108223e-04 8.508222728257662580e-05 6.934052459541575593e-05 3.465783305121410553e-07 1.606369132933398787e-05 6.258663517134560085e-05 1.598357524191071355e-02 1.902770091505957785e-03 2.370410560301825919e-04 3.041273324159717668e-04 8.146550394828381268e-05 3.624469340219231648e-03 1.297740194849595578e-03 3.067495069306417103e-04 5.659990376204201978e-02 9.670531653840537274e-04 3.019717776726258597e-05 1.541509593035493504e-05 9.292581547867928928e-05 4.660283045570750931e-05 1.682103384561574599e-01 3.347608467678899694e-03 1.652806398708339339e-04 1.325464268276188573e-02 4.459127883921628829e-03 1.595312755240317051e-04 1.102471785656713825e-02 1.357093073817231509e-02 1.029570172791534782e-06 1.645969990297442585e-06 7.928569361154481107e-05 1.143622873832278106e-02 8.080849317552014606e-05 3.855333062900384540e-05 7.976510620012744728e-05 5.989784077331877722e-05 5.920839682235318159e-05 1.421140038106257668e-04 2.494260562453601254e-06 2.862872819189428127e-04 3.055502636529564280e-05 5.681329506443778127e-03 1.235048981677059084e-05 4.608390816154022589e-04 1.160845598070446414e-04
1.482122733300707540e-01 3.523330555344809933e-03 3.451845261439853707e-02 2.102446494212481705e-03 1.822431096639091919e-03 2.514892261095168764e-05 3.258212942663694738e-04 8.198216581356417519e-06 2.598539242297176477e-02 1.658448608149054474e-04 1.000000000000000000e+00 1.274074140168665048e-01 5.101929940504947334e-05 2.451398369135036615e-01 4.804447309806272209e-04 5.437816875393465012e-03 5.681855075959482172e-03 8.041417316408683573e-05 7.400899245060090826e-05 3.846682601022730075e-02 2.020908219917017523e-01 2.166852988818140369e-01 3.634033727115737467e-02 1.203657848406713970e-02 8.467488969309477920e-02 1.205345856451434522e-01 9.043413096317429005e-04 3.554201202974381846e-05 8.167710545105877351e-02 1.160060441677225607e-02 8.735798600265361202e-03 1.044352818360159903e-04 2.888419946757696533e-01 1.933333014266011562e-01 1.024350271045409684e-03 1.982811404294833046e-01 3.435330533697120853e-02 2.008182371617348028e-01 3.154558647805571218e-05 1.050668380197216202e-03 2.073287452510088613e-01 3.147591383715311626e-03 1.696241026165642707e-01 1.724429798389351788e-03 1.771150791728390295e-03 2.324284329142374626e-03 1.473019264529095221e-02 9.883058404471733408e-05 1.268690090488927003e-01 7.500486377038570289e-03 3.884806859301732506e-05 1.985431720121672294e-01 2.863302787902221036e-01 9.210227300540724173e-05 2.002595404410612845e-01 2.891534756178253951e-01 1.893338923535396456e-01 1.163001734055158767e-03 6.570224011025400934e-02 4.887381375472481526e-01 1.222961091654866383e-01 1.883192618367422877e-05 2.712123636366824478e-02 1.203021448125944914e-01 2.427261879269483613e-01 1.575021272786550309e-03 2.484660841603683265e-02 1.977255861512120134e-03 1.336257369671362515e-02 3.644937195399930126e-05 1.065981702501137968e-01 1.765883801494344302e-04 7.025948887889706595e-04 4.651565071638916887e-02 4.061243295095589567e-01 2.699544445314047122e-05 2.958814649388072718e-02 1.699720574408304243e-05 3.992778971777301311e-05 7.540613872558163790e-04 2.164178339864600009e-01 1.734201755208082587e-05 1.562839442428706142e-05 1.809964635284460610e-01 1.135233472476951389e-01 8.347846544416821501e-01 2.311565631487245975e-01 1.228393371867192441e-02 6.311415654409778010e-03 2.199618348287215230e-04 2.568694427393521888e-05 5.107999489066645041e-03 3.576215451556474551e-05 2.087773551665931815e-01 2.406076596688296390e-02 3.597100844176196466e-01 3.768991871322595962e-04 3.885757151144222672e-03 5.547013867841807909e-03 1.733153502670472246e-01 8.435485004260591608e-04 1.483819548761451841e-02 1.930804955391841327e-01 2.206674662901518882e-02 3.118209095509417040e-04 9.651201006568494757e-04 9.297695796586585241e-05 5.095560831327026197e-01 9.959670270399472673e-04 2.423389319343999943e-04 2.798723268338305071e-05 4.100063096486020707e-03 1.904553368750291076e-01 4.956309066160521394e-04 1.805343550929861462e-04 3.989543410047543572e-04 3.727422374907308740e-04 6.866807329808580890e-05 8.031858588524209465e-05 5.414803260459781775e-01 2.623700763529955105e-05 3.652233767995984363e-04 5.392237462263088513e-04 7.591234891293155039e-04 1.949807403658432581e-01 7.536086640166108058e-04 2.903242588886587039e-01 1.904694217681126289e-01 2.141867406096565063e-01 2.049384114367994725e-01 2.142816134529646199e-01 1.849350512681885439e-01 7.262711972265632190e-04 3.177321544399034790e-05 1.457088079518395170e-03 1.072918552548262532e-03 1.396942117389826654e-02 1.002764853065878092e-01 1.577319920661209712e-02
