1.000000000000000000e+00 2.377507913739940106e-05 1.789088790731057504e-02 2.241143590218569446e-05 8.622730394166780761e-07 1.116434825539384327e-04 1.066153264802395207e-08 6.633120040798107567e-05 1.060963832525447838e-05 8.387433075850044323e-06 1.396500337172466334e-02 6.870382212516349101e-04 2.449841216835773423e-04 2.251272362440057961e-01 3.942750392557690950e-06 1.039734956145961497e-06 1.766043346444909996e-03 4.073727782832715382e-06 7.189393162319205306e-09 1.341588579169526198e-07 2.182523509967101150e-01 2.406846405902083874e-01 3.089811862664112036e-06 1.205699075315755375e-02 4.793516071517797683e-02 2.159359993338987871e-01 2.027417039274115318e-03 1.808948475539244702e-04 5.507826517690866041e-05 4.403955516336460979e-05 1.513664218802302137e-04 1.760414400481702564e-04 1.211378950199144263e-04 1.888218264012713199e-01 1.230571889850642627e-04 1.878473151573165634e-01 4.128930088065264231e-04 2.116073389734564048e-01 1.195406153782676005e-04 1.034988658974135220e-05 2.238820166253850663e-01 2.280797041011806370e-06 1.516853361422450530e-01 4.040323657714800092e-05 8.064990457153844853e-05 4.342414364516308231e-05 1.875240990945295245e-03 1.296785471774795559e-04 3.224585916764857174e-01 6.115326706732080765e-04 6.807554119280988735e-05 1.852687999080558368e-01 1.803106152814844820e-01 2.348432938545752311e-07 2.470794719824563335e-01 3.192290394819325642e-03 1.960894967495161734e-01 1.145941400976792065e-03 4.238860597736357889e-05 4.032993107706255020e-02 2.063508918625461472e-02 5.965708858994512117e-05 6.300925492398532076e-04 1.367331501317944897e-01 3.157037181703111622e-02 1.654993544309808166e-03 7.369094843032393538e-03 3.163801726681732120e-08 2.224316843880562149e-05 5.252749533955055822e-07 7.891850515746409722e-02 3.697311719421756001e-05 4.906169367987588832e-07 2.991781159442079632e-02 8.492798551862598688e-02 2.372732587651107689e-04 9.505216464843715962e-03 1.106909144698963718e-04 8.254856620808618438e-06 2.781515106323788019e-04 1.803285810206288198e-01 4.911476800688322543e-05 8.415331263961801651e-05 1.009146255386684232e-01 4.216770012331130801e-02 4.687942997313472582e-02 1.484730763749996518e-01 1.451609440097178616e-04 2.032292261683243050e-04 3.827525797338106914e-05 1.303644012058830784e-04 1.159271683700762367e-03 2.195219432707776951e-11 2.274784833863136846e-01 1.364444762671780361e-04 1.706551564945833765e-01 1.439947354463746964e-13 3.861206159233964747e-08 2.022025111980497766e-08 1.604565300607626865e-01 9.197988698081669713e-05 1.497121414235200928e-06 5.996784112617333795e-01 3.625917967670342495e-03 3.211613181207936499e-08 2.802789506916300089e-05 6.742517725645080024e-06 3.133466815275097982e-03 5.810428546863437640e-04 1.295066501280843119e-05 2.679603447252424629e-08 2.623305146808177717e-07 2.017846064006826035e-01 1.091428374101186952e-05 4.602979735853115193e-04 1.911793254416837475e-05 6.909695233586479537e-07 4.820779021239983593e-04 3.803732835193504651e-05 7.842174479679726862e-02 2.196142181808375207e-04 3.765897541803781850e-06 3.445426663092157953e-06 2.490405359084642173e-07 2.582106933276815397e-01 1.306452916216134204e-04 1.997785569628481583e-01 1.379609842643467763e-03 2.630137872490789785e-01 2.047662171216506344e-01 1.933559702871768815e-01 1.438628386201670217e-01 4.950357024023545640e-07 1.879430632358879288e-06 2.968063296795592570e-05 1.526175679754055185e-03 1.362710823416455262e-05 2.590827726866165928e-02 7.704142223587253724e-05
2.377507913739940106e-05 1.000000000000000000e+00 1.320167025373729363e-05 1.656028448138383129e-06 2.724386614699872667e-09 1.713109710567174219e-05 3.022789939851279250e-06 1.678766351011484273e-07 4.440045253821454809e-12 1.066948981594424325e-13 8.385001016046685976e-07 3.637635911899538636e-10 1.479001655617067496e-04 1.634581190000030813e-05 8.918949871631383944e-11 1.070956123369103501e-15 1.115226253627991684e-06 7.907198844521908237e-05 2.856733186217407207e-07 8.099495878657251662e-13 9.424020877493082069e-05 2.371235885765380727e-05 1.501672378153073051e-08 4.627200660403041776e-06 3.493026076700659293e-05 6.081559278803986895e-04 1.539621159590539076e-07 1.306667636241641514e-08 3.596179774451805296e-09 6.461798090811571413e-05 2.856515756135431580e-05 7.690962615100450853e-07 4.137333382163977919e-08 1.450371756856671494e-05 2.554907116230878037e-04 2.214556679509733947e-05 1.755629814105474581e-04 1.974031546173520574e-05 3.326500248306993845e-07 2.227967524830453154e-05 5.921780318280874011e-05 1.035219683900390236e-08 4.085890443713115981e-05 2.319925018447970132e-09 5.326580236635529566e-09 1.299799666290390090e-05 2.614860282834399313e-06 2.207935148890773820e-07 3.381553586939950695e-05 7.957450651934242686e-08 3.870956451413281323e-07 1.758298114735152751e-05 7.698531970729882145e-06 2.891019601742162402e-09 2.605706301294169144e-05 1.172236905252120352e-08 1.583788137047191380e-05 6.406561298210773094e-05 2.050325672725056378e-07 6.386969666771781722e-08 1.487237515020597731e-07 6.814460164515180322e-06 2.609634681425154664e-08 1.084846658911449045e-03 4.773707808952222665e-06 8.625473373719224057e-08 1.753848237729147304e-07 2.529002959819913733e-12 4.130726066352922558e-08 1.536386911707817071e-15 2.284551596067716677e-05 5.021029730895213547e-09 1.882874919771814504e-08 1.806390367366714255e-03 3.079605174886328549e-06 5.093321998664520824e-07 3.339703956931632829e-05 1.497581714503439873e-07 7.243608964839752008e-08 5.038450416062980436e-08 1.559780835341508521e-05 7.542245720388824772e-06 2.866162369357964013e-07 5.390145586695470385e-05 2.375515821425471161e-08 1.367133943428066308e-06 1.290365483225090668e-05 1.164202878404350069e-10 1.745859034226041311e-07 7.525621038511316387e-06 1.581877327978846487e-07 3.921494925368908653e-07 1.976177495108270333e-13 1.818196230241778501e-05 1.351630174722046760e-06 5.612186603676135609e-06 2.483943607957522804e-13 2.249332972879411083e-10 2.044398604712217862e-11 2.977383153567437376e-05 8.188098849148117633e-10 3.580507744543155628e-11 1.844255199517284794e-05 2.197492586834834741e-04 1.129360081784671045e-07 9.320840088236581660e-09 2.104226693555424251e-08 5.301756352053040208e-06 5.004455379194246260e-08 1.877430364142487294e-06 6.265496455547776736e-11 1.471803237361699251e-10 2.116861825476813565e-05 8.516703919050134781e-12 2.914848068348504134e-08 4.005530764544584461e-09 4.931984896685875102e-10 7.836156875880738914e-06 1.015115188474055239e-07 3.644372889117163093e-07 5.993540204633146142e-06 7.806662943475758185e-13 3.990350982034214846e-07 3.133894564066684732e-06 2.586550439375971073e-05 2.556721511538285702e-10 1.033878437191329482e-05 6.448180401509145204e-09 2.788740115310092002e-05 2.656205222080649318e-05 1.548102113603897718e-05 8.774522060365777195e-05 2.009320702868015543e-06 5.203111537751353656e-05 2.210836537301631874e-09 2.046452225966659022e-06 1.514470914751655394e-10 5.210293442392834396e-09 1.466223131578338725e-03
1.789088790731057504e-02 1.320167025373729363e-05 1.000000000000000000e+00 1.938187877159295192e-04 8.220757016273620292e-07 4.459234590827767099e-05 4.764218864115772592e-09 2.980408966017949305e-05 1.658621278797136991e-08 2.063334885074367613e-07 5.774749530113794686e-04 7.565809313882908705e-05 1.228882085943801110e-04 8.486994537465397670e-02 6.551560931061142364e-07 1.249464662592228139e-09 1.213090654457677723e-03 5.632956442127697278e-06 4.440209910838917195e-12 2.022413974552339028e-10 6.309435799713591919e-02 4.967565839673362960e-02 1.048380550712730743e-05 3.950153475450440821e-03 6.824029961508600861e-01 1.103040147581163533e-02 1.911151600549449944e-04 5.543015214948408858e-05 6.000898946358726708e-06 9.351797962298629254e-04 3.748338802569725018e-03 1.036516129816858951e-05 7.073946702340482203e-06 7.234795907872813847e-02 2.632367695423778004e-06 9.324092260488629769e-02 8.575118245424207604e-05 9.208724116901688406e-02 3.637089829112661536e-05 8.443582721238506093e-06 6.162496365751940486e-02 2.218075305220500298e-05 2.094631386935850714e-01 4.262182592894450691e-06 5.465015932291229167e-09 4.199695726923239735e-05 1.439365012388804099e-01 2.222395505773523162e-04 1.005308218468266464e-02 2.109454731165750856e-04 4.313016469350299160e-05 8.996996006136648294e-02 8.887175065048799616e-02 1.031731128272943295e-06 9.375182516226444884e-02 2.160781551550551452e-04 9.709119128419071987e-02 7.602187140922781524e-04 3.715934065572507197e-05 1.878973978245544827e-03 2.000408172326986842e-04 1.829951816380578648e-05 2.075332671339900230e-06 2.007450729680459664e-02 2.814833778889326218e-02 1.271480394792365537e-04 2.479429567313956779e-04 3.327724276502020224e-07 3.042949294298370999e-05 2.509457248734535764e-09 5.786888246955524950e-01 3.154841519783695850e-06 6.185118379800432101e-07 1.509980374628053365e-03 2.318130636008707002e-02 8.879288915771877972e-05 8.408210376371069161e-01 7.633657693576134044e-05 8.070518888295976576e-07 7.114326050222418210e-05 8.734315987651962432e-02 1.591955262215328024e-05 4.247165479231009515e-05 8.713000712210373921e-02 1.258178910069030106e-02 2.456679878586743096e-03 9.648792229371108697e-02 1.130644883519725860e-07 9.794148526388797571e-02 1.992999344024895537e-06 9.216802415171753435e-05 1.726358783849424956e-06 5.064683699832004710e-14 8.264900641935978010e-02 7.076085830128661311e-03 5.257542953252889589e-02 1.711278784259761063e-14 1.534116309513527892e-07 1.129274643161978707e-08 2.520112670241129726e-01 1.191037346118530146e-03 1.094584848965546841e-07 3.219103823471358011e-02 6.172363831589058220e-06 2.392635641915309553e-09 1.761845622339047431e-03 9.404110177280132702e-06 1.142413784886587419e-04 1.393682186519069487e-04 5.190167197712647991e-07 7.549348335171982816e-06 1.110034545157744445e-06 2.231425454872852099e-01 1.039580777167845616e-10 2.908382035726693582e-05 1.366741604381152640e-03 2.068005526921772475e-04 1.083447857098169019e-04 6.318133526343358546e-07 8.269674673562580139e-03 7.354158288719751303e-05 4.477383687417772399e-05 6.753901274016578526e-02 3.573132587408212480e-04 8.520694504747980402e-02 2.099681331050390549e-05 8.331122586180698952e-02 6.162250819239471484e-05 9.493956017043526929e-02 9.241072685437823342e-02 8.317165374003085421e-02 6.048153524512164120e-02 3.511600204105438851e-03 6.703380898900526477e-07 2.411059160350357650e-05 1.420279770996123918e-03 5.777304154701583174e-05 3.424552518095131011e-03 2.626246101331090052e-05
2.241143590218569446e-05 1.656028448138383129e-06 1.938187877159295192e-04 1.000000000000000000e+00 1.004074697750028333e-11 1.442353434363132300e-07 2.154898275232813387e-11 8.997275811998521138e-08 1.870994434910608220e-09 2.188928898441759510e-13 9.151105867641572123e-06 3.007986312428005053e-05 1.035619408507274058e-07 1.241941955682825534e-05 2.734702401453214591e-13 1.540730858140482646e-12 4.862456773328433651e-02 1.209822686492369620e-09 1.434255374290650896e-10 2.408734305313100954e-10 1.266787273108614214e-05 2.792119492338400908e-05 7.873363489537395085e-11 6.334839994035574217e-04 1.987950183821517950e-04 3.641800929014953070e-05 2.731591554630734498e-06 5.539751832758912979e-09 2.196269043926724254e-11 5.804326817942569855e-04 8.561733687435180151e-03 3.348314862971141490e-08 5.934651928759857004e-10 1.559628251820457156e-05 9.132336588832304110e-09 2.388195142617692822e-05 1.059642344717153214e-06 2.080044381482407481e-05 4.630105624237942098e-08 1.639162984405606121e-09 1.253835750728359786e-05 9.628892630409859954e-04 3.703399876707275855e-05 4.604881109159569709e-06 3.684901436095843908e-11 1.808325883958366114e-10 9.079384791897301390e-05 1.825930779623195292e-06 9.028612408927450632e-07 6.472503548692644382e-02 3.224447954430354982e-07 1.870139176579115999e-05 3.725617895936260423e-06 1.672436025102677972e-11 1.859928472409950437e-05 2.026559008045656463e-07 1.460354470804203909e-05 1.106949029302822969e-02 1.128484644821757883e-10 4.427268895733278414e-07 9.954010497792273296e-06 5.161192386815560420e-08 2.762517164292242116e-08 8.051289490693335188e-05 1.986258089078457700e-07 1.147178861554862771e-04 2.889963645324873147e-05 1.222423520936124609e-09 1.133033337581760238e-07 7.345973784167545349e-17 1.570516733049757768e-04 2.106997705441618514e-07 2.232486641247672930e-08 2.188436156837950166e-06 8.990361264711096253e-07 9.578542986513471783e-08 2.954929209524881080e-04 1.142452996045234582e-07 3.253312102032657860e-09 7.099656764531563037e-04 1.234188780355146192e-05 5.673381621531752674e-08 2.328509954138678486e-07 1.566461012602989985e-05 4.847578805040041849e-06 3.290787577505188284e-06 3.804103814858648517e-06 9.420562090797004588e-12 9.996237173411044930e-07 3.274966510642661720e-09 1.396094698101940519e-07 3.329043157111744796e-08 1.266820326944186882e-17 1.776738014311065892e-05 7.416007908306746325e-06 3.232941745312344796e-06 2.408168678402523505e-17 3.742647272238305795e-11 2.638973983320161744e-12 5.280651976445418936e-05 2.510264627054189273e-08 1.365285531466305959e-05 1.172619295720875321e-05 7.691014472384762693e-09 3.883938091278181177e-08 1.244335345535118662e-06 7.255280194141373634e-09 3.766396476288875589e-07 1.157158595389644849e-06 1.206644594029816671e-07 1.260931287116156587e-12 7.825133410929707619e-11 4.637566441705739885e-05 3.828818865265843316e-11 5.128221436013286874e-11 7.885477720299440918e-08 3.435671744771483941e-07 2.272312252554984259e-06 2.991755805167089908e-09 4.440469427461193283e-07 5.942950929527120121e-07 5.619154298538152866e-11 8.598409514317977137e-06 1.853151873925873198e-06 1.932523674589606922e-05 7.749211442078801236e-06 9.321909652089225101e-06 9.432297942024297605e-08 1.494332690319980788e-05 2.252240623810425419e-05 1.833980260970796515e-05 9.481676127665243271e-06 1.964374777633212516e-05 3.315833711790457974e-09 7.167235104784817901e-02 2.314743071299594016e-03 1.019645477117693931e-05 3.372793529290477937e-06 2.993496540529530648e-07
8.622730394166780761e-07 2.724386614699872667e-09 8.220757016273620292e-07 1.004074697750028333e-11 1.000000000000000000e+00 1.314890275781496444e-05 2.953935762891546463e-14 7.783467873786033156e-07 1.712999496716055795e-12 7.124295716342370552e-06 5.540895227166979961e-07 4.032330476179691921e-09 2.715880072238683295e-05 2.086616619405810496e-05 5.627158590248589450e-05 4.225733887277703683e-11 7.253037842555635034e-08 1.701011479422295397e-06 2.404361436211408365e-18 6.379947746983943639e-14 7.409511933535511616e-05 1.517167063798888391e-05 4.606271362242364115e-07 1.348506908302082054e-05 5.041084270182745464e-06 1.676313162384009205e-06 4.734150235399918271e-07 8.032937154226065814e-05 2.613348154439539462e-10 1.028890975578279121e-05 1.890980211317008784e-07 3.853821031075808329e-10 5.042605828621966739e-07 2.107933291445785825e-05 1.405194177524653448e-08 2.074388942916793806e-05 6.446885538793375005e-06 2.076267315627593527e-05 6.178509215731569366e-08 2.952076343474512695e-13 4.465700236109432805e-05 4.796036066973140360e-10 7.517585868224627008e-06 5.548202741312718991e-05 1.052200113060385344e-11 1.428030042102133087e-05 7.250354779583656775e-07 7.106750765417178440e-07 2.640871132172768344e-06 1.017825832498673672e-13 9.447378465135431549e-07 2.584071613637011091e-05 7.355826872081658225e-06 4.113335578457952754e-15 1.574083028239744953e-05 8.155690275279245084e-09 2.100282175270310175e-05 5.775753940691075208e-08 2.046881450295558111e-10 2.752537026511957421e-08 6.089284641183171518e-10 1.975485441915191990e-06 1.166725689405665782e-05 3.109561622308874548e-06 1.230682249399153065e-06 3.182819289145043199e-06 6.347758309419680406e-10 1.208925769559728758e-11 3.663708440402430023e-09 4.786345758467878546e-07 6.315560139449918989e-06 5.441736605540722785e-04 2.649509703900610263e-07 3.004549634731510468e-09 1.999069051245170846e-06 7.739020583465601048e-06 1.505050791765137889e-06 4.647119514635808873e-07 3.361980742894091535e-06 3.342206095413232535e-12 1.828014159000620705e-05 2.279670437048293685e-05 2.409913550881714948e-06 2.279328706937179701e-05 8.184423748829873416e-11 4.815326217584298364e-07 1.926524909996915321e-05 7.462256817338416404e-07 7.022200227807715363e-09 1.571416243958314175e-04 1.250762148684134186e-06 2.956869977949413491e-08 8.854119751200861892e-17 2.334184433279536325e-05 1.624594396846601381e-05 7.024987564116709989e-06 2.384893810336392431e-08 1.502678578486334243e-12 2.648922148036078139e-07 1.183469597077249230e-05 3.319931245947004130e-09 3.088295300968752333e-08 8.250568006085907380e-06 1.029479083380687248e-09 4.507149548421408173e-07 7.355554461607642181e-06 1.267522011672184851e-12 1.586189276131929576e-07 1.892258659152629737e-04 3.788200912570878263e-08 2.189480002595659569e-13 1.025785063805959274e-09 7.875289494502400668e-06 4.043549358136889731e-14 1.212316067677986948e-06 3.774821642270989077e-09 1.522366539677885199e-09 5.857580208089073805e-06 8.171905891682903520e-08 6.053370829302833645e-07 5.872967272530703203e-07 1.567524267997417311e-07 2.183595214896612011e-09 1.065479725328458033e-06 1.931192771237620742e-05 1.796104455197231006e-09 2.188007122244577476e-05 5.796505458555917924e-10 1.223772929495066946e-05 1.583221391087420626e-05 1.634244315159986529e-05 7.039266582629984267e-05 2.895315507532051856e-07 6.838700979334163508e-06 3.251763882384823397e-10 1.626112898075704653e-07 1.370170621375136354e-11 5.617315899053228025e-10 6.356430513685584838e-08
1.116434825539384327e-04 1.713109710567174219e-05 4.459234590827767099e-05 1.442353434363132300e-07 1.314890275781496444e-05 1.000000000000000000e+00 1.159054647839531797e-07 3.630836101872848554e-01 9.565607919966490763e-09 8.951766140124708649e-07 2.067445201814510460e-05 1.258942114967571679e-06 6.306394819367699967e-01 5.308613839612613162e-04 2.282590690300970045e-07 1.469873340371525692e-09 3.180273629599890562e-06 1.389947249810453457e-02 4.466560995045708675e-09 4.383372359510400997e-10 2.966218089818443006e-04 3.577678160303950495e-04 2.456538048936360684e-06 1.463934726684014420e-02 2.155543290428736398e-04 1.728996814151979779e-03 7.710646200526884153e-02 4.797606021732529757e-02 3.484423261471221012e-08 6.727737229578748717e-05 6.579228155597210112e-07 1.128072219061811154e-02 1.755705280004966122e-07 6.382358430172965042e-04 2.262719524993761548e-06 6.109151097003657225e-04 4.692106192538019184e-06 6.216610797103424083e-04 8.621043500388450576e-02 2.265737594434252952e-07 4.452389754242547498e-04 5.506947866595517045e-06 5.607069143243280634e-04 8.647648047561602193e-04 9.423979082577796706e-09 1.075346782203667779e-06 1.495127191280315113e-04 1.795697238397171158e-01 2.357379365879723419e-05 7.688901376566064466e-09 4.408097792993515007e-01 6.389325879072986231e-04 1.812875858643060712e-04 4.918842332526509811e-05 6.025184364799026976e-04 8.658792820644120917e-06 6.362746193554014249e-04 5.052879623608707779e-04 6.925109812690489879e-08 1.192589357998847149e-05 7.186099149656337932e-05 4.247360598421595634e-01 2.606007985638240672e-07 2.900281927338696931e-03 4.170973215332662338e-05 1.953014057190715800e-03 2.084376850548517231e-04 2.032470747875972596e-09 1.032530957207189070e-05 1.395561290836735215e-08 3.070445868095763773e-04 3.264860619523227148e-02 2.867291820614911637e-03 5.521584793628632953e-05 1.061118258581574691e-04 2.723293096661053569e-01 5.175456102979145059e-05 2.101410763270506188e-01 9.426451971913358359e-04 1.328637388541308229e-06 5.794852594299752498e-04 7.366690178057970773e-01 3.984540453786277192e-01 1.861494864630376190e-03 3.474236867761398900e-06 2.286357198521372447e-05 4.323033138171815349e-04 7.670606930477350317e-08 1.388775433162308959e-06 1.438395262454079948e-02 2.659764493933073348e-01 9.006762600954310266e-06 3.540939541580280578e-09 5.871601580547475491e-04 4.348033055679883987e-07 1.519747399519477563e-04 5.492035327200103953e-12 6.843317407262285851e-09 2.487488311711409376e-06 4.996911908410996746e-04 5.547453978972193391e-04 1.824462470857612051e-06 4.082428854651670215e-04 4.681421482378027817e-06 2.050567523084190349e-05 5.289179252930963256e-04 2.532123801825254469e-03 9.472885849612587133e-06 4.738775175105802706e-02 3.258775828036548396e-03 1.563827850562391156e-07 6.790688354713502385e-07 4.748506161447225591e-04 1.743990657356407831e-10 8.889353832738562959e-05 2.198136022331503240e-03 1.741536185218705055e-05 6.759322302111286929e-01 1.957596530466570658e-02 3.028356711655905083e-05 5.998955153329731393e-01 1.106737451746595696e-05 2.652766092274781474e-07 2.624858241703494412e-06 5.651507227912674252e-04 2.356702169797073390e-04 3.661231993831256691e-04 1.344038795410346997e-07 4.924064224790304124e-04 6.220676550020863343e-04 5.891672604891981697e-04 9.046411986721685341e-04 2.533626562201516317e-07 6.607246374476917483e-02 2.090530782596929870e-08 5.980303746470436860e-03 3.924643291274807237e-07 1.075775665969719129e-05 5.646312491970810868e-06
1.066153264802395207e-08 3.022789939851279250e-06 4.764218864115772592e-09 2.154898275232813387e-11 2.953935762891546463e-14 1.159054647839531797e-07 1.000000000000000000e+00 6.284112435825430543e-08 4.211149936660144226e-11 1.481316885376550237e-13 3.072732888964900236e-07 2.722791196243187268e-11 4.133948328297716628e-07 1.858541388095306649e-08 1.416567671265525267e-12 1.372885213610281360e-20 4.606212169720170675e-11 4.275825092433098879e-05 3.335940404452127233e-13 2.662491766138885717e-09 3.381085477107100997e-08 2.433169698228853624e-08 1.606594599934843138e-10 2.862884097634704508e-08 2.039965854061003780e-08 3.165432293164230420e-08 9.555392237081686776e-08 1.701111509481211590e-09 4.651767444983550878e-12 3.281313758409404333e-11 1.911561559087230425e-11 2.870655456107772921e-05 2.351068151339070476e-08 1.176406850192885680e-08 6.031462985478511076e-13 1.982606508181599022e-08 7.906944620808983511e-07 1.280153626282880499e-08 5.514652188309445383e-06 1.555418276117834546e-07 8.145984733847339004e-08 5.045476962211382468e-16 3.802115415159196083e-08 5.880803842965844861e-10 2.213409904116736160e-17 7.891739818267756848e-07 3.473124722267766761e-10 3.070093284018622799e-07 4.163648125570133422e-08 4.588056293274654827e-11 6.403216431857420004e-08 1.353460450551308740e-08 1.987570682073872617e-08 4.008956735785653910e-06 3.042605618821418372e-08 5.865187728865932669e-12 1.518125542803097458e-08 2.931375079802336835e-11 8.877217569076162722e-09 1.099938815179129087e-09 4.162898003977040377e-07 2.274649684238436090e-08 6.039087677269479203e-12 3.572826530922917263e-08 9.911955413843693435e-09 7.368140686221749417e-13 3.545236966291531912e-07 9.170288097388520904e-08 3.832736806601943195e-13 1.671619690971630036e-18 7.796127300853390667e-09 5.906926904413338533e-12 4.554058953244217189e-11 1.988569545424857658e-04 2.466766730554490904e-07 2.479831482458496837e-08 1.101894371607119239e-08 2.645586650469150995e-07 1.955153462964536770e-13 7.702990832942645261e-11 2.485518129228153778e-08 9.341983659862811064e-09 6.311707885166551639e-08 2.177075648027233829e-08 3.407458049523489721e-09 1.891993689988041359e-07 1.376103715748954741e-08 2.326569312367688117e-11 6.510146955247057843e-09 1.479550032248088879e-10 2.246679139478130258e-08 1.552942014260723803e-12 5.590503436370477159e-09 1.826585125612852092e-08 6.760693730369540062e-09 2.566933119076955718e-08 4.467895756140975341e-16 5.351176345691583539e-17 1.253259956978666858e-15 2.570978210303432178e-08 1.433341758256367869e-08 1.427107127688620414e-10 2.740085147003284597e-09 1.582355920549451121e-07 5.538361175016298641e-11 4.442006406195212974e-11 6.659101171259110368e-07 4.052707454642325314e-07 6.663736347287126001e-09 1.210297003448628446e-13 3.030673875866733795e-15 1.649507727806073467e-16 2.663415700808769811e-08 7.891030493252269271e-21 2.818976090996210291e-09 3.644862800859495404e-08 4.335987824904957778e-12 1.585934618566295137e-07 4.631583489452370019e-11 2.592634092492111336e-08 1.845945094419558368e-07 1.982090654228279966e-15 3.170938227821603221e-11 9.389440824045995592e-14 2.053020899076268516e-08 3.558933613549669395e-08 1.677907834476367398e-08 6.136021404502022513e-12 3.906987363794760331e-08 2.532867623993591010e-08 1.794003833912831755e-08 1.063931165350302561e-07 6.162264083316454055e-12 2.084116299131135786e-09 2.044443507704327834e-13 2.420989748050862473e-09 3.153729686789456780e-14 1.325942252333962183e-12 8.494805819254773200e-05
6.633120040798107567e-05 1.678766351011484273e-07 2.980408966017949305e-05 8.997275811998521138e-08 7.783467873786033156e-07 3.630836101872848554e-01 6.284112435825430543e-08 1.000000000000000000e+00 1.474432464167696952e-07 8.728003393169219437e-06 1.414965926900433573e-05 6.902129955032505612e-06 1.681843730313966057e-01 2.427207632287491697e-04 3.976857045470586013e-08 3.559381825486945540e-10 4.554370164404612125e-06 7.706259169367796940e-04 6.276170846007183583e-11 2.638668931997736242e-09 6.392002123297178600e-05 1.289583587626408595e-04 4.059783277431209627e-07 1.803248647849462621e-02 9.215784622105066223e-05 7.442438142906985729e-04 3.234028124688674843e-01 1.791810419852189473e-01 2.343233334686172030e-08 6.423712882129545158e-06 8.849905467806385154e-08 7.270195175794577636e-02 9.541181806635927014e-08 2.450151093421293834e-04 5.242633026013616796e-08 2.501728540944754857e-04 1.972671995278619556e-07 2.544880483895741743e-04 4.704654515061111875e-01 2.244100116248401870e-07 1.078561983044752632e-04 1.938971186409105762e-06 2.306097215680480699e-04 7.145725013286003931e-04 4.474410507293926454e-10 1.610056252531918283e-07 2.562083000187089974e-04 3.488048651300880709e-01 6.902959255438194626e-06 1.285708085962588992e-08 6.757679403345115965e-01 2.678736250198489885e-04 1.258558274155839043e-04 3.387813173767432887e-04 2.654123403156228222e-04 9.578479799719689965e-06 2.797197438164842048e-04 3.254923257036298448e-04 3.778768935667433510e-08 2.004955894068904520e-05 3.357420295764566116e-04 1.218435657864012645e-01 8.176707316792049033e-08 9.591432551773224980e-04 2.533251324817851973e-05 4.092051995304445827e-03 2.397390970706913399e-03 1.908680241188684910e-09 3.604764711227143515e-06 8.523840700863403782e-08 1.471313852115640336e-04 3.116344423543918399e-02 8.269542797468579188e-04 2.030221671639052651e-05 9.131686577269900688e-05 6.651847951589585639e-01 2.008726965975459803e-05 8.416206045327845331e-01 1.945368277010575773e-04 2.159916952452632489e-05 2.741492732677044790e-04 2.215773044510150336e-01 9.412916746614128360e-01 5.624710502881132348e-04 1.117807867500853344e-05 2.025364826107832258e-05 2.128658161436775584e-04 5.343471951116112481e-08 7.429406346161995593e-07 5.014642851211025855e-04 8.644638225337344384e-01 1.584856322420022268e-06 2.718946228905258163e-10 2.424723296732927665e-04 1.084211373698166188e-07 8.499018780332447099e-05 7.022723394991960121e-13 1.204184089051433417e-09 7.074451034394985255e-07 2.183686396233464283e-04 2.636964904043182217e-03 2.865126238221756183e-06 1.474945626057369216e-04 1.432626988526411989e-07 3.650097390198025354e-07 2.205481300781342074e-04 1.916909246355418331e-02 4.645139350134234837e-06 1.011240703668377650e-01 7.499558550714195248e-05 4.843876631604716272e-08 2.073872185742886818e-07 2.403132921162303760e-04 2.092722416538320804e-11 1.733125720470616400e-04 7.230290783728592768e-03 6.809703909607537653e-06 5.301919211854303482e-01 2.031758257029407568e-03 3.717058955474855132e-05 7.068412531675857258e-01 9.871819828675933571e-06 1.099708511132004225e-07 5.795189529415713010e-08 2.168344454486507619e-04 2.291549055659903699e-03 1.715441858533428977e-04 1.749871477748541540e-07 2.136353401310065543e-04 2.547732792114509111e-04 2.605247646705614504e-04 2.245655785552685014e-04 2.117910266649052154e-08 1.912193995813133091e-03 2.924009973726801647e-08 2.070832144401747038e-02 1.560922961292977868e-07 3.751357478644049448e-05 1.308511037421188521e-07
1.060963832525447838e-05 4.440045253821454809e-12 1.658621278797136991e-08 1.870994434910608220e-09 1.712999496716055795e-12 9.565607919966490763e-09 4.211149936660144226e-11 1.474432464167696952e-07 1.000000000000000000e+00 2.839928498773507740e-10 6.894370551498709906e-04 1.889572262280391282e-02 1.754098125176003472e-08 1.205542762942859272e-05 1.188809701802177222e-10 8.779927834988960464e-13 1.698448013560917933e-07 6.173846214962517478e-10 9.431628133018499439e-18 6.585256126042633718e-02 8.741772057693457043e-06 3.106752211079595539e-05 1.948816597519508011e-06 2.836468856093966837e-05 9.239674857025085232e-08 2.561634596245616910e-05 4.714563543814074187e-06 1.119440340981348192e-07 6.854738663623505985e-06 4.064906403884040698e-10 4.995784172927861928e-11 1.462014026206116991e-06 2.422271508603484150e-07 6.169976365547477978e-06 1.658586125442983511e-09 6.418630638255609359e-06 1.775341912508990848e-07 6.700126759688716347e-06 1.214959736587884769e-06 8.476134675340887181e-08 7.121729172143758730e-06 3.983690238952574605e-08 2.750967929441472329e-06 5.409290832572266570e-08 1.399778699027239513e-13 4.329794409058504393e-11 1.211812050105310092e-07 3.860534858975540505e-07 3.039619702688830679e-06 4.538492444920049916e-08 4.878853733022515384e-07 5.972340389414921052e-06 3.637630177261758129e-05 5.441099138379698818e-09 9.439234908532388347e-06 9.411583619889114924e-04 5.442002164410475939e-06 1.009621133796394000e-08 2.034202072509528773e-05 1.007662155804394874e-03 7.718790791384642826e-04 4.289348771825398746e-08 4.652065186317485001e-05 7.901429184495256192e-06 1.808357011359870096e-05 2.565758722365589839e-07 1.008882517764251620e-02 9.847821712598790443e-13 1.674672366249163716e-05 2.416550467804237620e-11 2.013149319469048163e-07 7.539327619469205900e-08 2.129219731449229834e-06 3.199303020211998329e-06 1.110863413492682822e-04 2.316803217659008696e-07 2.468426117412786675e-09 1.237919606830128403e-07 7.703350624644671902e-08 7.895424332522844215e-06 1.018971644155018672e-05 1.389742657607554511e-08 2.024268495620673980e-07 3.799540440077521252e-06 3.978236528149591767e-06 5.067699890784001411e-04 1.184818944140239024e-05 3.711739699076050688e-05 1.711811255752538458e-11 1.251694489020370281e-08 4.620921419994178949e-07 7.058770007107267633e-06 5.041791426875618337e-16 7.943403093820307511e-06 1.795015320348232177e-11 4.901690031190310639e-05 4.957521148702214191e-17 1.000932617765433175e-07 3.106208710937315488e-07 1.799408162935980983e-06 1.064002334029026742e-08 3.660320694987872317e-06 2.517427298377361598e-06 5.486556410742811145e-09 1.005005013683746498e-10 3.771901380164079875e-10 2.649708508979434747e-07 2.147902447453384114e-04 2.821774440442211440e-05 7.974926078103047286e-12 1.316215848112270088e-14 3.004590631040554772e-07 4.913653403249638946e-06 7.007319999725500663e-14 3.048399597862218104e-08 8.780072256635272867e-09 4.350072143194214285e-11 2.584311048500614075e-07 4.203320848357064522e-11 5.892270136917213694e-04 9.867200791085133174e-08 9.954821594518513087e-14 2.119504829728314948e-13 1.491753109091156343e-12 9.131733906350645514e-06 1.107180743622432641e-05 1.443607627985454081e-05 3.159397124650550719e-03 1.396984946657000165e-05 7.307912841476783245e-06 7.981897983898921935e-06 9.326106270184775617e-06 1.957418045596000074e-14 3.184345895808571721e-10 1.405149398498769208e-09 1.230856957955796354e-05 2.058721638827758065e-08 8.203443610774116817e-05 2.041493716531815507e-09
8.387433075850044323e-06 1.066948981594424325e-13 2.063334885074367613e-07 2.188928898441759510e-13 7.124295716342370552e-06 8.951766140124708649e-07 1.481316885376550237e-13 8.728003393169219437e-06 2.839928498773507740e-10 1.000000000000000000e+00 1.191658387594717148e-07 4.498942086525380544e-08 9.553349042105435588e-07 1.450862930835523196e-06 2.614439848896228232e-05 4.658257003106142894e-09 1.748798584841359509e-07 2.486138070474544567e-09 3.988312155179569178e-19 2.867544965321307440e-13 1.702573801211435890e-06 6.584864234062414586e-07 2.091940626843798053e-10 4.024205600728040247e-05 2.251594156377471811e-07 2.732916748441306600e-07 5.010109408227682049e-05 7.281218937325057740e-03 4.469394418775271270e-09 7.087065169431995756e-10 4.416377308933642714e-10 4.920469005563613028e-07 4.508464411341184533e-07 7.233509146350561319e-07 1.589779333230447631e-11 6.336628921339265297e-07 1.150917342927821838e-09 7.991134367194811511e-07 9.059260582592273573e-06 3.179618721140218355e-12 1.593878300060843386e-06 7.193642885160632740e-14 3.487646774315018564e-07 5.301647343832502613e-06 7.836092029336486711e-10 1.789492224470619951e-05 2.027811449022757459e-06 2.436330754718512467e-06 2.026750524083168628e-05 9.930734766009110545e-12 7.546871713185137150e-07 8.212621801124478623e-07 3.038036394545751011e-06 5.173660812521399718e-12 1.007447630794606125e-06 3.291617685082257093e-08 1.037079465994786765e-06 1.026505244528194106e-08 3.193375484256039792e-10 1.330542438931211721e-06 1.575926132520608209e-06 5.869558115268296987e-08 1.348730922324136206e-07 8.767410295162754768e-08 8.657728062435185484e-07 1.029389842410234194e-05 6.196601813857568560e-07 5.812487144155611192e-10 9.080055397760660114e-11 4.693233246140442183e-02 4.233835044060902285e-07 1.874136539011414008e-05 1.266555411999315961e-11 5.821162557881727945e-08 1.739246967048728769e-06 1.053944171031906646e-04 6.839164144227072535e-08 2.764702947463774861e-05 9.260975741874706477e-09 2.747450911428876112e-09 9.761070472585747059e-07 2.540878109026164313e-07 8.467924192990463093e-06 2.369017444494945610e-07 4.446484556856741320e-07 6.187351999550469016e-07 1.703075821349686656e-06 3.544111541128953482e-06 2.674967613946771091e-08 1.344553702256612709e-08 1.778687920978816350e-05 8.987862662460239332e-09 1.277049482271114778e-15 1.099734206613799274e-06 7.982442400624245362e-07 2.489481577721038098e-06 6.499135440205940129e-13 2.024130532170457617e-15 7.529424898254609772e-12 6.375937623034477222e-07 1.409515339763561902e-05 9.338927716743230599e-10 5.491098396138906138e-06 1.907659687560676294e-09 5.814956228817615217e-14 1.102047692841914529e-06 3.303649559795667018e-10 1.056207856443914758e-07 1.694709275040463196e-04 2.693403296621919688e-11 7.625332129386425493e-12 3.446064074733512426e-12 9.642589946890167641e-07 2.358665310452157566e-11 6.842673232153086323e-03 2.931254224110149504e-07 8.282835522561424901e-11 2.658276410195873198e-06 3.069714582005810118e-08 3.844240813256302114e-06 1.279191481869697518e-06 1.772130952841630727e-05 5.929851514586950802e-11 6.646711949689660629e-13 9.898526447593849378e-07 1.419336397043581442e-06 2.081071631257248115e-06 7.591990267011917700e-09 1.089989793131173082e-06 5.900573912821578878e-07 7.417977202431982201e-07 9.604229850085194527e-07 4.008820175964952529e-11 3.928376105235540045e-11 4.126191339366247270e-10 4.347008396334937385e-07 1.877465147648362782e-12 2.189797760239870475e-07 3.850391672085778434e-11
1.396500337172466334e-02 8.385001016046685976e-07 5.774749530113794686e-04 9.151105867641572123e-06 5.540895227166979961e-07 2.067445201814510460e-05 3.072732888964900236e-07 1.414965926900433573e-05 6.894370551498709906e-04 1.191658387594717148e-07 1.000000000000000000e+00 4.016387966819603278e-02 1.543459177168227689e-05 4.854124171695467505e-02 1.502895048537987604e-07 2.142756217358503776e-07 9.427039921147956482e-05 1.443306190228861208e-05 1.347653251142808432e-10 7.900037040030857046e-04 3.693160663358179691e-02 4.587725384390545919e-02 1.488183973699403135e-03 1.349273581745153751e-02 4.811968277468203596e-03 3.498846824276062237e-03 9.027237415400946518e-04 1.355255143658049547e-05 2.714186559279027546e-04 1.695257809339360757e-04 9.540465038839256661e-05 2.908713090174693558e-05 1.449310664563682391e-02 4.033875384360741112e-02 4.230627316021492485e-08 3.536161900114791895e-02 8.434580032988103901e-04 3.099592035592334607e-02 3.409931942965399907e-05 1.517855109801976333e-08 5.413147879772797766e-02 2.255497054622857155e-06 2.185897849748752453e-02 7.197394198790317728e-04 2.171925306371457471e-08 1.632414340932626644e-06 4.419118017063674892e-05 1.333804194442680285e-04 7.641729831635723710e-03 5.137837081706675169e-05 6.757733659595357696e-05 3.159373316848466257e-02 4.852945885062989739e-02 3.530770918216405455e-08 3.501664652481649431e-02 1.248003439349947875e-02 3.160323284245936809e-02 7.114843383959103432e-06 3.930537632078221692e-04 7.951531686381362041e-02 5.585950706533963223e-02 7.822957315220060596e-06 1.257378712626022993e-04 3.681819536857884340e-03 1.716942946716776622e-02 4.244517304808052176e-05 6.389955257681886359e-03 2.421331630718160458e-06 1.637620933623966661e-04 1.300032470558829107e-10 5.764140745788057241e-03 4.406254349604535499e-05 7.876809490754294052e-05 1.112308043662200378e-03 1.537977552271224957e-01 2.229809296229718458e-05 5.074951857765289858e-04 1.940913880186975445e-05 9.043782232166024068e-08 1.749101570134725980e-06 4.531633563613491483e-02 6.805747190248100387e-06 2.792634392758281412e-05 1.856470513389712335e-02 2.702729335478460618e-03 6.302259130953588029e-01 3.258946159726638925e-02 4.659374123837720902e-05 2.092980558654086406e-05 9.608716980116944949e-06 1.874144619244283528e-05 6.340558825776699506e-06 6.223445598281938727e-09 3.909031426292829126e-02 2.575937978016637334e-04 1.050962280769071472e-01 2.077314584806705870e-10 2.243403028665914867e-07 1.454126988019488959e-05 2.016382441885872928e-02 2.284255486089131561e-05 1.917955890002340106e-03 2.258251546262088003e-02 2.322587470594784855e-04 9.034344875922456037e-07 1.902588479880122069e-05 9.004816742028704375e-07 1.829250723985578198e-01 1.396685775528912947e-03 4.185481283726631942e-07 1.192264456156694906e-10 1.226008137933191626e-06 2.239168456615984668e-02 7.883285723865960258e-10 6.884398218262592276e-07 1.561983419974337476e-05 6.141268309414572117e-07 1.020667194077318673e-04 5.665351352088396072e-06 1.662027493038601700e-01 2.534307047290952207e-05 1.366929545875025125e-07 1.787664742345165824e-07 3.042515854128691838e-07 3.668097892058111431e-02 2.726354321751207985e-04 7.106208292165445972e-02 7.674501055600254674e-03 4.149910391817187433e-02 3.479230154162006594e-02 4.292428361566311135e-02 3.330045346812291612e-02 5.663983959493321776e-07 1.059065575852990456e-06 9.472362665557272000e-06 1.237667531494800991e-04 2.671287117023841341e-05 4.401272757401451362e-04 1.656019597187849142e-04
