1.000000000000000000e+00 3.456611672108222922e-05 3.855253596703686614e-02 9.685858377500751459e-05 7.322026939314206853e-03 1.354106743523804553e-10 2.666787291921111089e-05 7.809874380340442242e-12 2.221411221141699261e-06 1.260452418023747270e-05 3.683919229862343825e-02 4.327516922421114292e-05 8.261394013624766678e-09 3.442812282386504275e-01 1.806640468842642968e-04 1.129046103714570828e-02 1.349862805404145191e-04 1.478736068569034665e-07 3.633818048082078422e-06 5.038201662416867044e-06 3.703247899112120933e-01 4.354463143013722060e-01 1.749705489764122884e-06 5.794242795084576938e-06 1.697873512283346598e-01 5.655537153884032664e-01 4.627845561696731950e-08 4.516342205951437863e-10 3.209684043451986714e-07 1.690181276549850746e-03 2.115736829171929040e-03 3.128323687814608742e-08 1.519723498812722848e-03 3.461012775887494786e-01 1.006365934821783356e-04 3.423651057533528830e-01 2.169820940717009266e-04 3.512684049512085904e-01 2.424981702601862557e-10 1.446144621718104353e-12 4.251827575517832525e-01 9.093671107539067877e-05 3.419235486254068590e-01 2.572100475313687256e-07 3.249002960273641481e-09 5.641234585708880894e-06 6.725209799273013447e-03 8.086078628655843660e-10 8.199968366650386975e-02 8.544635933735967529e-04 8.066465113089935343e-11 3.422579213573851975e-01 2.807714413725899694e-01 5.342291003173054285e-07 3.519783149936688837e-01 3.015727640042324426e-04 3.448698431564437561e-01 3.461073007493945707e-05 3.304152943881389171e-06 1.136852738553850543e-02 2.596340835438532089e-03 2.207147172770955874e-10 1.198364962543912194e-07 5.199117047610106734e-01 4.971991281342308389e-02 1.989555438486772369e-06 1.077711448147625802e-04 3.685601762686867375e-03 2.364166716790254657e-09 3.074128632067618921e-04 2.316765981305544397e-01 5.136888352264462268e-09 1.833304532484240597e-07 4.128091446665433338e-03 2.058096123244227693e-01 1.042064075597466662e-10 2.815698174362652254e-02 9.216656951005231608e-11 5.402520545990995975e-07 8.596499091079171291e-06 3.359099782584967775e-01 1.923256449250247981e-10 1.738285455006245597e-11 3.690773698904848965e-01 2.177648163985224095e-01 6.189795583382411842e-02 3.234473792432844275e-01 1.571778618154863814e-09 5.952376355704863025e-04 2.526574524899695948e-06 6.912407974349295210e-11 1.072929115934906884e-03 1.701585029438457361e-05 3.502357294714857350e-01 3.840397262007948058e-03 2.223133067029802179e-01 1.333541597128380587e-04 1.038334254782067425e-11 7.579022366015227389e-08 3.458104764192028169e-01 1.100784286206137826e-05 7.241480866810750167e-06 8.497681595014064948e-01 5.619620235453014076e-05 2.745318853700339176e-05 2.461387103184779399e-05 5.638168778289001186e-08 1.718374591720977932e-04 7.640435796980389954e-08 1.385054913711092875e-05 1.376149157948137425e-05 2.605124458361188337e-12 3.761192880445902720e-01 1.331555881135487869e-12 3.110929581019921482e-05 4.057793368790149612e-06 7.554406367364309329e-05 3.261783526491058264e-10 1.942621519606890072e-07 7.930910883263549149e-02 1.546949523404637403e-10 8.806567159871981926e-04 1.225427992966653961e-06 1.027652870826569830e-05 3.589339640135066345e-01 1.193154768300899718e-07 3.418362521053732173e-01 6.099696514801558199e-05 3.589568987330465921e-01 3.400606910412437567e-01 3.370511281861522379e-01 4.239850547532462710e-01 3.720818123440275241e-06 5.035674677856322819e-08 1.751653075044040957e-05 4.761754134425139965e-07 4.727661123449488668e-03 1.629612840724883882e-01 1.123070348459468345e-05
3.456611672108222922e-05 1.000000000000000000e+00 4.072427081671281920e-07 4.796742906315647864e-09 2.405099361747061640e-06 2.128790531650232595e-12 9.168372834874192936e-04 7.486682198115337304e-14 7.324461947948293993e-11 1.596324876799171611e-07 8.313460304410938777e-07 1.834134047697962768e-09 1.553898450053601203e-09 2.938791469167433428e-06 1.977598013989774195e-01 1.406262136824423024e-08 1.221194884267423681e-06 1.837381515221630349e-06 6.741156354766323659e-11 2.352547571804068652e-10 2.809997200247627783e-04 1.351427358924910662e-05 7.656492349761113517e-11 3.805111918916196794e-08 1.622957501452402265e-06 9.272109646743580081e-05 6.644921484994886154e-11 4.310314894703361437e-12 2.874102818197443041e-11 2.459737458248278240e-07 4.941616292361339713e-08 9.472033765438508125e-11 2.772201382471792301e-08 3.252164919811826316e-06 6.366070979522742146e-01 2.960045107912440697e-06 4.014194181001491946e-01 2.979335986642228738e-06 1.613386069033440633e-12 2.947197043027796161e-10 6.226795243266029204e-05 5.805373240919251338e-09 3.401561698616905470e-06 3.960449638632100269e-10 6.513539317131931954e-15 7.798857914764081301e-01 5.253872487215714347e-06 3.719072485683336131e-12 3.413428452769731031e-02 2.211662746336693427e-08 5.154108590902603542e-13 2.775252753521540586e-06 2.884812316315233998e-06 1.003929530127566389e-09 2.985210724327391959e-06 1.236364264400008031e-08 2.684461765905352425e-06 3.348248097687005753e-08 2.038249241758932978e-09 2.268926058744154466e-07 1.522176281539537910e-07 1.365829463918753186e-11 2.993402499733127229e-10 6.367870946561926472e-05 6.949326199939546905e-07 8.502828018805526753e-10 2.347344942721105136e-08 1.455830396116419476e-04 1.533267268278348953e-12 4.408485089518744183e-07 2.206498914604030255e-06 1.709305036336650921e-11 2.741068817283445751e-10 3.198976233866704377e-01 2.115336534860199719e-06 9.870187221701065166e-13 3.076266047915307149e-07 6.719367031420852153e-13 3.622873248329519551e-06 1.965859333171185668e-09 2.628536318240018791e-06 6.174858046889368212e-12 1.455681660063486205e-13 5.428070189161143707e-06 2.085830101820222905e-06 8.712989108169907963e-07 2.870103834073771053e-06 6.541647491288682392e-11 1.031848174003493599e-08 1.702457949258864825e-05 4.645321753044553599e-13 1.134899954056603835e-02 5.037269014103925514e-07 3.109922333737802209e-06 1.527528714587596352e-07 2.342394645970242533e-06 2.383386551485112331e-08 1.045583543821685245e-15 1.031840661610860159e-11 3.209378522945155303e-06 7.031549738365993478e-09 2.752644440495652876e-09 4.383505262440230413e-06 3.205040124866846973e-01 7.810879888231216886e-05 2.584277721099322404e-08 1.146645172098595193e-10 1.336518198180329477e-08 1.797601951717263376e-10 8.179561749669847685e-07 6.873212160800608463e-09 3.738944298287484426e-16 4.533077607648771795e-06 1.891604845916109773e-20 1.680064727820909870e-04 2.762025019482157608e-09 2.538371919593729979e-08 3.144927467668595405e-12 4.429009966036950452e-10 1.066994279848722789e-06 1.281098185920995239e-12 1.779375378915620016e-07 1.938320506218859572e-11 1.429515724013222295e-08 3.884264185487229672e-06 1.360683052093394563e-10 3.081774080634050613e-06 4.454617789133620898e-09 4.527831259487054189e-06 2.818407557593773248e-06 2.712881089817280713e-06 5.396613700216761772e-05 2.827381077254506033e-10 1.698668983125260628e-08 4.694166781735815624e-09 3.729617582983958586e-10 1.924143901209685374e-07 2.670822613590393491e-06 7.765124326527534926e-01
3.855253596703686614e-02 4.072427081671281920e-07 1.000000000000000000e+00 2.285022396908550023e-04 1.820877256747506154e-02 2.179718895793013140e-11 1.390657058991876807e-06 1.358726756868032107e-12 5.179509071012235710e-07 1.576658183715695312e-06 1.045015022270654251e-02 9.066114470013530166e-06 1.082937417164382746e-09 1.150059935747260315e-01 9.136639645372733921e-06 5.063351470975002873e-05 4.221513328459730233e-05 1.537927315000892543e-08 3.636204433448844883e-10 1.100921607104890889e-06 6.142641735609368631e-02 1.071436767367991982e-01 6.943605311799093206e-07 6.484611113622313945e-07 6.752174863375852709e-01 3.483988261147444310e-02 7.286269066859715614e-09 7.109259728379529297e-11 7.607352594355676635e-08 1.881465154590089214e-02 1.051968939390615643e-01 3.636775773544583390e-09 4.322356091853526050e-04 1.113560814307881924e-01 4.048768386784630421e-07 1.116272203610645941e-01 5.329738317691100066e-06 1.113856429595872360e-01 4.284008833793729473e-11 6.501714329300454897e-14 9.056720300232375120e-02 1.419402367474415969e-04 1.525701113309266554e-01 3.552360630999161345e-08 3.402853135107434230e-14 1.522053131533370270e-07 3.228410832052914375e-02 2.032538296781812436e-10 4.130119110205087915e-03 1.001792055673993240e-03 1.585590809804992226e-11 1.101088674051119987e-01 1.069144429486867803e-01 1.285336977879529723e-07 1.090311964852668652e-01 7.990898144976749324e-05 1.101651128237184918e-01 5.829797808084013129e-06 1.039405856788433107e-06 3.319425341201952522e-03 1.755417982196377997e-04 3.072214134769755101e-11 1.289359016746009071e-08 6.229510697774500588e-02 2.078043463264987040e-02 2.319918465584818309e-07 1.646772454603536172e-05 2.111959372985824576e-02 5.129442361916006506e-10 1.217319539332904296e-05 4.877188066450740545e-01 7.532778085512615784e-10 4.398090592064654390e-08 1.033446344413825732e-04 7.309253566045280370e-02 1.565472894778310111e-11 9.886545071664827322e-01 1.723683915591688371e-11 3.845410138544838821e-08 1.085589280704556398e-06 1.127972825406355628e-01 3.037638647234132353e-11 2.900224702689532346e-12 1.176224987235613140e-01 1.435092924842993611e-01 1.910395939684354435e-02 1.169753306345597682e-01 1.151356987796277964e-10 3.290014687629408963e-01 1.802948543347214942e-07 1.230208042324677965e-11 9.321328674608938395e-06 4.653771868328302812e-07 1.096818673070497491e-01 4.430917131882700644e-01 8.192905934839957161e-02 2.713521539630565034e-05 3.928317796436387488e-12 3.024385170229978386e-08 1.679884098169875939e-01 2.468208904317557186e-05 1.118474823094418559e-06 6.638680779641954743e-02 9.296156206747375277e-08 2.327719492378351140e-06 6.463969061864948025e-04 1.429757767040437544e-08 1.542693183355416052e-05 1.207947294239946704e-08 3.128893877131947976e-07 2.575011284950168809e-03 8.926076049820642980e-13 1.676719013689160487e-01 4.022396803555445530e-18 2.747969583537952403e-06 4.646235809499411754e-05 4.498487673330257668e-03 4.336677005175188719e-11 6.693559326211345607e-09 2.770060540589596582e-02 2.230568869749067097e-11 9.716393661145497976e-03 1.445189785643544340e-02 5.335793145382373807e-03 1.146621981143166880e-01 1.985526677132677714e-08 1.225061114190806183e-01 1.652160710302621012e-05 1.072390195572850147e-01 1.070113084038977619e-01 1.088808456586005946e-01 8.932545017526002940e-02 1.492987171676312536e-02 6.170724720040089207e-09 1.017248883071941636e-05 1.108610791410984022e-07 7.105357049399103897e-02 4.148836631628535776e-02 2.089440803278525664e-07
9.685858377500751459e-05 4.796742906315647864e-09 2.285022396908550023e-04 1.000000000000000000e+00 9.983622335309834308e-06 2.471300276335784628e-08 1.318189469004775398e-05 1.405813127034652933e-08 5.869796514048479043e-06 2.616403452535776756e-04 4.208824236003958353e-04 1.237602612538629384e-03 9.392466552669990113e-08 9.285084213444786295e-05 1.822112111389447574e-08 7.136050100233561709e-06 4.004477886882865656e-01 2.455979465160218377e-08 2.318904309217751419e-10 2.428673989234422423e-06 6.156763305824115211e-05 1.033472594276005889e-04 1.017353731292836435e-09 3.703653083232394394e-03 2.707052598830065443e-04 3.926634165767699507e-04 5.201390576808329714e-05 2.377273986912200286e-07 2.030623608271262383e-10 4.341866708330641839e-02 2.427380068242626296e-02 4.444695411486915578e-06 8.192090423342719248e-07 9.119486146326551731e-05 1.128720199365476026e-09 8.776129487518584881e-05 1.064188284767493110e-08 8.877642273578445259e-05 2.301415635807450852e-07 3.260057573734450870e-16 8.224559582960942912e-05 2.443979895678751943e-02 1.178242221052806348e-04 2.606095676331116550e-04 1.201997326183526139e-16 1.257368941717845481e-09 8.492238330546782177e-02 2.723868307073040708e-06 6.463907032732622675e-06 8.247808284532112122e-01 8.816048766996826314e-08 8.821920101005955304e-05 9.228476687100026774e-05 3.323173900967431041e-06 9.435447534537025501e-05 9.609084538625246329e-06 8.796488939461864895e-05 7.537271779871647370e-02 1.542718130716528628e-09 1.175178671309265449e-04 2.088845773229196234e-02 1.032226233244920086e-08 1.527408579321546380e-11 4.223941909509733848e-04 1.988044151431180118e-05 7.364829864291097712e-03 3.141775046701649615e-02 2.901726016237675745e-02 8.212064759000436581e-10 3.744790384030157566e-05 2.481009347790535469e-04 4.717035554764630952e-06 5.755781999876221536e-07 9.674244445177918240e-06 6.729623477241358743e-05 1.029851416118736127e-07 1.897717554616988502e-04 1.792028387090647413e-07 2.413554034006512815e-07 5.543265578032409435e-02 9.274386395220130029e-05 1.219822919056096399e-08 2.529731175952038307e-08 1.108860438581059035e-04 1.635202191480291181e-02 8.038362482561504116e-05 9.397481010200893091e-05 1.630531161711681159e-13 2.922162669789989421e-05 5.869060726623550795e-08 1.128583556867891180e-07 1.655716480295422217e-07 5.037655334691738385e-07 8.935461661922133923e-05 3.304190013618801000e-04 7.390496343849397123e-05 4.693490731349235476e-06 1.143858562338670959e-14 1.968356949236356086e-10 1.341698037728000087e-04 3.355556554330780487e-03 1.436181708020054654e-02 7.480151407938022488e-05 3.850258266905026858e-10 2.627104739404445260e-06 4.217349928829146853e-03 6.792211598444671854e-06 3.881163458469847062e-07 7.095969310685395690e-05 2.783973031413228462e-06 6.179809011784377702e-05 2.056930962616087964e-14 1.468061539361417234e-04 2.696468782455535667e-20 6.642458642244159829e-06 7.080767447368000898e-04 4.563950729858318525e-03 1.421575237073706460e-07 4.300154862125501255e-07 3.527928028425177332e-05 9.253730991824671219e-08 4.698183578192920498e-03 5.322437032481435885e-07 1.760169195521336136e-06 9.275533331613710372e-05 1.142628829649475772e-03 1.010852481404747057e-04 2.245445813481150910e-06 9.404469154803480246e-05 9.090446413206228747e-05 8.846944743932790782e-05 8.419664389975888865e-05 1.032483888065533777e-05 8.270059437207058437e-09 6.764827505767272431e-01 4.626884022917294309e-03 2.774357780067076423e-02 1.861254623032507910e-02 5.542583361529115512e-10
7.322026939314206853e-03 2.405099361747061640e-06 1.820877256747506154e-02 9.983622335309834308e-06 1.000000000000000000e+00 4.156918897235185691e-06 6.356309430582546272e-04 2.151469838477666684e-07 8.273209062402052543e-06 2.106129623251515922e-03 2.202510116270752546e-03 4.075538329961444021e-06 9.002378741108230239e-05 1.873522325240839156e-02 9.513220411638651734e-04 1.452824047720203373e-05 1.029333361983242953e-05 7.299432260906352958e-04 3.227137656972357247e-09 1.562493252909950419e-05 1.346314324244916871e-02 2.284138117076426472e-02 4.686867111416294977e-07 1.339412038037378263e-04 3.110789403784953652e-02 2.869427062352854566e-02 1.644807451907377542e-05 3.612132013079763487e-06 2.060418611785542657e-08 3.631374360229393337e-03 1.112200165354529369e-03 1.896267813167471099e-05 9.498641613458124952e-05 1.910026457075608697e-02 2.709028554178393028e-06 1.816504577310588606e-02 6.734967442999035711e-06 1.778357134011702631e-02 1.839260889639332437e-06 4.040848046107085713e-14 1.847619083585088848e-02 4.951614028526683364e-05 2.349399090425975320e-02 8.602916256354872174e-05 7.547025767902290131e-15 2.360061160951534576e-06 8.206414676338529002e-03 4.406404215785714969e-06 1.192690411452392713e-03 5.391452444956109611e-05 1.252077377473741544e-06 1.776312441358181976e-02 1.711996970025190731e-02 2.388374386807539849e-04 1.857496699456439790e-02 2.599438130666898773e-05 1.767586105116876125e-02 9.853686736216403226e-05 2.787307554157475347e-07 7.095338860535354859e-04 4.536992750023130841e-04 8.439886062226516854e-06 6.804289101766127509e-07 7.056899508203763605e-02 3.518754220171694484e-03 3.624772988978337899e-05 3.977135282809376635e-04 7.028068285661453855e-03 6.391296506062375034e-10 2.266684590330318716e-02 3.255036424451800137e-02 1.422092493306536574e-05 1.048538732449533380e-04 1.485533512985656214e-04 1.263906877572999396e-02 1.097228191535765427e-06 1.580565464650521626e-02 9.991905645239199180e-07 1.260471485458480910e-03 2.545538096649934883e-06 1.811293493779784353e-02 7.756020960432630289e-06 3.436969643955949711e-07 2.592339337084555162e-02 1.148795168678801507e-02 3.505153548193952907e-03 1.870767393195015005e-02 2.729705409101065958e-08 1.354044086734230686e-03 3.967653489913473309e-03 7.330717916104741921e-07 1.514294198701892627e-03 4.163686148682134089e-03 1.837019100751114895e-02 4.139157816226881302e-03 1.389806001264473449e-02 1.316050057526225569e-03 9.602779455597024000e-13 2.953556068523434878e-07 2.331231031526931688e-02 2.769854352474209087e-03 5.835995927152965015e-05 1.104538438520410136e-02 1.496550799259435369e-07 9.893316512964286588e-03 9.365454156546791642e-03 5.888185171411825371e-05 6.402311983848768141e-06 5.279029319731825892e-05 1.606448268568284269e-03 5.389022516409526509e-03 8.357542423350081777e-13 2.520783759551782979e-02 7.374967556372893653e-19 8.358628760540245256e-03 3.041396124067763038e-03 1.467927922442484844e-02 4.463468612383559156e-06 1.308035204907656958e-04 5.489679769629176274e-03 1.824348838966134218e-06 6.336411150430469597e-02 1.346941954526745342e-05 6.137555617453623654e-05 1.915076236017991540e-02 1.200322894460581372e-05 1.879708416725294970e-02 3.847335561894660052e-06 1.895084037653694750e-02 1.740943236555710441e-02 1.789842547311496987e-02 2.437649263515126105e-02 2.500324741312781102e-05 6.771937779179301384e-04 8.818175802796610570e-07 2.792928562691126572e-05 2.743210497890692049e-03 1.065025291660334598e-02 1.089714710716462733e-06
1.354106743523804553e-10 2.128790531650232595e-12 2.179718895793013140e-11 2.471300276335784628e-08 4.156918897235185691e-06 1.000000000000000000e+00 1.742819903536239044e-04 3.060049311104686143e-01 1.872748410706441771e-11 6.289092657650371954e-02 3.570199043536159069e-10 9.863768551401800341e-10 5.789468252775182844e-01 1.558059441210982472e-10 8.963664420183718762e-09 1.752422774741445379e-11 9.953428579441189689e-08 3.024158535734782632e-02 1.659764011812855130e-12 1.385104951619741874e-11 9.889765240866779717e-11 1.582745976403789552e-10 1.258099873817092043e-14 6.421679434584930991e-03 8.331108067463966475e-11 4.385695598793943480e-09 4.891698364428256202e-02 3.757416797091603367e-01 1.953875354906874879e-16 1.205174943780608063e-07 3.105039507757314578e-10 4.566564652215646808e-02 8.869373739951363617e-13 1.582329911984903184e-10 7.038398188597511297e-13 1.453713932626363657e-10 4.664252982362689793e-14 1.405683164580898019e-10 2.517185615700254786e-01 4.397766675197868618e-21 1.383854883641743874e-10 8.211161387463662610e-08 1.759978834425524447e-10 1.308398768583680927e-01 2.347805789261059928e-22 5.074131797126627934e-12 4.061053639297961551e-07 5.493231263772591078e-01 9.236480002785573363e-12 3.158234532260610869e-08 4.076895750073884495e-01 1.469740586341230044e-10 1.279391534780826272e-10 7.456238502409482521e-03 1.551424506486866161e-10 1.347454645819131489e-11 1.429916945431459422e-10 6.472986186501280149e-04 1.514755368539154668e-15 9.462849495822682741e-11 2.245260723639756631e-06 8.893600409447852684e-01 2.806145948952033285e-17 2.314545667834461484e-08 2.333579811473620777e-11 7.704705129109778484e-03 3.948654058521036008e-04 2.071867343147138762e-07 1.714730586625252467e-14 6.955548217469386882e-03 1.273902632384744280e-10 5.410002768985147092e-01 7.145756026163038168e-04 1.722014163264936683e-10 9.796172490268748470e-11 3.291190230078115952e-01 1.494610058691187846e-11 3.726642297810316418e-01 3.347846243287654067e-02 1.944422931656521508e-06 1.474195575925525276e-10 9.429279651729520761e-01 3.018209532413055340e-01 3.273503177608170571e-10 4.599119965675978909e-09 8.427489493768371387e-11 1.441946721317325490e-10 1.653239689870560312e-18 3.926167992016287571e-13 9.910463633730243194e-03 2.686819538199626267e-01 3.114646875085439102e-09 2.467942629384024811e-02 1.479640449629791190e-10 7.317092100748673050e-12 1.013459953975662015e-10 7.019930719281686162e-07 1.141584655515937793e-20 1.246780850213356810e-12 1.716038767435916809e-10 1.564079434967325863e-02 9.334465943556313284e-04 1.187449389658209841e-10 6.966557492935809562e-15 7.228437040053600944e-03 5.626756140689872848e-04 6.376424201404293224e-02 6.374536007407059408e-13 2.440025848826096189e-01 2.807261492493898919e-02 4.971935096927853267e-07 4.316083003262843213e-19 1.953011348044349121e-10 4.268871906880557193e-26 2.085832116454025813e-03 2.393264647078706571e-03 3.934528453551007938e-05 9.168220924911745229e-01 1.596534886030964440e-01 4.339118413604707065e-11 5.136487952643173927e-01 1.347305837847126073e-04 9.918648721454784338e-16 1.036225807554176525e-13 1.516748768996410414e-10 3.077971588816501985e-02 1.417859161969856993e-10 1.185184099641783285e-12 1.564421401890864563e-10 1.459231991037279483e-10 1.430475906762180097e-10 2.371465893161624585e-10 2.381350059113180163e-14 1.426053926670258765e-01 2.537920899657485909e-08 1.548733031842090130e-02 2.521850825891149578e-09 2.315857993486552307e-08 1.560070936769085885e-13
2.666787291921111089e-05 9.168372834874192936e-04 1.390657058991876807e-06 1.318189469004775398e-05 6.356309430582546272e-04 1.742819903536239044e-04 1.000000000000000000e+00 2.336005193004467260e-05 5.565673879081374518e-08 2.229836825694523489e-02 1.289436776754707001e-05 1.614546244492469186e-06 3.941925885563147755e-03 1.186292185742949774e-05 1.156434223802324003e-02 1.057597023022822027e-07 4.537416516474315092e-04 2.906266585350449072e-02 6.528647980277296261e-10 7.879265862853071323e-08 9.541835981994319603e-05 2.584494300831355871e-05 5.198598993214987653e-10 6.811486338484018001e-03 5.891940336354573145e-06 6.302291695850202342e-04 5.285514839824927971e-04 2.105403101823321037e-04 5.074053493841283874e-11 1.004586097533415203e-04 2.434113208023512543e-06 1.958583481225097383e-03 9.773631421755859600e-08 1.304641804409594084e-05 3.182064192494029578e-04 1.095782178414111121e-05 9.980133167296889043e-05 1.094575225692350044e-05 1.492035609425904877e-04 5.919847269936489096e-09 5.207572033335708210e-05 1.566651749786265911e-05 1.437974992280590884e-05 1.980738457635254461e-03 5.815478482903804695e-17 8.500393835087502806e-04 1.133934476973299035e-03 2.936206855919301487e-04 3.104541311794146541e-04 2.826573121398894982e-05 7.225934158450577141e-05 1.111682024301211921e-05 1.094147617214325079e-05 1.422256101300751682e-02 1.181415312748499350e-05 3.189203638959349581e-07 1.073953106282076526e-05 2.747544579642774085e-03 1.365292241280013399e-09 3.365758947670985066e-06 3.652532547808457885e-04 4.190115617231959019e-04 1.002338373664024417e-10 7.440265063830763751e-04 2.419238138357614476e-06 1.304748175084561972e-03 2.297790274157870526e-03 2.998656558850812566e-03 8.925195291661945603e-11 8.599973822046056565e-03 8.474414876285934486e-06 5.903871764100633666e-04 8.221784661647708078e-05 6.152244237818678234e-03 8.411841983971293544e-06 9.303729906877530268e-05 9.427280612544999750e-07 8.303438553459417681e-05 5.499456232350873747e-02 7.078475039667710665e-05 1.083476547666532884e-05 2.618022845629151135e-04 3.269165282542563764e-05 2.521795153572460265e-05 6.069363070859556269e-05 5.422823799206655312e-06 1.166738876533060214e-05 1.123845556560988691e-11 2.422980987224459630e-08 5.053015681273630155e-02 5.948208986560341363e-05 2.063936624676238410e-03 1.047868023669844967e-02 1.166198389172106180e-05 4.809553334173207433e-07 8.730653006439848224e-06 4.332909472802187913e-05 1.728664321084989607e-15 1.226741519298799195e-09 1.339428910567864068e-05 2.975316918826630217e-03 8.915107993000421496e-04 9.091898731354384068e-06 1.627855177175417098e-05 1.251348983925368863e-01 9.833137752362970142e-04 6.603960980587480004e-03 5.960425656096805472e-08 1.722475948313521247e-03 1.480052664324028704e-02 1.142121189620872075e-05 5.124273177334586675e-15 1.848356198506109310e-05 9.346252192587418611e-22 1.356840740732949413e-01 6.165534006386360266e-04 2.894900207413094351e-04 2.464782181118093285e-04 6.244277296672308148e-04 4.036806163557784383e-06 1.242228954980955486e-04 1.234614934407755145e-03 4.727957275022649666e-11 1.342981613570374841e-08 1.334697210458798051e-05 7.943095564754821094e-04 1.113462527670393084e-05 6.297747870990942599e-08 1.570699130502853383e-05 1.096132456333870289e-05 1.073949533674463203e-05 6.698676888171700120e-05 1.034441336790448823e-09 4.502313918853172343e-03 1.609713581734813670e-05 1.172316070473920823e-03 1.498409268573601305e-05 2.046839875182873767e-04 1.777046157783122025e-04
7.809874380340442242e-12 7.486682198115337304e-14 1.358726756868032107e-12 1.405813127034652933e-08 2.151469838477666684e-07 3.060049311104686143e-01 2.336005193004467260e-05 1.000000000000000000e+00 4.417607115288469208e-12 3.746621479838502938e-02 3.406684413701064778e-11 2.732179894797625421e-10 1.034322205762401026e-01 9.722267855633738434e-12 2.547213063158773133e-10 1.380708925834266038e-12 4.743862487021897673e-08 2.327460477516484199e-03 1.218846091597858878e-13 2.567995881402369868e-12 5.105202888669901722e-12 9.678629779803196084e-12 6.311922903705185887e-16 2.464847984386032368e-03 5.280691790818041168e-12 3.657821073118353139e-10 2.053402574244610479e-01 8.229374145074674907e-01 9.973732431971488857e-18 2.190494253915129862e-08 4.754558057435959961e-11 1.739354486835893165e-01 5.211792922692193906e-14 1.012774259257412712e-11 1.717264948724176558e-14 8.992904507009296627e-12 1.436223919717469052e-15 8.846565645059353852e-12 8.373706763351627114e-01 2.350938876202507783e-22 7.491582031734555005e-12 2.987606687872636267e-08 1.134078486548137708e-11 5.736791400749759878e-02 6.321182916395517150e-24 1.872052635481065072e-13 1.296730468360510400e-07 3.330320312209362199e-01 3.668642667002209000e-13 1.366773912536700714e-08 8.947254593962272740e-01 8.839606442605880270e-12 7.566166182588878535e-12 1.818007169834753639e-03 9.752993971975106219e-12 1.603857468104110626e-12 8.954328712255829388e-12 3.690289712706970398e-04 6.728100293739585811e-17 8.376729220380386059e-12 2.460748360609383125e-06 1.882249860157947652e-01 1.613497722283516602e-18 1.849167578549993238e-09 1.309486555676316659e-12 7.122179668020306789e-03 3.068798552839813610e-04 3.292305145889331697e-08 2.254481615765102001e-15 8.878143100925643726e-04 8.232922224149465766e-12 2.128792410339758745e-01 1.294221418272809530e-04 1.024024039186005146e-11 6.055401654121436661e-12 9.179299249032908392e-01 9.203033384973854782e-13 8.908319102330829464e-01 3.445717182769886516e-03 1.359431757407858859e-05 9.125239312352507807e-12 2.475241397595212278e-01 9.877264019557618902e-01 2.143730632756112966e-11 8.136996288391317281e-10 5.761279680113777644e-12 8.928722869489318305e-12 8.840520692748333956e-20 2.418305681977554968e-14 6.258116359858312619e-04 9.139125967806660533e-01 1.318190775230632082e-10 1.987356328094195494e-03 9.357245059410866048e-12 5.287439854961312436e-13 5.969998961170870615e-12 8.206086069210797864e-08 6.356080168287215495e-22 1.238823018809556138e-13 1.141518960991609065e-11 9.349979643185337905e-03 4.645702266585332836e-04 6.951814422988138999e-12 1.635190494367190387e-16 5.875334657183081026e-04 1.098818237083954243e-04 2.317997331754019161e-02 4.984802868802362910e-14 1.056753140722192924e-01 3.037169612314555983e-03 4.796559456011259050e-08 3.484401555588796572e-20 1.286029016721277795e-11 1.327106321888895054e-27 2.733080661624805977e-04 3.697320119628710617e-03 6.705227355942944185e-06 3.168107837704290386e-01 2.646903129594576146e-02 2.655617340608579099e-12 8.678191085122430870e-01 2.155959888149354140e-05 6.145620167405520969e-17 5.977832745293240748e-15 9.447968277681913006e-12 4.272329120476127395e-02 8.942706702532329922e-12 1.077151298893709926e-13 9.624598095028540837e-12 9.030260060034487584e-12 8.811362575618073959e-12 1.399728007063723412e-11 1.876925896474988712e-15 1.225170473848078562e-02 1.967270044896824588e-08 1.375844050385036620e-02 4.125270622975513869e-10 3.853735249631754191e-09 4.059111731013740978e-15
2.221411221141699261e-06 7.324461947948293993e-11 5.179509071012235710e-07 5.869796514048479043e-06 8.273209062402052543e-06 1.872748410706441771e-11 5.565673879081374518e-08 4.417607115288469208e-12 1.000000000000000000e+00 2.746341227770197865e-07 8.737483010607190355e-04 3.309236398571851426e-03 1.627445874919565090e-10 4.593531129903041193e-06 1.780447258384854564e-09 9.369754442991154513e-07 7.793178276415583752e-06 9.759390592544643812e-10 3.849527548582238538e-13 7.958874623974834250e-01 3.198186326122346590e-06 9.162096489198449855e-06 9.852023610821322703e-06 7.642686333885168891e-06 2.114738793848668844e-06 4.303041719344051952e-05 1.122134707911485238e-08 1.174045124095731005e-10 7.967565564827138450e-06 1.944776122190282146e-04 1.033505704560635731e-05 2.444179680329510656e-09 2.282968206162095174e-04 4.493264520605933357e-06 3.434605792993688650e-11 3.651890124558448709e-06 2.464226753289574126e-09 3.698015791909369279e-06 8.407355302942677204e-11 1.183914485736308150e-17 4.376717525632919007e-06 1.710165168953170934e-05 4.982118024662228429e-06 1.288514976227853649e-07 1.789899239977876942e-18 2.803136788602541397e-11 5.374930116958968402e-05 4.461626798305363704e-10 1.638113685637337205e-07 1.508390051363529352e-05 5.365408661162891591e-11 3.657151604579051730e-06 1.804710481190937728e-05 7.732156392059002835e-09 4.627189459245963459e-06 8.022189272428987238e-04 3.704115525281167211e-06 2.500107777608711063e-06 1.719103291910964662e-05 1.041739660540826756e-03 4.489833486566156438e-04 1.630497016026107799e-11 6.895876322522929969e-05 2.254622326144776513e-05 1.210332690197361664e-04 5.643452987852375901e-07 9.965929629792223525e-05 4.923441700087054889e-06 7.282497833328072189e-08 2.631346891260455497e-06 3.002751538237615226e-06 1.606004264473258118e-09 6.807814161781851728e-07 5.427714452737638773e-08 3.612409322959374486e-05 3.919137570497668541e-11 3.628502391152434548e-07 4.625434279132355532e-11 7.691360744666533831e-09 2.882584442245755427e-06 4.429840721578629530e-06 1.515711379715763010e-11 7.891676429810157559e-12 6.290864639322735155e-06 6.396879454770941346e-05 2.416682450521128020e-04 8.206144944740284417e-06 7.297479198285640835e-06 1.107353063720615847e-08 2.958433917740760240e-09 3.662049509685279437e-11 5.431476702817481645e-06 1.498364753475785025e-08 4.085213926020442490e-06 1.174707403315138202e-06 3.431249752451931043e-05 4.620428584198540446e-04 2.527973421447296972e-10 6.791255401217243403e-07 5.335855863219615848e-06 7.890753904047212114e-07 2.236411100471527485e-05 2.534330418564675828e-06 1.106270948085807323e-11 4.328087182276110977e-08 4.721184908521036009e-07 3.985277076619907511e-09 3.660529527592683015e-04 2.645046498926793500e-08 9.785844404167255634e-09 1.509139559306406771e-07 2.174462681564352926e-11 6.794917888524166469e-06 2.116590248610514683e-22 3.906195277714255336e-07 2.267453896638795075e-07 6.781819203355414928e-07 8.498425480079392602e-11 3.994972831201937685e-10 1.805359102096701731e-04 3.222147249050348175e-11 1.191393644299278935e-06 3.697558936897488307e-11 4.110250717011405308e-08 4.288399048592383748e-06 7.384203130290851141e-08 7.016819754723595441e-06 5.247186013176821434e-04 5.164146691947105122e-06 3.842084594988765957e-06 4.139240333621411100e-06 6.845056533900255086e-06 4.154739360978618470e-09 1.432575708676487545e-10 2.481785502449997932e-06 3.244809532723128014e-07 1.125656427970328635e-04 4.820368106097145831e-04 2.625078804082351431e-11
1.260452418023747270e-05 1.596324876799171611e-07 1.576658183715695312e-06 2.616403452535776756e-04 2.106129623251515922e-03 6.289092657650371954e-02 2.229836825694523489e-02 3.746621479838502938e-02 2.746341227770197865e-07 1.000000000000000000e+00 1.236597974151775222e-05 7.665058991417799525e-06 1.587684699314813042e-01 9.017929703564583405e-06 3.330114365241939895e-05 5.570224217295975880e-07 1.074804584051201016e-03 4.892724943432937013e-02 6.322882160310676727e-09 2.120449441063777553e-07 1.031121688270669112e-05 1.184727342867262443e-05 1.957390263982397025e-10 1.865257550409789855e-01 5.647814135307608146e-06 1.576672912669768527e-04 2.968867136337591250e-01 1.447116871301647734e-01 9.230601513833148103e-12 5.623057592136162684e-04 1.062422498153106737e-05 1.692604598633781487e-01 4.351766398591409859e-08 9.375990793677085582e-06 6.298810937478066578e-08 8.665878300601202771e-06 2.150599067495456204e-08 8.585590980372696516e-06 1.092788690556238257e-01 3.213931355153195995e-16 1.153417988786491384e-05 2.268086627593093483e-04 1.031782875337089639e-05 4.020749509225370888e-01 6.947179725575503823e-17 1.814047948770094657e-07 2.950104376693337381e-03 1.484943144408237548e-01 2.260826075598828423e-06 4.389375320636584063e-04 8.053292424430726071e-02 8.501935492190755493e-06 7.312206215480069737e-06 2.462522457908282100e-02 9.240237224682432837e-06 2.924877342919253322e-07 8.512971628036697337e-06 1.112225369226532007e-01 9.364694298420171033e-11 3.150980402126965837e-06 7.945724841562383511e-03 5.856612872407127024e-02 1.021486048995477745e-11 4.039524683102745767e-04 1.237586822652180078e-06 2.123028004747578856e-01 9.270493961877715461e-02 1.825156192684293088e-03 7.703321528767677563e-11 1.983691136067260996e-01 8.094089568266460042e-06 2.071049323280346743e-01 3.181812629625346226e-03 1.435256753172024702e-05 5.478020577816573962e-06 9.115544621356967692e-02 1.128849852663717752e-06 9.361855266077930005e-02 1.168136524460127862e-01 5.901321886629401145e-03 8.614451244791155899e-06 6.215076184749876442e-02 4.834989877324433888e-02 1.582532279181178886e-05 1.915176254823615322e-04 3.837495167859652934e-06 8.342510046943173282e-06 4.957821858788277657e-13 3.403403370422291391e-08 5.272420822799147450e-02 7.632428390167188270e-02 3.482922565365475983e-05 1.101038159941598732e-01 8.968011440895590317e-06 5.411333483537398556e-07 5.728884619917078878e-06 2.250266150708434562e-04 3.554212465987778270e-16 1.707554518264374107e-09 1.035249241656115679e-05 3.446627976403066618e-01 5.904962094818332757e-02 8.635557395478102337e-06 2.773108895002347012e-09 1.350848045699263311e-01 3.481739009673070345e-02 7.469187774305596772e-02 2.393821059109096038e-08 3.542763971530529798e-01 1.741315177303211781e-01 1.235088175335861949e-04 3.094151345593364757e-15 1.185431479905545371e-05 9.920137653990832847e-21 1.083906794959688114e-01 1.038693444326522358e-01 7.094204692489418027e-03 9.551293503636358595e-02 1.134000370460354623e-01 2.374341722029613348e-06 1.019774094863123565e-01 2.751772948887246106e-02 9.615063287386832955e-11 4.605015723484381126e-09 9.323668913903617689e-06 2.553518885602782396e-01 8.665514428784053201e-06 3.510933735734915010e-08 9.618475490612825933e-06 8.666451027803102712e-06 8.452252926589043730e-06 1.649204658333197670e-05 1.661713212723899629e-09 5.947113866205353677e-02 2.405191998654231404e-04 2.210643759722685786e-01 5.171204143290088147e-05 5.126113742576781816e-04 1.837630010664214777e-08
3.683919229862343825e-02 8.313460304410938777e-07 1.045015022270654251e-02 4.208824236003958353e-04 2.202510116270752546e-03 3.570199043536159069e-10 1.289436776754707001e-05 3.406684413701064778e-11 8.737483010607190355e-04 1.236597974151775222e-05 1.000000000000000000e+00 6.384488118682923874e-02 1.064466165297741928e-08 9.272367249518179144e-02 8.070705390211015327e-06 1.276567942555374181e-03 2.917280008476575521e-04 1.661356417867982052e-07 1.062734727918009237e-09 3.058062458134271685e-03 6.131144959420627844e-02 8.656482927874900590e-02 5.299618758665426352e-03 1.207053236483366098e-04 4.095515164123054302e-02 5.253175546630287768e-02 1.841828894950178301e-07 1.725135544025697878e-09 2.940718975793123972e-03 3.782850913971339685e-02 9.594615884708997816e-03 6.672453073505615711e-08 2.909232315429496896e-01 8.379392106544121532e-02 5.425447422577760371e-07 7.844252114648123109e-02 9.514404474489384132e-06 7.926494825350732798e-02 9.872948265268032509e-10 9.696514830084697963e-14 7.761330109857320081e-02 1.505295757865786213e-03 8.244296868366507436e-02 1.048044300127469287e-06 5.564218691129804457e-14 2.234471263775007299e-07 2.446013301513330976e-02 4.469973305422441306e-09 3.931517130732059551e-03 2.257387135499667064e-03 5.408956251191141268e-10 8.054812361755050998e-02 2.351941835195368591e-01 1.017604896998518416e-06 8.337060317807623577e-02 1.991821484429849576e-01 7.978404473041192380e-02 7.914470144914862988e-05 1.128798604907035874e-02 8.656214018214930528e-01 3.332093607607630042e-02 4.413683794120713681e-10 1.437406447318579984e-08 8.121068182299381877e-02 6.520098429565346354e-01 8.170618376621507800e-06 2.064840364487305433e-03 2.867013591965028065e-03 5.332934694045000396e-06 4.409486061694727646e-05 5.656309494993549958e-02 2.138072566543978016e-08 1.926383521388520009e-05 2.030353915548431380e-04 3.675839337986189781e-01 4.440183015317381192e-10 7.189016001398344444e-03 4.553552937368340932e-10 2.535714106290007833e-07 3.995267076292680986e-05 8.844833721641891244e-02 3.656882259116923203e-10 7.931140312967348330e-11 9.462536824902821608e-02 1.532868911860082173e-01 8.394289715511839001e-01 1.385667938265263133e-01 1.627562544757340443e-10 2.025611527921388866e-04 7.795687940775548706e-07 3.842594656601860505e-10 2.737887375805818992e-05 5.079908415024016758e-06 8.018460303060152838e-02 5.782837099548760601e-03 3.430554096207681924e-01 4.360004325998761282e-02 9.245033972141953236e-08 1.495051187789450122e-04 9.092169887626880276e-02 5.146011691299967931e-05 2.633615943249972445e-04 5.034964754053903452e-02 2.366443740841624292e-07 8.024567084074349832e-06 6.379404595737197452e-05 1.659222392075660740e-07 8.178989037258418970e-02 3.833605666826101952e-07 2.016040005454756330e-06 8.573887209786950378e-05 4.671437009101075809e-09 9.397986338547649476e-02 5.249055380416847530e-18 6.035361571422442748e-06 1.978937262629638553e-05 2.112904884743123683e-04 9.938642880971884618e-10 3.768129891245374283e-08 6.684480797105096794e-01 4.784355783910053006e-10 8.388638105489168526e-04 5.754584456724180216e-07 1.113149518169878551e-04 8.315710801742562386e-02 6.948302266329167375e-07 1.238184637847376118e-01 1.212145160622302570e-01 8.894547596229640529e-02 8.022691523926182844e-02 8.200213029821647182e-02 8.474215897800442543e-02 1.481453248974716332e-05 3.256682781354826329e-08 8.377926132665364754e-05 2.605767533377043975e-06 4.960942357701048772e-02 2.603412014143433040e-01 4.016662391824616287e-07
