1.000000000000000000e+00 8.090667401042451372e-05 1.353585399316489975e-02 8.229012390586673735e-62 3.666472411825242130e-19 1.056975927238476901e-02 6.382719497312084982e-03 1.788169985841101817e-01 1.922023740710526532e-22 4.481453119115443723e-02 1.936250953918169332e-05 8.959838822923886219e-39 1.852846074431567186e-05 3.854933540285781449e-03 3.399785170740845445e-21 1.427646031289647597e-09 7.400499391760923810e-45 1.176845697863513567e-13 5.914706110619320659e-07 9.529297753525368615e-17 4.450937117849476134e-03 4.379465482389033153e-03 5.277200452293632949e-09 6.412034158843221937e-17 2.231270151655260214e-01 5.473219090881207283e-01 2.148628058511545410e-04 8.017144624855955526e-02 1.084395671171750506e-20 3.211433680604768595e-27 1.786902548566255898e-43 9.442418490548872001e-02 2.364759207557409079e-07 3.015050318631038243e-04 1.561800877867905488e-09 1.748688879413105737e-04 6.504717945478873239e-08 3.058218972654267375e-04 1.487795740355723206e-01 7.392959129300166873e-04 1.775465811300696488e-03 1.171528529392362275e-28 5.473674404422920053e-03 3.340071439248473435e-04 5.077121417063669914e-06 5.515847401674323628e-08 1.611882577374041202e-15 1.024950560264204120e-03 7.418909606983085936e-02 1.431903501390989884e-64 5.289724855020259270e-02 3.732246290685609579e-05 7.779802719787810850e-02 3.704573315842056569e-02 3.980390037396851991e-04 7.706747901968908104e-15 4.579355436353000513e-04 5.024733175774923529e-21 6.415783626993224996e-13 3.660483338889484952e-09 3.740065540352348050e-20 4.883837875901310822e-06 6.901231894813235953e-05 8.781803084815355265e-02 2.498881248643319494e-02 3.106411726799265279e-14 5.198499891905291751e-16 1.020342118502741138e-12 2.008214727903885775e-29 3.795737934821739965e-03 2.331331801112887514e-01 1.592650123518066507e-01 4.408297955532092645e-05 7.785238547586472574e-03 1.262522778875795060e-01 5.394100398518240913e-02 2.572809175284934344e-02 1.185130633617523244e-01 3.052356237613153070e-10 7.967841043692729184e-31 1.116226951694698852e-03 1.248273270339582798e-04 2.124488634170927370e-01 3.796631956066861901e-05 1.454707281628303295e-09 6.362930478500845866e-04 5.493727995063180623e-03 7.400971415424929432e-09 5.747001771919188252e-06 2.161329408265705931e-15 4.715313117675462573e-02 1.699849354200790117e-06 1.488670093486623976e-05 5.260592529754495612e-04 1.421152457526231302e-14 1.837225509873322005e-01 1.408109388032769544e-05 7.727047620863224916e-24 1.346072538517954696e-07 8.682943033704598398e-03 3.214054740324092778e-08 4.842872743088157780e-19 1.239491302105254766e-01 1.955058566891606164e-05 7.477765788810719243e-11 3.131258530416777141e-11 5.348136376770451506e-01 1.641456587536594820e-14 1.854444497208314899e-03 1.031016357737485302e-03 1.857312342950919374e-13 1.596839988363147278e-16 3.420091799726435872e-02 2.735770669327192632e-09 3.798579644000338090e-05 2.871276726892390292e-06 8.321401637468183153e-11 9.732643267299481704e-02 1.549658857271062236e-02 6.683835913882929525e-02 1.307299163753332383e-01 2.999244818271590979e-03 1.974456544348779833e-14 7.270460769761277815e-20 5.970454798881907497e-04 2.703352676791491409e-11 3.165518796617647346e-02 1.538760821513385999e-28 2.255909090029343742e-03 3.701347101045712176e-04 4.572706407216115812e-04 1.815577505800353026e-05 3.095544524772151729e-31 7.075780365781149943e-17 2.344586163883690915e-66 1.184804176598281776e-15 4.417764501340068842e-21 1.562101154156286257e-07 5.841503055812408617e-09
8.090667401042451372e-05 1.000000000000000000e+00 1.457691372198686374e-07 1.604220285652860499e-72 1.130596179642165050e-14 1.325035194026607799e-01 4.537064669177127141e-01 1.190257898732572858e-03 4.611487618331796069e-28 4.828216220898476027e-04 3.013060062539509097e-10 8.344990046999201337e-47 2.607390686311663458e-02 1.626406287959995426e-06 1.665237667409404162e-11 1.942289904279051797e-13 2.403362703977238006e-53 2.060413478978465458e-05 1.433552652453058714e-11 3.362960887156469436e-21 1.418221372037140569e-03 5.415796082322584226e-05 7.229373970101209423e-06 1.492601195197777060e-20 2.145123968699737355e-05 5.286513583782304028e-04 5.776562233243306901e-10 4.897181944208783659e-03 3.759651008148892656e-21 3.074896425670958177e-31 2.126773983247328358e-50 3.290433802313615945e-06 1.389082391716045534e-11 1.147372721847902275e-07 2.964876691745321757e-02 1.197433742982957242e-07 5.558173468592818300e-02 1.776880186610586929e-07 2.094596736347887126e-04 5.329876997569857888e-01 1.620627742055457093e-04 3.444681148601582497e-34 2.766720494945956370e-06 8.845261540528701207e-08 2.613145064679154814e-08 1.507604665087830809e-01 2.850273269101676834e-19 1.145817485781948532e-05 7.539460601239818260e-02 3.495730918038805490e-76 1.233984276386773313e-03 3.728638226203382099e-08 7.255829139725156239e-05 1.321329640624198214e-03 3.512093289701149116e-07 3.392628591193422958e-18 2.343940509235786236e-07 3.974377863148742620e-28 5.934875363603183076e-11 5.686874250821942334e-14 2.812325357401654264e-28 2.499461425089873762e-02 4.010733314756904228e-02 2.594060909477775780e-04 2.392364388180024813e-04 2.472508661923065129e-22 6.444624024636705251e-24 1.760047057606598785e-14 2.942210078824266841e-29 9.293414232283259135e-02 1.136513776172778840e-05 2.742443838975633006e-04 1.309799062941600662e-03 5.864215784726507785e-02 6.186334973503865937e-05 9.919677205316005959e-04 3.201337322224784569e-06 9.581853148800272056e-05 1.528133036081617390e-03 5.204411676467634329e-42 4.371881860899588662e-07 2.283858907642534811e-02 8.695124408915495253e-04 4.386855128723609180e-07 1.609565722905954254e-16 9.376280162177746211e-09 8.769623799088965886e-06 6.706772607697592502e-04 2.533977037274654306e-08 1.395635053039860653e-07 3.368709211861446360e-04 4.407149796581656953e-01 3.392006484072512817e-02 3.280402910743455258e-07 1.124273748380437715e-18 2.315168186193643771e-04 8.653879179097571563e-09 9.990566945762805669e-22 2.528603043626375092e-07 2.914846552562921491e-06 2.572142988410029064e-11 1.587910061335134185e-25 3.761253971255231751e-05 4.756230808452023284e-01 1.416292031940503667e-04 9.927067788752672750e-11 6.678867952798994657e-05 1.627337764110718880e-17 2.190719667549103684e-05 6.760969728509516052e-01 1.538803074847199525e-09 2.109298998973018868e-14 4.605654111342556608e-05 1.307427282937936095e-14 3.702691422067524440e-01 1.995674263721878186e-08 2.098569264818466742e-10 3.506226556986374865e-02 2.350288971555717921e-01 2.410107236269697922e-05 6.908917153082721509e-03 1.596185895731407103e-05 2.549000342560545908e-18 1.167505695371437720e-16 1.253150095573549562e-06 9.102834961216174818e-18 1.322333714931350475e-05 1.016426636067086567e-31 4.336611248451244362e-06 2.200354989492961924e-07 3.331439248795054086e-07 7.468403133555283218e-06 6.196293761923524662e-34 5.385411787104547560e-10 7.518220660673900950e-78 5.302830875401577646e-22 2.273459052079648799e-24 1.280779290571755363e-13 4.414024862685329842e-02
1.353585399316489975e-02 1.457691372198686374e-07 1.000000000000000000e+00 2.433729131453574636e-47 2.374110804959570565e-27 1.368830224883203325e-05 3.593468624884029746e-05 5.091945360677181676e-02 2.423788218981624957e-14 6.523919623478244278e-02 1.432789382222832142e-02 1.899226819696892637e-27 1.205347910496602818e-09 5.615390202622631351e-07 5.078093999661724031e-28 3.498030745257530122e-05 3.700473152679971740e-33 6.200758097410107335e-19 2.120130098955505209e-06 4.518679332699937957e-10 1.550831796644199236e-06 7.732231376696378134e-07 9.243603963305875432e-07 1.458882933804944124e-10 4.877975513871863483e-02 1.505284758533312946e-03 1.458288086980000405e-02 3.600820223327878822e-02 3.669195433177446689e-13 1.571972869092787275e-17 6.417586396022947796e-31 3.698685123656945961e-02 7.309977593843471197e-04 6.870937479558575271e-09 9.777661344719566577e-14 3.461076206645189193e-09 3.242729643833192573e-11 8.070161455395880932e-09 9.415367289015906527e-02 1.664719183153030716e-05 2.215374746084262072e-07 2.035893721928410163e-18 1.536303298550191639e-06 3.099843267105022171e-02 4.393285850055759562e-05 3.928552863831942691e-10 2.667227617051717622e-08 7.651117625051542803e-02 2.201734134564612387e-03 3.038813591173337826e-50 6.246499748567991422e-02 3.764669248615353894e-10 4.182350541581200285e-04 4.700396776922160960e-05 1.217387042978251428e-08 1.541526109543296204e-08 1.631751055163726465e-08 9.611859672054204068e-14 6.305532013558204982e-08 1.230470756181183643e-04 1.290526860496933135e-13 3.098446702952678654e-10 1.182959140724190125e-08 3.369150836825999753e-05 7.489943019388604906e-02 5.797950617573002961e-09 4.712556693398024713e-10 7.861849625986679215e-07 6.289769841414218946e-20 9.907640153776093179e-06 2.167580067669503882e-02 7.843526414470361474e-02 3.400870300344492505e-04 1.825840988998324874e-03 1.427298965262713748e-03 5.763555009362730103e-02 7.800473859309221547e-01 1.312478074494247970e-01 1.189173623887162926e-14 3.534347251629303626e-22 8.175184403657512717e-08 8.505248988272631006e-09 5.150141092248039509e-02 4.687350077465665319e-10 9.920049399431933991e-05 7.119647705659949699e-02 2.025452799022269248e-06 7.075500129165690010e-14 5.359249383297334107e-02 4.131587202564173161e-22 9.777681914980880518e-02 5.153231334860100856e-09 2.333705529772886128e-10 1.845831213899347355e-08 1.086791440214295327e-07 8.783808070067924273e-03 2.464132735291074076e-03 1.042552733429758613e-15 7.465987204981688408e-05 3.971205041280421434e-06 1.376142834143859140e-03 6.447869988006456337e-12 7.023106104968223555e-05 2.678238698086910789e-07 2.783694059374710426e-16 8.176901824263340277e-06 6.519993266252681330e-02 8.335888661734947718e-09 5.832330474928646563e-02 8.699851235011485501e-06 3.028576295977831416e-08 2.281679248955110974e-10 5.698223942558523102e-05 1.872782190242899584e-07 7.925914836728507446e-07 2.427855038428045065e-02 2.519502349022909154e-05 4.482791263543325043e-03 1.875598804542316010e-05 2.004772767461591998e-01 1.661534777575065722e-02 3.147773075673100940e-01 9.143812215559993565e-07 3.934224454122619217e-12 2.098928774072312157e-08 2.311991156347160004e-06 2.776483435706340351e-05 4.817211199434957723e-19 2.015398451174153204e-07 1.029547903875543932e-08 1.717338659592026098e-08 2.321880635956002087e-10 5.892722012644645329e-20 1.611233692147822338e-24 9.661928454386753223e-52 1.851619225675304692e-09 2.640127249930813700e-12 2.073546275382700046e-03 1.828516423354677100e-12
8.229012390586673735e-62 1.604220285652860499e-72 2.433729131453574636e-47 1.000000000000000000e+00 9.531856264762489295e-142 1.034741220691602287e-74 2.393134348548887109e-67 1.549867268976694013e-54 1.764509163357807946e-12 1.575380392887940702e-50 4.301726427492991462e-35 4.571479387954226046e-05 1.179972215956655690e-89 2.938495592222848362e-86 1.190400296653395160e-134 1.508081175011414663e-25 2.760436289310969765e-02 5.760567347302300952e-111 3.020151349488940039e-34 2.876093920549257145e-18 9.489505582322971023e-84 6.865220821418825249e-86 1.020215962695111840e-57 3.107270164570134381e-17 6.009443228855310520e-64 3.977796530423425180e-69 4.346948504993399256e-36 4.998398715635879873e-55 2.198611004433462014e-21 1.536906140113971468e-10 3.282133314072910920e-03 2.025269139503226435e-48 7.346982161448568643e-32 4.954966055527849324e-93 1.113786574136149148e-92 3.081830690312376358e-94 9.441153525065725169e-89 5.776132975967672863e-93 1.518014622202578803e-51 1.315426238345477587e-68 1.496620451517508946e-87 2.715823805525580355e-09 4.277234861407735486e-85 1.342669663798475745e-37 3.838253801061162145e-36 4.007272331122814679e-79 1.743961067341750771e-19 1.224475039659423181e-42 3.235761785450011497e-64 7.091560334241011621e-01 1.156991687595365932e-52 1.725824554726499740e-97 2.677628844110457089e-74 1.410978278291495116e-77 2.017198359160087174e-92 8.050905617679150588e-22 6.230354573151100826e-92 7.763739765329877832e-12 2.727921973335614137e-36 1.884161908709009056e-27 2.364006880521218295e-13 7.461617713490424267e-91 9.148433802514864415e-87 6.102291961904033538e-78 8.508830776834883916e-56 3.121803215098595850e-18 1.657724707782178441e-16 1.706792476163503385e-24 7.630984031768057840e-17 5.486407702362449076e-75 4.722744943082037539e-66 3.650153731636625778e-52 1.271526593605148682e-57 2.325523906290464896e-56 4.136713785800729303e-71 2.539860086333562182e-51 1.046940078553482413e-50 2.084370002826267732e-50 2.981661924956609038e-100 4.497253317936598610e-07 1.825711146263279433e-89 8.969714431428132584e-88 1.034653111043203459e-54 2.876247077590633163e-97 1.503153126721227619e-24 5.409948702309516636e-40 1.724967736851729438e-84 5.215394681216615030e-102 3.955955214698902945e-40 6.024146205928072347e-122 5.244891422560799157e-50 3.484213652199199647e-77 2.977392450784760799e-90 9.746621731683075374e-92 6.822626469196001691e-20 8.590573305123976850e-67 9.800600931506222882e-38 5.738027601856943012e-27 2.432262679343568794e-50 1.383822097029591746e-83 6.132982744521424128e-30 4.276539446984003922e-14 8.572101637565359951e-77 5.398151331668858301e-65 3.572110906623502052e-107 3.150264441356935889e-33 3.131350155687826281e-59 5.032253065037554707e-22 1.549812924940063466e-43 5.900384439906671498e-68 3.197661094665957882e-43 4.077349970800516282e-34 7.311227094780814816e-79 2.526310494790740095e-28 4.311632285607051353e-70 1.137704969380931616e-37 1.788052940471818110e-35 6.159424764581759544e-61 1.322087477769918862e-71 8.765772175068755149e-53 1.466917570396345266e-56 1.412461894436395356e-47 6.513907760571720445e-24 2.764012350099424930e-32 1.306588417188920574e-91 1.065272905482931946e-21 1.855569927357212477e-79 7.729944401749154784e-12 4.169572944521542993e-88 1.374896954116430771e-92 6.548364763670258953e-92 6.657064652879531220e-98 9.598915132349138730e-12 1.135132412945236485e-130 6.511112832173662213e-01 1.471236602645284504e-16 7.736259805467204887e-16 9.889966999620878752e-29 5.024634073920464498e-90
3.666472411825242130e-19 1.130596179642165050e-14 2.374110804959570565e-27 9.531856264762489295e-142 1.000000000000000000e+00 5.820487823392655922e-12 9.933265011441186453e-16 5.004471479621278891e-22 9.941060674199007628e-75 1.970469450554881654e-24 1.391820616450689596e-38 8.920790345267980411e-104 3.178028050446079423e-07 1.089155213965650426e-09 2.767185887615884569e-03 1.042960665510752507e-48 5.746628180604671738e-115 4.003927890404658025e-05 4.158432455647336228e-44 8.690200395622656308e-63 9.506466594758167112e-09 1.043776275795362138e-08 9.809852596908298580e-26 2.124781065802762150e-63 2.300418503892783826e-17 4.159458340323009599e-15 7.736025372155462079e-38 2.239597865217464508e-21 1.230386036337291883e-63 1.292934645747323391e-80 3.936805117518671784e-110 1.024938943891682398e-27 1.168893945179225966e-42 3.266118981802956750e-08 3.197105863781424426e-09 9.807534953862151972e-08 6.254490161601650658e-09 4.867129246938201729e-08 4.533974349187455777e-24 4.910563546952526209e-15 6.575240955805767167e-08 4.012760105247320054e-84 9.784882795797574957e-10 4.545694742874272201e-35 2.551242242732069398e-39 2.827258074952063622e-13 1.187482883449820084e-58 4.435321411383186895e-30 2.479851249133018226e-16 6.249941658483739842e-147 5.376657718805530763e-23 4.981900574018218269e-07 5.543786971225206329e-13 4.853965931907556201e-11 5.449411900258298695e-08 3.453413350642567083e-57 2.769835051001728476e-08 1.500638760455035387e-74 5.302698088933425364e-43 1.805064951772622670e-47 5.550654892189497182e-74 4.519979526526681149e-07 6.998891535625118014e-08 1.402432063696075471e-11 1.714522796821982253e-21 1.326631479231936904e-62 9.798083364101902212e-66 3.607078930990898253e-51 6.799621238096948905e-78 7.746201037191605868e-12 1.164291611647706087e-16 9.505715635473747554e-24 5.081759299587770466e-22 3.625893071128652369e-21 1.803793854784027088e-14 6.461648015344758727e-24 1.576584434632123292e-24 8.358122996204496020e-25 3.319149234673495159e-06 1.204558902283709124e-94 6.398974343167613066e-09 1.212317543819781277e-07 4.902576068653266647e-22 2.418344938514214175e-06 7.585073039076225045e-51 4.877730731859683792e-34 1.116168448630963152e-09 8.999888454455054910e-05 4.740022700835799102e-33 4.704826046446806097e-03 9.037066408214980637e-25 3.292544016621805164e-13 9.883435815745090313e-08 2.956473933787888160e-08 1.713709702417151721e-57 7.065255940202301892e-16 6.803743399620540491e-37 7.352486763056796043e-63 2.050126418930950492e-29 3.308927712460292707e-10 7.550496213278488206e-43 7.373751141581001857e-70 1.613934817508669003e-12 3.646473509365710118e-19 2.137076930373040234e-04 2.779418084007833034e-42 6.257523245943848090e-20 5.105603055973991526e-57 1.314294185575498715e-29 9.134887322358461893e-16 1.225398629198474026e-37 8.829943310750847320e-49 3.980386395891771488e-11 1.783486283870352583e-50 2.408920518135789950e-15 4.930155183396127382e-35 3.468781106748193921e-40 3.228497794234832284e-18 1.179109297908282133e-13 1.242102833528926312e-23 8.445105451988126899e-21 3.179704326664794321e-26 1.331192746428971706e-53 1.929645888023306917e-52 6.971650313589682645e-08 6.275152864708686787e-55 1.505749075991438156e-11 7.945311318187337546e-82 1.076957581420974723e-08 4.198266838880361374e-08 3.585486686216865451e-08 2.208509397733464510e-05 1.636111574948383068e-83 9.740920090877995541e-02 2.415163764090634705e-149 1.119889595499331101e-63 7.036106174570362910e-68 3.127213611588027774e-45 2.011888487562780425e-09
1.056975927238476901e-02 1.325035194026607799e-01 1.368830224883203325e-05 1.034741220691602287e-74 5.820487823392655922e-12 1.000000000000000000e+00 4.058618672242781944e-01 1.532058215828510823e-02 3.115177245460033186e-29 2.455008034447000217e-03 1.742421881175639096e-09 2.431374257312340216e-48 1.658192669613690606e-01 3.930222812468729156e-03 1.783018340599210666e-11 6.204829021551158960e-14 1.851573784770132918e-55 8.391566405571563694e-06 1.017761957532873862e-11 3.697659362014266672e-22 1.566219942438774881e-01 3.114923836638452265e-02 9.765367774160259393e-07 5.067960752460068682e-22 8.005062711278199822e-03 7.975207500210511335e-02 7.437885325118615637e-09 2.781094268953463941e-02 1.166928478376761316e-23 2.693255756830892151e-33 9.625910147293441783e-53 9.417505156508241648e-05 2.217923864066749583e-11 5.954046546990002069e-04 2.104908952066373608e-03 5.809446115551926762e-04 1.487707569077057097e-02 7.953538673370445788e-04 3.188893470090984738e-03 2.563094764838576012e-01 4.795307502820927298e-02 1.100110839754163000e-35 5.893630147486610994e-03 2.552528290487729027e-07 4.148192323748123189e-09 6.606256502700648056e-03 3.793336140619876616e-20 2.390456164877405895e-05 3.112978989611141500e-01 2.558024769393489559e-78 8.169935649814928993e-03 2.263746559895574585e-04 3.305129034734319987e-02 2.327046310177189603e-01 1.250401169973801036e-03 3.204598735406605205e-19 9.989811389821373448e-04 7.993272757153072849e-29 5.081177182448422091e-13 7.889499344435354258e-14 1.547019228291601630e-28 1.100335587754815297e-01 2.115405413060541251e-01 8.341916359893560007e-02 3.722738727371127914e-03 6.863816875847434048e-22 1.039492535853820269e-23 7.971939482767115815e-16 1.085139730622039458e-32 5.272445482423631091e-01 7.027531591486852608e-03 3.969441737633720366e-03 1.051666748578646698e-03 2.907495278558970900e-02 2.379134873588304236e-02 5.175647324581062782e-03 1.857559036913911273e-04 1.669778852444904396e-03 9.475411447325448374e-04 5.185759593544242998e-42 1.622803200360307908e-03 2.861377153460971656e-01 1.377266709285663963e-02 9.968714258985142407e-04 1.017931950597331394e-15 1.326977216194861571e-07 1.107703662832979809e-02 2.375939994283326334e-03 7.360706233156338936e-08 2.502300381979215469e-07 2.335214217209011581e-03 3.789847919309000113e-02 1.251119892389883637e-01 1.238655808225949673e-03 1.948710109711665005e-19 3.562722169939143424e-02 1.477516861490167604e-08 7.006289084825173789e-25 2.259600040179803730e-07 6.328897468986683685e-03 1.961637363146929760e-11 4.305259271763637690e-26 2.620663808842495224e-02 1.331275792057282602e-02 2.624887857777535318e-04 3.991006517456691182e-12 1.052809005733565915e-02 8.229139862903586635e-19 4.308482449630893696e-05 2.672384133144031226e-01 1.101462824687628862e-11 1.068244025299575593e-16 3.268979189639860394e-02 5.907562772733025555e-15 6.799023258691593019e-02 3.422105619792017733e-08 1.717598279779882724e-11 1.875585696364921173e-01 7.911408652986534618e-01 8.436194564982945569e-04 4.386439870226584159e-02 1.389500242705453610e-04 1.566805517727527651e-18 1.654417009590770219e-19 2.807151419003196206e-03 1.834044412051953594e-17 1.440450808599134588e-02 3.273416689860052558e-34 6.899135603458497398e-03 9.304930394707021076e-04 1.238183894203575457e-03 4.025126940384901424e-03 2.133903791520877568e-36 6.870246300960561407e-09 4.299538011532631281e-80 2.571345150702476272e-22 6.666714991010402214e-26 9.236845948968216839e-13 4.573052376466111082e-03
6.382719497312084982e-03 4.537064669177127141e-01 3.593468624884029746e-05 2.393134348548887109e-67 9.933265011441186453e-16 4.058618672242781944e-01 1.000000000000000000e+00 4.819181066504025363e-02 1.047434649527135520e-24 1.542784403784078044e-02 1.251479576849393553e-07 1.769776045528027378e-42 1.558454277918046825e-02 5.494392019122402597e-05 6.789311039535467900e-14 5.518672753729895679e-11 5.047106109202024089e-49 4.094569202121034682e-07 3.819317427989336442e-09 2.860592997700875259e-18 8.284342622159846306e-03 7.094789327060341917e-04 2.062891295089397693e-05 6.572062888271788252e-18 1.806390672365521931e-03 1.917317425278184523e-02 3.277265322398923337e-07 1.043374264072648439e-01 3.164411951483493658e-19 2.809500227143248765e-28 1.880899438173072830e-46 5.918050961220095926e-04 5.025603484547828553e-09 3.269186707132478632e-06 1.162080624831863781e-03 2.837078818919400840e-06 5.968412206931461746e-03 4.521894755914191216e-06 1.359341655520628425e-02 5.979978947936129829e-01 1.203364126304970992e-03 9.671515295160090693e-31 8.784909513500235260e-05 1.399662339016316596e-05 1.413564636503576488e-06 1.433288809951346714e-02 1.163787353791758408e-16 6.069973053551791465e-04 4.804428772650838897e-01 8.828910123596303806e-71 4.124182354311366899e-02 7.500840829774268814e-07 2.790705964315230193e-03 1.916888655878165246e-02 8.035341295646522824e-06 1.294528080904822773e-15 6.362943574739344970e-06 1.499414052599788520e-24 5.889747682949043081e-10 3.394282262817887898e-11 2.316192153617720252e-24 1.105699250815987515e-02 2.670494905339132474e-02 5.833560423041348267e-03 9.411622595470453892e-03 1.273750668746584972e-18 3.750666446156472933e-20 1.518041227761244765e-12 2.652215159406571561e-27 1.895570412627028689e-01 1.073343189073832369e-03 1.699628161983282246e-02 8.389840099787914882e-03 2.776031709755479859e-01 3.177622288503452637e-03 3.396928548650451907e-02 3.689715400189025893e-04 7.552793878133869793e-03 8.510620784308041463e-05 3.668731535156531104e-37 1.387056182441079174e-05 2.526466062220701289e-02 4.030125441693037380e-02 4.774199188109338382e-06 3.101755287053270173e-13 3.280352166327724126e-06 2.226335253243228547e-04 8.545664884523302492e-05 1.739656165228199318e-06 2.575815447135980291e-09 1.582164685902083187e-02 7.813891833320180114e-02 1.852215096082297091e-02 8.390314648799497181e-06 4.798081993204102628e-16 1.021704814663738740e-02 1.482173898830399704e-06 2.004916354546329375e-20 5.425561697006363395e-06 1.055909671906932006e-04 4.438587415284769991e-09 5.015739627063805636e-22 1.534775668837613707e-03 2.179687353256894999e-01 8.497629789388588356e-06 1.847870098684273469e-09 6.971623959007604808e-03 4.644897417539493014e-15 1.147964432357217318e-03 8.518086294675983883e-01 3.250466484520794627e-09 2.767477671133394318e-13 1.300414197932350151e-03 5.614391434978660892e-12 1.863930042245020846e-01 1.619038447389020106e-06 4.088739510309216424e-09 3.914324353708001913e-01 7.060821788629931817e-01 2.341282095898931676e-03 1.480343683640131247e-01 8.318103959953207288e-04 9.625355437390347064e-16 6.312929160501419087e-16 2.294124041506478490e-05 1.524862248689392488e-14 5.330342879374444422e-04 6.712407044833713923e-29 8.983714373651733155e-05 5.587570373473198849e-06 8.282115376540950555e-06 2.969454953166171594e-05 2.649243264959869814e-31 1.545828099168990165e-11 1.853894824198098679e-72 1.087337382641668275e-18 9.865516210254548718e-22 1.357120007607285735e-10 2.584750989398759344e-03
1.788169985841101817e-01 1.190257898732572858e-03 5.091945360677181676e-02 1.549867268976694013e-54 5.004471479621278891e-22 1.532058215828510823e-02 4.819181066504025363e-02 1.000000000000000000e+00 1.481675552365506560e-17 4.817795681795591367e-01 1.341678720406650361e-03 1.274027560207452688e-32 1.126860898316529008e-05 3.047346655087732254e-05 7.487837558956475293e-22 1.839534440470650808e-06 1.691161855592528114e-38 2.518028093816489524e-13 2.441381736552153357e-05 2.077801562354270390e-12 3.651431805326548082e-04 9.350858168426687505e-05 6.475033154858670795e-06 2.264038558679616755e-12 5.551241336706223828e-02 6.645334063468642805e-02 5.219488947369911244e-03 8.151188566227101084e-01 5.403133952661611150e-15 2.609642534713831130e-21 1.189061078354240063e-36 2.662244797515990191e-01 6.788062045035257459e-05 7.545093612118481374e-07 1.198488134169566799e-08 4.419397120183600873e-07 4.034817925827215035e-07 8.888946623630551407e-07 8.753531997443302348e-01 1.092628473906587065e-02 5.374274673319569219e-05 7.128550590726669546e-23 5.430489110340572576e-05 2.430908445048586553e-02 6.113650913065994327e-04 2.679394528375048587e-06 3.363575300622427930e-11 1.059482058418702577e-01 1.981975297815488923e-01 1.787341006415520619e-57 7.853040498566000727e-01 6.675189741078939136e-08 6.205173458869775102e-03 6.163892036998404149e-03 1.405274816985313653e-06 1.388040569097549159e-10 1.524389592941161504e-06 6.620854343063916430e-17 2.659471752251879296e-08 2.324554778270486222e-06 1.803900616661404199e-16 4.331606286297866224e-06 3.429152604029435310e-05 3.714972836924336237e-03 1.660143703272616844e-01 1.859870560111718002e-11 8.388159600278589065e-13 1.518676213340400576e-08 2.267252820580367045e-22 5.167774697071652983e-03 3.081948743590497836e-02 8.815764832632690950e-01 6.868326096525784012e-03 1.878719089825943989e-01 1.493799161388866155e-02 8.193812902278843069e-01 1.016445995043657319e-01 7.806615407716751553e-01 7.521823223095979514e-10 8.782764934572526462e-27 5.286166379450263663e-06 5.306345680311376451e-05 9.841564836640676051e-01 1.560591798170566585e-07 2.898486781939779434e-07 1.304157277856326028e-02 9.398933213165609182e-05 2.171927325683120844e-09 1.140864497390265591e-03 5.165690907572771792e-16 7.455667677152428841e-01 3.996235383616181491e-05 8.460811325482974645e-06 1.862771655194699382e-06 1.371366968646642859e-10 6.187743185157132397e-02 2.228048101200817525e-03 2.357753532966873419e-17 8.037094704078291706e-05 9.677920628667940526e-05 4.048883294859931801e-05 7.340170967199123460e-15 3.002741004190120216e-03 1.420444097721990746e-03 3.925335961696979852e-11 5.093721239688758172e-07 3.870229837291032648e-01 2.730905356583746492e-10 1.502109261033969245e-01 1.704031276891387892e-02 1.033653697942047576e-08 3.336418767037029889e-11 1.260339400024580595e-03 2.558073303783518976e-07 1.094612213096375847e-03 1.482171399607286073e-03 9.108935741725860537e-07 5.142841375625510913e-01 3.354440595281994036e-02 2.401376628867120389e-01 8.702977532759925694e-01 9.647398334804052622e-02 1.710085739323255657e-10 6.444959075035557312e-14 3.009162301044729973e-06 1.849073051021468305e-08 7.537592683426865090e-04 2.529848271246095133e-22 1.965609417610087378e-05 1.134225006099125039e-06 1.716151644737968673e-06 1.902961906812623524e-07 1.330651396405832297e-24 2.679180272028211213e-18 4.627567988454464447e-59 5.176444911514455611e-12 8.313207478312798008e-16 2.129666881808293122e-05 6.307597351374871948e-08
1.922023740710526532e-22 4.611487618331796069e-28 2.423788218981624957e-14 1.764509163357807946e-12 9.941060674199007628e-75 3.115177245460033186e-29 1.047434649527135520e-24 1.481675552365506560e-17 1.000000000000000000e+00 4.880877900547069246e-16 2.816191676659888123e-07 3.536761082655115636e-03 9.558969085325699004e-39 5.287421206027574663e-37 2.589977368858037654e-70 7.490045195403974114e-04 2.672886827304935704e-06 7.211589547852610469e-53 4.614361303991401411e-09 2.627748532200578357e-01 7.547151726473443924e-35 1.466605629227822785e-36 2.397979787803679186e-18 1.687157443161258208e-01 1.978260156690857824e-23 2.038172124765382843e-26 1.149692820855694910e-08 7.961495718596253675e-18 6.119398492921950504e-03 1.691475148581555454e-01 4.895778051196335518e-05 7.526361777163996890e-15 1.258447597342010499e-05 1.169195922862975364e-41 2.457133365132089227e-41 2.037235706104236359e-42 3.518865238605675678e-38 1.415100599406469715e-41 4.633728008583639514e-16 1.461959145273706759e-25 1.967454793424857194e-37 2.008901413723560014e-01 2.137367371092265197e-36 7.163653039094117358e-09 2.643212974565795663e-09 8.101202274797166393e-33 2.131659411769557672e-02 3.468253671745198972e-11 5.392900948054864786e-23 3.434229410772016735e-14 3.673481223212886267e-16 1.507625029272334894e-44 4.660883464483040316e-29 5.095912112770245587e-31 3.502967995647300634e-41 3.938383008987039052e-02 6.956564199428938145e-41 7.043898532838292759e-02 4.488184659049542201e-08 4.793158193724569968e-04 1.138457841513941526e-01 2.331310722371011612e-39 4.458909674361430607e-37 1.082288651753290596e-31 1.814959644925904627e-17 4.741221823995909156e-03 5.248338182006184044e-02 4.170796968721220696e-04 1.674189535282630693e-03 3.432963696012317221e-30 8.910682989699661072e-25 3.429730338562766485e-16 4.719062570946002517e-18 1.175536741297023020e-18 5.160803639319694009e-27 1.128676460679052135e-15 6.162446283220608915e-16 1.745089303584997958e-15 4.897286038269550447e-46 4.514652254429884029e-04 3.442629734200230214e-39 1.933177267770226844e-37 1.276364973323482952e-17 4.986609994904736292e-44 4.173415409756490980e-04 1.335281268875523268e-09 1.240927863036312112e-35 3.358817380458745434e-47 1.353901153348946489e-10 1.701644347888517854e-60 6.135745026866088798e-15 1.821286637021756970e-31 1.111555237485291020e-38 9.395515206851307501e-41 1.333636084244046310e-02 2.611233610985824360e-24 4.736916468652378860e-08 4.637888518336992222e-06 4.693090371437251553e-14 1.561212211469148611e-35 1.333709453623540173e-05 5.423561411577498825e-01 2.872554907181053427e-31 8.830692991121797259e-24 1.833259777464795640e-50 9.724761473654827353e-08 1.986711895665442630e-20 3.389624984367456406e-02 2.499451523275928098e-11 4.482252074038331815e-25 5.084668282517603195e-13 1.354542622748047923e-07 2.719286354015014360e-32 3.223271221291380517e-07 2.595802666940123793e-27 7.225946162414879050e-09 1.118405774194631360e-08 4.257556866630590364e-21 2.408987155012691055e-27 4.304554986240147417e-16 1.272691623650442168e-18 5.000772170667942066e-14 1.519740385476808678e-04 5.460844652921224903e-09 1.475662865631976793e-40 2.272380599843021234e-03 1.608783834747427200e-32 1.449544568731324645e-01 3.549261698366552271e-38 2.452687050256856080e-41 8.334327957067346607e-41 3.086527096548777394e-44 1.594299751752543872e-03 2.146253788150361351e-66 4.767704213890687009e-15 6.465258005062438085e-02 7.100765405663062024e-02 3.537268223864877334e-05 3.022275631784446305e-39
4.481453119115443723e-02 4.828216220898476027e-04 6.523919623478244278e-02 1.575380392887940702e-50 1.970469450554881654e-24 2.455008034447000217e-03 1.542784403784078044e-02 4.817795681795591367e-01 4.880877900547069246e-16 1.000000000000000000e+00 1.462235266969233926e-03 1.750472403334377724e-30 1.012658514037002131e-06 6.189393262080218147e-07 3.150273483340847521e-23 2.182173919513786625e-05 5.510620266875302975e-35 1.135980988230698853e-14 7.695043927264680827e-05 2.118321657812573249e-11 1.913833360897171466e-05 3.308134271203897399e-06 1.319085426041776161e-06 7.647528699557164059e-11 1.284906430000449379e-02 8.712504600329160770e-03 9.037622936227418871e-03 5.895446274492092131e-01 7.060783332628609213e-14 5.445858400533098808e-19 2.659444640856018766e-33 1.491529605118245838e-01 8.438015499141975192e-05 1.053669930492436046e-08 3.431944902127918353e-09 6.172204503195687841e-09 8.091286161452068602e-08 1.339202679249951533e-08 5.421737221107095772e-01 5.841772686060142140e-03 1.878658271520702324e-06 1.064497963677871569e-20 1.658589813329456523e-06 5.566461130494662624e-02 3.926222268608474918e-03 2.507215077972637620e-06 1.832773965205006636e-09 2.378950267764272930e-01 8.680606301339308106e-02 2.223806841364964826e-53 3.975434778666346314e-01 7.344562012750527923e-10 3.141551031036729415e-04 3.593380080137590976e-04 2.358071838606006521e-08 9.295210326614404368e-10 2.432587277802047910e-08 9.364163792360762896e-15 8.094207761928647306e-08 6.485695396831707828e-06 3.698140036334815534e-15 3.271182810215791089e-07 5.372355442710877856e-06 2.204748545654593747e-04 3.739471800195915546e-02 4.326816812521258203e-10 1.350488076900718567e-11 7.836114745113311457e-07 1.121189177535364818e-20 2.612808747062703250e-03 5.422736345539329837e-03 4.032193869635545269e-01 1.359648835163102497e-03 2.374574068387107773e-01 7.774860283045279680e-04 5.965044337914026107e-01 1.150071682854071492e-01 5.389509594420834881e-01 9.661438192300752713e-11 1.792506364978338144e-24 9.040130053452726801e-08 3.755648372161195254e-06 4.037969472992541387e-01 1.902470076241955824e-09 2.721895964217805958e-06 7.909110612329467091e-03 2.398726929191777752e-06 1.942346033682306801e-10 7.920876506253287860e-03 1.131913314529776735e-17 5.472528870088073649e-01 3.055706225641500838e-05 3.459774114456395551e-07 3.147621312414554454e-08 8.233345796976636056e-09 5.689426968894374485e-03 1.191912786601685963e-03 2.210162615188345991e-16 1.285293829227184993e-05 3.617800639330135113e-06 4.296620925226570507e-04 1.867455328238240118e-13 1.843666452018537661e-04 1.269081984967437068e-03 2.193979715492523516e-12 1.398719703416227090e-05 7.890326999160443555e-02 1.755294844528986007e-09 1.921847893476583413e-01 6.552289275821272276e-03 1.634786996768785312e-07 9.915970538509000598e-11 7.591776949566545461e-05 3.669313717182294893e-06 1.534544692745066488e-03 6.649925523423400216e-03 1.717638850127419059e-05 2.137549395678766673e-01 6.366279810758455025e-03 5.900175456860329987e-02 4.166482083215886645e-01 2.024204692342723433e-01 9.129841610784228760e-09 3.828286606281372175e-12 5.900894646082159648e-08 3.385444859430821189e-07 2.493139046508404208e-05 1.562084121818697460e-20 4.668900705634508789e-07 1.795300609905384003e-08 2.756608169472030604e-08 3.554648000282075730e-09 9.245760255975220051e-22 2.049121710038462923e-20 8.408722895900658500e-55 2.095809937060617638e-10 7.902215471705920616e-14 8.365712028809730184e-05 1.569146574087751811e-08
1.936250953918169332e-05 3.013060062539509097e-10 1.432789382222832142e-02 4.301726427492991462e-35 1.391820616450689596e-38 1.742421881175639096e-09 1.251479576849393553e-07 1.341678720406650361e-03 2.816191676659888123e-07 1.462235266969233926e-03 1.000000000000000000e+00 2.860267479600682324e-17 3.023574864143776935e-15 8.734244311451019081e-13 5.048724314987525945e-38 5.835291142065100051e-02 4.174485280785098749e-23 7.556287307687154280e-26 2.293200588519591146e-03 3.054086758947637285e-04 6.608279127106416732e-12 1.142841807777285642e-12 8.294410999307685704e-07 6.409302144009949007e-05 6.796819868890242164e-06 2.988790685424169179e-07 2.731054865145368660e-01 5.958246543052796683e-04 7.940291371342518269e-07 1.880660933269743274e-10 2.529680444620599994e-21 1.144337087908976064e-02 6.268598973516312789e-01 1.563573442898639869e-15 7.734829794107493290e-19 5.274751681480525139e-16 3.134439188310380593e-16 1.700133198727239286e-15 5.207173165522859144e-03 1.733314900922127541e-08 2.898973675384287510e-13 4.801947266722770059e-11 1.686364655392705810e-12 3.079321052967056160e-01 5.677748750455157908e-03 3.755035789977063419e-14 1.846154691711433219e-04 6.022066850733341636e-02 3.104829476780244500e-06 1.580614038441473255e-37 4.160795191796667208e-03 2.659061590485610173e-17 1.858737136707218863e-08 1.031584876945767827e-09 2.851647716826971997e-15 2.028670102978749872e-03 4.412461583646356917e-15 8.332076746755996073e-08 9.102621895289042422e-05 2.719314524050487347e-01 9.107459622536497228e-07 9.181147695395024194e-16 3.118406402648921062e-14 6.160205018513846484e-10 2.119394509461083268e-03 1.860379318788516801e-04 1.157578265987340641e-04 7.048039823367403204e-04 6.379124754794433645e-12 1.922113530752191781e-10 1.737776810055963106e-06 5.892848506994830676e-03 5.951343506803000768e-05 5.380528582561745760e-05 2.221052219803770265e-07 4.933585066289583945e-03 4.052555429347571604e-03 8.416294447133484263e-03 3.804373499352373972e-21 3.225730841032762009e-14 4.549126462419249902e-14 3.639703266072254217e-14 1.488476179396106122e-03 4.849111337736019346e-17 5.350465247342395259e-02 6.618186197353717048e-01 4.792697650774289745e-12 6.051649276352269744e-21 9.568083164165930646e-03 2.622928547836107606e-30 1.091956332523226839e-02 8.401921779677439210e-13 3.981393199802548126e-15 5.225051039350959743e-15 3.964873804501512552e-04 4.065841048905350246e-06 5.154367623174418434e-01 1.407743206749381167e-09 4.531415337122102270e-04 4.949780404759265006e-12 7.099113618955771310e-02 1.037746169387455391e-05 1.149463468309645074e-09 9.759235478728630869e-09 2.048502542004294800e-23 1.840231130464990380e-04 1.882983608949503364e-04 2.190767440773544548e-03 9.511338878539631059e-02 3.224677357413489419e-08 1.003186105620699157e-07 2.788362231913230433e-06 2.849366855538691970e-10 4.479483294724357582e-04 2.636087890791719641e-10 4.653999750660352264e-02 1.742276973619905252e-04 2.272426293771894206e-05 1.300632294923132787e-08 1.178200979288504709e-02 3.475520124362587782e-04 7.462978937796471007e-03 1.171558206150115296e-04 2.330564060557289111e-09 6.395942179106377534e-15 6.837163312838926039e-03 2.865754948790354833e-10 8.863816337177892068e-11 1.628811326163380671e-13 2.349536304331431891e-15 4.885644842220069317e-15 2.207442594466630689e-17 1.558771371894584062e-13 1.172078337572707835e-33 5.668198853665361248e-39 1.240193663692100141e-04 4.197877126231940495e-07 3.531573588186102119e-01 2.211874573217893846e-17
