1.000000000000000000e+00 1.039609805966113442e-04 1.461929392401476379e-04 7.457086058763557063e-09 6.728698780283877237e-07 6.392288745751743350e-06 1.701496831106773179e-05 1.160969010876389211e-06 6.921679069793142862e-05 4.567098696355349373e-04 5.058211237477479305e-02 2.476379025268909376e-04 2.192838474707738220e-05 3.050334162899008827e-01 2.371312849357251780e-04 4.210283646661190649e-02 1.625429411609268044e-06 2.034318758918151755e-06 1.660745376932529213e-05 2.372472206413535632e-05 2.290168619930831873e-01 2.888087562048127221e-01 1.168439685354107733e-03 1.419994172058000820e-03 2.190728361454988629e-02 4.652814980474129780e-01 1.293608607805453881e-04 1.365214569669127447e-05 6.764128653409845975e-08 1.657368491080927807e-06 9.539772384144312061e-10 4.950701485583202424e-05 1.304467005133882855e-02 3.135509788434024947e-01 3.300770256564568625e-05 3.178102546917483395e-01 1.846584414311892971e-04 3.147592512879179849e-01 3.939695798196713189e-06 2.708789763257521497e-03 2.510863555509830203e-01 1.523051825467661379e-05 2.524168265355952734e-01 4.042498727641100856e-04 1.816558295762433226e-03 5.862093969577374710e-06 3.124064133400327099e-05 2.929666997620264983e-06 4.581744383209888222e-02 1.220546372109205922e-06 4.478206653961151213e-06 3.142559439380931408e-01 2.542995553916063689e-01 5.119085120067754565e-05 3.209510668747589945e-01 6.948216858962999801e-03 3.131702425227098074e-01 6.723659604596721260e-05 2.460619004739462840e-06 8.317585575498219475e-02 2.723341509099909408e-02 6.226324817726681981e-06 7.964765039703041588e-03 3.760751211416273887e-01 6.255639037107703360e-02 5.012971300583103076e-04 2.760794002583799069e-03 3.661872218747165280e-07 1.564924684502586714e-05 2.125709156332136838e-03 4.094550866474672840e-02 3.618536500672146913e-05 5.252938451138663663e-05 1.924746567753770135e-02 1.997224460972048254e-01 5.622694016760219556e-06 1.650315560799148348e-04 1.058398415067436074e-06 5.176541269755450560e-05 5.034900998425308416e-05 3.107117535914603046e-01 3.611564740884168847e-06 1.505678977729997890e-06 2.925305453963852886e-01 2.639385918926401633e-02 1.057827328930479316e-01 2.830413069826709926e-01 7.896923766771187913e-04 9.330748996232351676e-13 4.036396821203361155e-05 4.907428943379992825e-06 7.499264485962345295e-03 1.273019587342739531e-05 3.168766393880356746e-01 2.868513617668292220e-08 2.226978101585960490e-01 1.935279347311215339e-08 3.874850528074999577e-05 1.202419829625289618e-04 2.015586196608820657e-01 1.628801727561432318e-05 8.617670801806288916e-06 8.944866387448224820e-01 1.235070103030440521e-03 9.687783508236102342e-05 7.046348981410440322e-09 2.728817475296151855e-05 1.171105140223808669e-02 1.856629241485359752e-04 5.034214703528221103e-04 2.226773085315148600e-12 6.003236895722317590e-05 1.752498817605076531e-01 1.206445504057984723e-05 8.493260896876869302e-04 5.032656446276296099e-07 7.576674403081521799e-10 2.896839582813231674e-05 1.012155355187686380e-04 4.618505188534535733e-02 7.573027327187839597e-06 1.660531638764706658e-05 1.112860474667816118e-19 3.525511983983132822e-10 3.217046648041597678e-01 1.946097019807347777e-05 2.945654605955482785e-01 7.794440519889550383e-04 3.185693280598909105e-01 3.146649751249002147e-01 3.127557407442602688e-01 2.529663041154932568e-01 5.068885603485510725e-20 4.168720850222323737e-06 9.505851431973180465e-08 4.748345421137373923e-05 2.708772958080508958e-06 6.304423218840145282e-02 2.921576325853124487e-04
1.039609805966113442e-04 1.000000000000000000e+00 7.305897377433327466e-08 2.818232802228576939e-13 5.387316237786641661e-10 5.468504594906322468e-06 9.468753140997011267e-04 1.862403036036377844e-07 2.513163148014652344e-08 3.664536295225999372e-07 2.674449023168816022e-05 5.915647923334519667e-08 2.134438489277355993e-04 1.517860469802040423e-04 7.148016164020656090e-04 7.653293120745136245e-07 1.059108833613084006e-09 1.585044683493840002e-04 1.179145576870937924e-06 1.067325156050119912e-08 1.580684517524574579e-03 7.772557931477689502e-04 1.291395863477083854e-06 7.468688626908497248e-06 1.091899172564424091e-05 1.205286087892592584e-03 1.912528340984149159e-06 4.980983206140445581e-07 2.077556635321728629e-11 7.571103970980550805e-09 8.295879124148219133e-14 3.503438760888456867e-06 1.189003393951246685e-05 1.559054954210805895e-04 2.583211047723857900e-01 1.576871041899835144e-04 4.238101918940279968e-03 1.662206353669375201e-04 8.713240550397403922e-07 7.789638535967215172e-02 1.265009309752739832e-03 2.699033911041993136e-07 1.264476892617709403e-04 3.930009905430680040e-07 1.439462143687559022e-08 3.217279039726126440e-04 3.051691139228130517e-07 4.078635257297339480e-07 6.614747851850273294e-03 2.838387166930338449e-11 1.601567448278683284e-06 1.570149949505227657e-04 1.265161118918027008e-04 6.197057792151338404e-05 2.319467748116917939e-04 9.370045485373720894e-06 1.554454904890946931e-04 2.873502406581756351e-07 3.164989067718626399e-09 1.714760880849053597e-05 8.327192082251747877e-06 3.363284013295922626e-05 2.931565578563391332e-03 2.642787680394932844e-03 3.130309695654199918e-05 3.294344000062073541e-07 6.815721651979483173e-06 1.416283565117389226e-08 1.703426453912206572e-07 1.203319980500965181e-06 2.039191158737690526e-05 1.200138978135686311e-06 8.447312994689246883e-05 3.359618797017877717e-02 1.001103523602451910e-04 1.575396860781066686e-06 8.240692066074309094e-08 1.835795058365144237e-07 4.177567940946038511e-04 1.788462476806482685e-08 1.542859871485573588e-04 1.871175825184899510e-05 3.369485467006651537e-07 6.133233760717361803e-04 3.019442870943743489e-06 4.954407645425460799e-05 1.410658126264689423e-04 2.130157135268253448e-04 5.035771459348741399e-16 7.116362373215769695e-04 7.095739542709798326e-07 1.350243734848716268e-03 5.574348138870777040e-05 1.876345842267905344e-04 3.838930667666744488e-11 1.110059814436800273e-04 1.590593961204303158e-10 3.034188378865281511e-07 4.610017222643646590e-07 1.003417369206317149e-04 6.725015292746717490e-08 9.667751177966980017e-09 1.006813442213523433e-04 4.017201251548586094e-01 2.929121224209126984e-04 9.543726845520903335e-10 3.772518068038544857e-06 3.009916026042000214e-06 1.077446650301617755e-05 6.957574439605113386e-04 3.287092671652598587e-12 1.819830860703250011e-06 9.198151305357484312e-05 1.237301661433096488e-12 2.203941691816240165e-05 9.777235335337174989e-09 8.950539650177695346e-12 8.039372934693357373e-06 6.436036210709484685e-06 2.340222540369145342e-05 5.023822062832270710e-06 6.199244049833687724e-09 1.201475112523621503e-22 3.796015873101471102e-10 3.082691630353588262e-04 4.019549423843209072e-09 1.463827626168720997e-04 4.023496288113186238e-07 3.370901507133526728e-04 1.659328973563370879e-04 1.553480309317336325e-04 1.262192815788754129e-03 3.169585485727947516e-22 3.548245271789725167e-04 1.599873141066355204e-12 5.056545891210170814e-07 5.457943765100614935e-09 1.417896900286244397e-05 9.350154815867851854e-02
1.461929392401476379e-04 7.305897377433327466e-08 1.000000000000000000e+00 4.775385551583485530e-04 9.988050240330879577e-10 3.430552552065501974e-08 7.735420750123657942e-08 4.694165691635804012e-09 6.421462004794698249e-08 1.666985909348056488e-07 6.153934376813987141e-05 1.408416276162019720e-07 1.484874116039810055e-07 4.534373023879212914e-04 1.166434476577205522e-05 7.766487562728668220e-05 1.516433559539823086e-03 1.004262301737053107e-07 2.755131017025924592e-11 3.155209505490536790e-08 2.787907125486153862e-04 3.776004014637651348e-04 7.736080084570171609e-05 4.412741493269345223e-06 2.736178307084815575e-01 1.392315726752477948e-04 7.627738525331914816e-08 3.725823336139844556e-08 5.689076761323107112e-11 7.750888357469988554e-03 9.664442317335679086e-03 7.284875297567559278e-08 1.933251814956042883e-05 4.971859216117396462e-04 2.022041303095654393e-08 4.655150768167393345e-04 3.776645381672656133e-07 4.653692015271583332e-04 1.572780704133071621e-08 1.248091787659047964e-05 3.165996668627435559e-04 9.329130181631512713e-04 4.995421185378247364e-03 7.387597419298205637e-07 1.305170162508466816e-09 6.816137619032652954e-09 2.850333912315813553e-02 2.399860756072796169e-06 3.689050632176951906e-05 5.324986952125895789e-03 4.488676959633293252e-08 4.654788486852442782e-04 3.778234107031490656e-04 3.578170997101771467e-06 4.608127674148503679e-04 5.027130001435028069e-06 4.655151689749544757e-04 1.116846856514224217e-04 5.262917784648785953e-09 4.146158404944473428e-05 2.628280215641606506e-06 6.424338124362976452e-08 7.407198492256038608e-06 1.981877971779069973e-04 9.298037333569750154e-05 6.266935985943067287e-07 1.202076671542369035e-06 1.944400889802907345e-02 4.748077023774512518e-07 4.506140373959481400e-06 1.647509519468647599e-01 1.365506997559028526e-08 4.455309331970827241e-06 9.321780922696826357e-06 2.961131319341975916e-04 1.271893766493220362e-08 9.995150353086236228e-01 3.572675926901041017e-08 1.218207923275843357e-06 2.546019823379435473e-06 4.617255676364845438e-04 3.624059569857387302e-08 6.260217855530800328e-09 5.403885002173345036e-04 1.233395304766115724e-01 1.400764095876637718e-04 4.246744309502921552e-04 1.038254236986082177e-06 3.400401047915273690e-03 5.805419080413578347e-07 1.843488424992850807e-08 9.110225207700010152e-06 1.719149194701049188e-08 4.645179856702404803e-04 1.330413317007277385e-01 3.308434272760634788e-04 2.922924268838015238e-11 5.029360179652892088e-07 2.483416034521606964e-07 1.189820414658663943e-02 9.811605716849752020e-04 1.029487681332008044e-08 2.593666837948080720e-04 3.744047248686316534e-07 9.683017120820651824e-07 3.436416941346696202e-03 3.813383260479146036e-07 3.474850552427763240e-06 7.249357996362719984e-08 6.075307949006388132e-07 1.152139319293987865e-04 3.032174369663096400e-05 1.725224684336221920e-02 1.449018413183629346e-12 1.818435649778305186e-06 4.944114005963841287e-04 1.312265244524056344e-03 9.709099941929346052e-08 6.138160177429731010e-08 6.846177768547479512e-05 1.714363403300912243e-08 7.892842233198587134e-04 7.693493980929688841e-07 5.185758637343991333e-03 4.518906038044539033e-04 5.496108692486778366e-06 4.383535756741434417e-04 9.154861114810988075e-07 4.484557689512571623e-04 4.654442050098110727e-04 4.649754599711424050e-04 5.577748408087015563e-04 3.110779022225796285e-07 9.300390569752587789e-08 2.073414821678231572e-04 7.428740477872377928e-05 5.067861909384759750e-02 1.172696345455568820e-02 9.448733154499032682e-07
7.457086058763557063e-09 2.818232802228576939e-13 4.775385551583485530e-04 1.000000000000000000e+00 1.872158005585744999e-15 2.085096066281562052e-11 1.126604559683708987e-12 2.525542517016599689e-11 6.064140008743035524e-10 3.947646108627539810e-10 1.879511412102720135e-08 1.642495438546856930e-08 1.226826573617721476e-11 8.256639675687299859e-10 1.516992123107109205e-10 1.010058052520612450e-06 9.116723065494010403e-02 2.011656321874603303e-12 8.590441684652295700e-13 2.518176524651740948e-10 5.840999994646822903e-10 8.418777793688152095e-10 1.162916945816244758e-08 1.337145094899328944e-06 1.317445558526265386e-05 3.451751552255945567e-09 3.540281183323799145e-10 1.639478972222183307e-10 3.497985211473842874e-16 2.923105009223226410e-03 8.205136386526004633e-02 1.132071993284637870e-10 3.714820776823422403e-11 9.230898522219553125e-10 1.174534764728114193e-13 8.701633786356902604e-10 2.215217197116453560e-12 8.446322192304261815e-10 1.953490373341697837e-11 3.277464641286020348e-10 6.546191514947413173e-10 3.583275831026141479e-03 2.524845766943199788e-08 8.623066998327160922e-08 1.054705142815569500e-10 3.794810832748524077e-14 4.422361911017367426e-04 9.578764942201220378e-08 1.165275987266566162e-10 5.409962556371031850e-01 1.851044189553390558e-10 8.456680709977995610e-10 6.916449040759254505e-10 2.378455047522983821e-10 8.582685165839609965e-10 1.075172058165892051e-08 8.421608808023820549e-10 1.704971850737499765e-04 1.394124102949333586e-14 7.588673388516183174e-09 3.820135951574928017e-08 2.027028796775219551e-11 1.960827368743380750e-11 2.127490643706949964e-09 1.740482542875388857e-10 1.338551817592491240e-07 7.189451719839651487e-09 4.055766885709900099e-03 4.195007055690707550e-07 4.131138891770710468e-09 5.259647408716101591e-06 7.706740547791386739e-11 2.266336908073326885e-08 3.223016085234560334e-10 5.768263613952510138e-10 4.181179656550696798e-11 4.541887935231778400e-04 1.209939523645443062e-10 2.936249904029565519e-10 3.033371009414175200e-06 8.367210971306167691e-10 9.517370768487094805e-12 2.174470698342990225e-11 1.265242934574323563e-09 9.811084459115985111e-04 2.653888611724357698e-09 7.795714360623468301e-10 3.086464454596199086e-12 1.945057219455487889e-04 2.253636869310359297e-11 1.095701406268032366e-10 2.777328320614375502e-09 3.455800705688512870e-13 8.483188751283153337e-10 2.055381563339419605e-03 6.341399843045348507e-10 9.014199617363017304e-17 1.963060575257368789e-09 6.910167427483208337e-10 8.205018184393034991e-08 4.878339377195986694e-05 4.806751433953158323e-09 4.685820741320580452e-09 4.362445469704687460e-12 1.172558639118448105e-10 1.270805596749412757e-03 1.439432086587097322e-10 2.592166915335696531e-09 4.934897647264561343e-10 3.578993411863146115e-09 2.376146801251908112e-05 1.037672375992296014e-06 2.575548032264931483e-07 1.619038129223827014e-12 1.035700177822466297e-09 3.299141375455101643e-05 2.804321010619799121e-03 4.108463028550945779e-10 2.503007597176473039e-10 1.300644540505701136e-10 4.363950039549253111e-11 3.058103854568600892e-05 7.509314826891063450e-07 1.941201831612156129e-03 8.789827148694869212e-10 9.661578565633581516e-06 8.001243007629937229e-10 2.445211101042679376e-09 8.510166637597691842e-10 8.448743676585190995e-10 8.446745319559005667e-10 1.398671554308271132e-09 2.956829270216201229e-06 1.017526287801512871e-12 6.619800492607025300e-01 4.981052666845010906e-05 2.396439104955916735e-02 1.564627712858658096e-05 8.003050246929377587e-12
6.728698780283877237e-07 5.387316237786641661e-10 9.988050240330879577e-10 1.872158005585744999e-15 1.000000000000000000e+00 2.771312822053504713e-07 8.762305910008030309e-11 4.483235380368433953e-08 3.100749278458380357e-10 5.484063092531153108e-05 2.904066109404791068e-07 6.042258830416043659e-10 3.047291232853939218e-06 2.064020065567796148e-06 2.041967661687321581e-05 1.039605348868086300e-05 2.783054207104666037e-13 1.027846821443116516e-07 1.253914910359807908e-13 1.464861525057452363e-10 1.393777030071116466e-06 1.792166589019167933e-06 3.866724819849272584e-08 5.167689612094610744e-08 1.490573861206260479e-07 6.947164230169576635e-07 9.464093171487082802e-08 1.465383417619339761e-06 2.722988073008526215e-13 6.216047048264411767e-12 8.145615682185242730e-16 5.576983720065484927e-09 9.050026226707166595e-08 2.115678526502085294e-06 4.822316157978330265e-10 2.116219293250613924e-06 9.028982464853331674e-10 2.114404367897195396e-06 1.662596179348370988e-08 7.503730502186381309e-09 1.502898114552515971e-06 4.838420973678847859e-11 1.712496943190653925e-06 1.807100045540071046e-06 2.497331975208056999e-11 7.509688558755884730e-10 1.539350738030525357e-10 3.159401291733527573e-07 1.942064182447672097e-07 2.883354874066501450e-13 1.710734901816734430e-07 2.112556549968813138e-06 1.729297085688423931e-06 2.503494781368932008e-09 2.110030378701967540e-06 7.578343862602892069e-08 2.112100752829291678e-06 2.858637183788270810e-10 1.704226628701822396e-11 2.115699373023157114e-07 3.820783281202451286e-08 1.082102875087186724e-06 3.828219218602581918e-08 1.578809696423318317e-06 4.322584120210026493e-07 5.017182871200805938e-08 5.427425434263931445e-09 1.061072411744015527e-09 6.098029239988157729e-11 1.355735204298853180e-05 2.776775146309588300e-07 1.281705879590445606e-05 1.125527900089392760e-07 4.507078896700983617e-08 1.368434626568053889e-06 2.873298073428789973e-07 1.124751213557890842e-09 1.942716872928310858e-08 9.822682065647097221e-06 1.004877654256296446e-11 2.098540858933119962e-06 2.446859410502095150e-07 5.822005934438640769e-08 5.167870077122586718e-06 3.571924724078890117e-08 6.498428262476182585e-07 1.924340588371152262e-06 5.002288477893426115e-09 1.168339209000668103e-17 4.958550312855864551e-06 1.671950441639934501e-07 3.682986128147248641e-07 1.775001051201530810e-09 2.117462856885385746e-06 1.111166217410843650e-13 1.516622913803469424e-06 1.498847224098073677e-13 2.571442539241298472e-10 5.703891894314711027e-06 1.365002842723444057e-06 1.104143831339197983e-07 2.139683012969968470e-11 1.178813086255216615e-06 2.042112892378490792e-09 6.786556121919523643e-07 5.714151213570203909e-11 4.416464778280317213e-09 1.467150782943019207e-08 8.597750887972821905e-06 1.828007258543854928e-05 7.829668603542300552e-14 2.592956535635454705e-09 1.295934213926329069e-06 6.738479035181289673e-15 1.139877789129216663e-06 4.389065877261907384e-08 1.860398314149371864e-10 2.150327041465971325e-07 3.352960629952064749e-06 3.196060985659602257e-07 1.288046720861490168e-07 2.129467217894266662e-04 8.134753123864764917e-25 5.524927222937288214e-15 2.088414627375751015e-06 4.001339056336128328e-08 1.994602981086620177e-06 4.179660989848509816e-09 2.064746181579175321e-06 2.114657081540401843e-06 2.111285419980890153e-06 3.487100679737610331e-06 3.444868809501125913e-25 1.304323973899247852e-06 1.093964743621092659e-14 2.709386822402895560e-10 1.109432497298314857e-10 1.403666083172371417e-07 6.152162375894928683e-09
6.392288745751743350e-06 5.468504594906322468e-06 3.430552552065501974e-08 2.085096066281562052e-11 2.771312822053504713e-07 1.000000000000000000e+00 5.589807896763650773e-03 3.601364385081957664e-01 2.035030940219888483e-06 4.028884430529856842e-02 3.042333050929012930e-06 1.801137531372535609e-07 4.999197284305900713e-01 3.204567387109173817e-06 7.740411195988902170e-06 1.857073542231305394e-05 1.607076469110264834e-08 2.926500653029425261e-02 1.927822013141323857e-07 5.649181728855351923e-07 3.247094155839611117e-06 3.974373310087701337e-06 2.036288019701184771e-07 2.240159492762761398e-03 1.405458858134996697e-06 1.977647286329960467e-04 1.341202207344059372e-01 3.751362853991181967e-01 2.075599672694011470e-12 6.039856274847365372e-07 2.964054815691082290e-12 2.014867399542735471e-01 3.442077330147999709e-06 3.190172973171271832e-06 1.638771923144732510e-07 3.200885032454174032e-06 1.757420236685634266e-08 3.173440811892414746e-06 3.275009097989445284e-01 4.549407609136256919e-05 3.386239604984708795e-06 1.049986228622818161e-06 4.430217471750965765e-06 1.257682817565397744e-02 1.760565139764995044e-08 1.043555611286626919e-06 4.729329942212092139e-06 1.404048500200372196e-01 9.470766952754154723e-07 4.841801607863668659e-10 3.876798255631269119e-01 3.145921231249900833e-06 2.888577536935115061e-06 3.578732951149480451e-02 3.441658356855396697e-06 1.432421140384364563e-06 3.148317118444897748e-06 2.458355432830472255e-05 8.403443798374444934e-11 2.161123283869240261e-06 3.483479746260646857e-04 6.817081836845008125e-01 4.174977084694025058e-06 1.784629493921629758e-04 8.906726716762243812e-07 1.446412835126118868e-03 2.207199260355175319e-03 2.854922340295042767e-07 8.012030204579381961e-08 3.218605102538722729e-02 2.079223882480142697e-06 9.652729532410933566e-02 9.214207674955938662e-03 1.457541356924558617e-04 2.457822795013576875e-06 4.064679270581135762e-01 3.760262128740219412e-08 2.931993035217176913e-01 4.164992805507890250e-02 3.507510064492380213e-06 3.187861880299662260e-06 7.796310959281868014e-01 3.598037827105270980e-01 1.260624754939881880e-05 3.923866896952898526e-06 2.063618706135933452e-06 3.115392805108902930e-06 9.008045503478800175e-06 4.484511447107982780e-15 5.136782169807477955e-02 2.946808609106096322e-01 2.563453452956635350e-04 4.770339694517295587e-02 3.242905218461620234e-06 8.547834274924724609e-11 2.637643670227650876e-06 4.535698708914551229e-07 1.526921092229442863e-08 7.241231201166162678e-06 4.310050838933497436e-06 3.069968378592213311e-03 3.263829508233432843e-05 6.132155220412148555e-06 1.839334400063398689e-06 1.657746972324064538e-02 4.495566180954019800e-07 6.443105317219124939e-02 1.939287670553282095e-06 8.012373517845432225e-02 4.709790601570575802e-02 1.141057255050130620e-10 4.159490508213971350e-07 4.826968753695509083e-06 1.438346876707970646e-11 3.599191756096985217e-02 3.648098297287255152e-04 3.178923454458795789e-08 6.584027420956418686e-01 2.430374312659117908e-01 8.660927585179218367e-07 5.524167725552076025e-01 3.006189586794980308e-05 3.523762109130803545e-21 7.713827666814127611e-11 3.553143811450423023e-06 4.790632805311177515e-03 3.165082608672351461e-06 3.003622145358178838e-08 3.568147310677796686e-06 3.171345570373635500e-06 3.178317715406025366e-06 6.012493439294991985e-06 4.460762003228903630e-21 1.141926511387217208e-01 2.422832051290693574e-10 2.447393775126072233e-03 9.380284286329066491e-08 7.895316133048109356e-05 5.197333685664327404e-07
1.701496831106773179e-05 9.468753140997011267e-04 7.735420750123657942e-08 1.126604559683708987e-12 8.762305910008030309e-11 5.589807896763650773e-03 1.000000000000000000e+00 2.397207237036086392e-04 1.923235648823046030e-06 3.940745570366372026e-04 4.217232094816843462e-05 2.377889315666656245e-07 1.068663582812725762e-02 3.677066933706725293e-05 1.087180290360182034e-04 2.292031700026787672e-07 2.024314114482025126e-09 1.002868467829783061e-01 2.698165814143525685e-09 8.103248014888801709e-07 1.434782593341566315e-04 1.018979513373660114e-04 1.883074026949403476e-06 4.680699218244107436e-04 5.958059091846541365e-06 3.231988103386841931e-04 8.970086673379162922e-04 6.686835899017823642e-04 1.221439681518034047e-10 4.314093918939585780e-06 7.320848705764220931e-13 1.976297678946529329e-03 2.308618003389372245e-04 3.325690660820307642e-05 8.487428633145477656e-05 3.337051210293627649e-05 5.023866100598316692e-05 3.445733107277292143e-05 1.266518860108996726e-03 1.792167886061233608e-03 1.272801796940096868e-04 2.556484603973877985e-07 3.554966707808008582e-05 1.168592323969048753e-04 6.913493223110683573e-10 7.038209980340117376e-03 7.562486335152379424e-07 1.629090685680575446e-04 2.260485075730850042e-04 5.423111153638742472e-11 7.770262847027472686e-04 3.311250717948062097e-05 3.878009031591465714e-05 1.380619028569551052e-03 4.459337737037116951e-05 7.093377084362855379e-06 3.335848045368221829e-05 3.082559615429185740e-07 8.421242407851154289e-09 1.436608457628999987e-05 1.161384402913306213e-04 6.939794761529816634e-03 5.898365297470933551e-04 4.130145495680012007e-04 1.851272388574376856e-05 1.475925798657013802e-05 7.333930716748177092e-04 1.879950782395906562e-07 3.165701576776075863e-07 8.200736779847961734e-04 9.881941349166005072e-06 2.867236095754800576e-04 4.841099598916677070e-04 2.717255640785135734e-02 3.672144023165511517e-05 8.660945251229211451e-04 8.598127504919804172e-08 3.944266476331286788e-04 9.416323283775117868e-04 1.006872944405193643e-07 3.513610423064446423e-05 7.979634976717641867e-03 5.365403331237574838e-04 8.120694834067715417e-05 3.580278385960341491e-06 3.234375978039520655e-05 3.874962462627470563e-05 3.488628159032859818e-04 2.223920123679158548e-15 1.829441531812948246e-02 3.355952286762281826e-04 3.258009292183644220e-04 5.072147646867639775e-02 3.749548469574995920e-05 2.146931575439237439e-10 3.786443351598748719e-05 4.573634877778417910e-04 2.284958445992719191e-07 6.774821705302200586e-07 3.122851783703584506e-05 3.479462316462385109e-06 1.313524220289240133e-04 1.974459665374296590e-05 4.332139005641360142e-04 1.175920134408528842e-02 2.510217935673608789e-09 1.895030496241699447e-04 1.957375142009216488e-05 7.297230693331693526e-04 4.045960717114705971e-04 6.435002372816778046e-13 1.692112867218118025e-06 3.180800420258152455e-05 1.617849106093453501e-13 6.952310127443959639e-03 1.159219736287042415e-07 3.911588397116358418e-11 3.770347662719074778e-03 4.570927784315762313e-04 1.772760945987105396e-05 1.114968169953545630e-03 1.212442039235011615e-08 9.357596197104795188e-22 3.849018531060662166e-11 5.311352297025679232e-05 4.276875898334554405e-06 3.797286831664392387e-05 5.321995248918881409e-07 5.722368108795647081e-05 3.440867165710477093e-05 3.416655000762948565e-05 1.414601623722033742e-04 3.035807371833662822e-21 8.680484245995177817e-03 6.280796281918250186e-12 3.327787661489631373e-05 2.235267187372079753e-08 4.999426393251043909e-05 2.871789444541608411e-04
1.160969010876389211e-06 1.862403036036377844e-07 4.694165691635804012e-09 2.525542517016599689e-11 4.483235380368433953e-08 3.601364385081957664e-01 2.397207237036086392e-04 1.000000000000000000e+00 1.312490441245907515e-06 2.744995934845322408e-02 5.820218057127735692e-07 6.032525718586578534e-07 1.554627405583086930e-01 3.947211275946828158e-07 7.005521507325888171e-07 6.417824666297426405e-06 5.090379645233063353e-08 5.176478891214198125e-04 3.104018028703100071e-08 2.130760421719106986e-07 3.636165674634033184e-07 4.607261901669532843e-07 4.820603052211513008e-08 4.257577217569816566e-03 1.815511514655820099e-07 5.992262868737287230e-05 4.208036731140576414e-01 6.210083097247641737e-01 6.221656674005661924e-13 8.125623717855169574e-08 8.279592361133136963e-13 4.387803595719955707e-01 3.152569421633829179e-07 3.804011915669278047e-07 8.332758879383689701e-09 3.831960286881736994e-07 1.560740617399577006e-09 3.773904201042345590e-07 7.875079485992395600e-01 1.499783713071483780e-05 3.818793011276711399e-07 1.989000896060855721e-06 5.451579021727581455e-07 3.651124013777137106e-02 7.065512060081591453e-09 2.653606318179299419e-08 8.647548985605402324e-06 2.345929756145497258e-01 1.024779972492548123e-07 2.365007301941634902e-10 7.660790286756438139e-01 3.747994234032354534e-07 3.773790040890131524e-07 3.651472137575474675e-02 4.052339421811432258e-07 7.353348976184853893e-07 3.763136365624933718e-07 1.958643079599367337e-04 1.972203819658922860e-11 6.673205361193160336e-07 5.692667780621749312e-04 1.784215266492297225e-01 4.417395433427528021e-07 4.097623076572510050e-05 1.370937962918302708e-07 1.087061915930306009e-02 6.134786155202878039e-03 8.362141696503533564e-08 2.395634359872582745e-08 7.673754715832223870e-03 2.658306689322492593e-07 1.924657457483335832e-01 6.053364238118168726e-03 8.823358241586347245e-06 3.371544889811906835e-07 8.222371236293920527e-01 5.131607507253851870e-09 8.011493690064893647e-01 9.966626848356014909e-03 1.104067550728776492e-04 3.868094305549247988e-07 2.306218077760605056e-01 9.265231775335043274e-01 1.477879190052415851e-06 1.168743724901244887e-06 3.613073142486764803e-07 3.961230508502593245e-07 1.001046033273862524e-06 7.033790621964566519e-16 1.734193024494698129e-03 8.978824541654749636e-01 4.046716822772235169e-05 8.471548674852081521e-04 3.846252095334490767e-07 1.181776055710074197e-11 3.551558813791942033e-07 1.245008244711258177e-08 4.322466721282781079e-09 1.095246984390491636e-05 5.308342254869501584e-07 4.876935624855712956e-03 2.000872984023822822e-05 9.867347623703440975e-07 1.102617993121120373e-07 9.119705554414316842e-04 2.350114342808090230e-07 1.563053112761461916e-01 5.862732678745750844e-07 1.365004161700972551e-01 8.155904029103313788e-03 1.543164930762639601e-11 9.306072085494830344e-08 6.345312658548651840e-07 9.707926059467073585e-12 6.398093650675533949e-03 9.047332152144290816e-04 1.213841694776601575e-08 5.817966059149245472e-01 4.260184930498888550e-02 1.370148586862531244e-07 7.838067927391043632e-01 1.722435796499609145e-05 5.794982214972768066e-22 8.232502822335622090e-12 4.186167192537821705e-07 1.898774040876822014e-02 3.967176237518160958e-07 1.035901789819393987e-08 4.202017779352406866e-07 3.771649666633483322e-07 3.823819302800378538e-07 6.818839559165520270e-07 8.455073909702776033e-22 4.925875856134556176e-03 5.017455717633197958e-10 1.251190911242447065e-02 2.353120894645638838e-08 5.834452854802307315e-05 3.472034637524993596e-08
6.921679069793142862e-05 2.513163148014652344e-08 6.421462004794698249e-08 6.064140008743035524e-10 3.100749278458380357e-10 2.035030940219888483e-06 1.923235648823046030e-06 1.312490441245907515e-06 1.000000000000000000e+00 4.855272768454778152e-06 1.490057674688782807e-02 1.298288737818430183e-02 2.243281420004897674e-06 2.059597063567305370e-04 1.866940034161102045e-07 3.703307984989627905e-06 7.239978755331661779e-09 5.231782262545682620e-07 5.467358879809075163e-11 8.464061559355691156e-01 8.347876056578736818e-05 1.369043641727216577e-04 2.135959275453530419e-03 3.548946371524647615e-04 9.554314809575706254e-06 4.485840972935684111e-04 4.730214851695605969e-05 3.369379261570482122e-06 8.620924516864168751e-07 6.055075825362953542e-07 3.637538586572315994e-12 6.249165172377635772e-06 3.761336661309004517e-04 1.366654762865233031e-04 5.411674369549737483e-09 1.389390726280746757e-04 5.592896402388375411e-08 1.360850030774459678e-04 2.371668191052621085e-06 6.707060217342817652e-06 9.340809580739710166e-05 5.651904333285789667e-05 1.206313949888013009e-04 8.559615400463609558e-05 1.346760170327434216e-09 2.328330680049568894e-09 4.110001892615836910e-07 1.573738945295672937e-05 1.363018506416900297e-05 1.352190025607119870e-08 1.701834305692277938e-05 1.361667332484415216e-04 3.710483516859293092e-04 3.819601114015479617e-05 1.357239374828303263e-04 2.164964032943615321e-02 1.425854102593572255e-04 6.676720196441149691e-08 9.567385373548458347e-06 7.250467445563175788e-03 5.129343008118462249e-03 5.647022882205841808e-06 7.924179649457966464e-05 3.225172129172169814e-04 7.818509133753757164e-04 3.950992572437111885e-06 6.188707809818816061e-03 1.414469593969255711e-08 3.385405647075458505e-03 8.419554529544953411e-06 1.784190077792307107e-05 1.045609638467435866e-05 4.678614323955343664e-03 4.399284817215063872e-05 5.423383011157461176e-04 2.373008592774404762e-06 7.204641081940618722e-08 5.327615344416989028e-07 1.671759212102269407e-05 4.541828565662883156e-07 1.718940352022125552e-04 2.800058891532808018e-06 1.509047473456056325e-06 1.676826918168976852e-04 1.008834983380159296e-04 3.935709826932081747e-03 2.879102751060887882e-04 2.432080407826903146e-04 5.291800900959956314e-16 2.118057305209955791e-05 4.320065691292262469e-06 6.348421582957166677e-05 2.125992823034818524e-06 1.359542951567779855e-04 1.962080848785691815e-11 4.735085674350203379e-04 6.573207160724592489e-10 4.610200055295874712e-03 3.001210642422131366e-03 8.771816622988344440e-05 3.215587198276194267e-06 3.568048491361450972e-03 9.963543599523822132e-05 1.667625114717428193e-07 7.199981155333968824e-04 1.258125734605394732e-09 1.724073867202365471e-05 8.108847578690759131e-03 1.364166766708460815e-04 4.891572654693909725e-06 3.920541033562737608e-14 2.952057213829671969e-03 1.379909001546304119e-04 1.978946096759172129e-12 4.207163707249042816e-05 1.502806281338189978e-07 5.846369525673536776e-10 1.344349330864316820e-05 2.630046573662268465e-06 1.020043982828478749e-03 2.589474645891881410e-06 1.314284028236225876e-08 8.684612281969345744e-23 6.812081532448350109e-12 1.366314817267483218e-04 1.830588134690602276e-04 2.484868919377267128e-04 2.091141533148569223e-02 1.383819874105120804e-04 1.360865365267693806e-04 1.539499540803848318e-04 1.028147191977959036e-04 9.327389057903564750e-22 1.322075363840187338e-06 4.875051839531670149e-09 2.044905005755606528e-05 5.964368699674042644e-06 2.790966697637159172e-03 1.573264208588125321e-07
4.567098696355349373e-04 3.664536295225999372e-07 1.666985909348056488e-07 3.947646108627539810e-10 5.484063092531153108e-05 4.028884430529856842e-02 3.940745570366372026e-04 2.744995934845322408e-02 4.855272768454778152e-06 1.000000000000000000e+00 1.158486973414849506e-04 1.151168158402479387e-05 2.501423299651767823e-02 8.455022767604847386e-05 1.665114920945170367e-04 2.970304721366542455e-03 2.991074717796830489e-07 1.286826907771531801e-03 5.733491983983144092e-08 1.027629200508644510e-06 8.775244344073195198e-05 1.014132949180946650e-04 4.260797857861175954e-06 3.734250556229510437e-02 1.353447099898552687e-05 1.241103642113028024e-03 8.856031978411377237e-02 2.174490404335609472e-01 1.317688497576348360e-10 1.636826486290588296e-06 1.698186178852872180e-11 2.633793730404727571e-02 8.891628341456853405e-05 8.139258132442302965e-05 9.998993754185456702e-08 8.267571740251490674e-05 3.992658679094354433e-07 8.163249483045782544e-05 2.447283791576791365e-02 3.640291253810541792e-05 9.061753468765939938e-05 1.577274417920637328e-06 8.587716908019318331e-05 2.230454672587157683e-01 5.333311251888458452e-06 2.070401566805141742e-05 4.588371904497703559e-06 1.366796093182984402e-02 2.943346619913286412e-05 1.291540042159317974e-08 2.654909592862552889e-02 8.094063661307210735e-05 7.992292472852065678e-05 2.916025230795175438e-04 8.908210565957277798e-05 5.247086128186266731e-05 8.113028569915464586e-05 1.784927390928045207e-04 3.490935331821826446e-09 1.261387876757782034e-04 8.226036948223798898e-03 1.868492151111950800e-02 2.205031106500530098e-05 8.251351130193023114e-04 2.809862793839442186e-05 4.051373812798506752e-02 6.476378631464021346e-03 1.364101423423401879e-06 5.276858481949602589e-07 3.344041449144631861e-01 2.264425979613025211e-05 2.157025885858916692e-01 4.431903744367277076e-04 5.554120432349594775e-04 7.034163917899703960e-05 7.040717711642678622e-02 1.851507069397718122e-07 2.035869817685630884e-02 3.700006198347264436e-03 7.943134994122602675e-05 8.312667876848316866e-05 1.350042090609485448e-02 3.472189452571072116e-02 1.582094617811021561e-04 7.209999973528696164e-05 7.633206813557381638e-05 8.414895919150345443e-05 9.313947927561878236e-06 5.316391081872208513e-15 2.645458804138941470e-03 4.479546041305730586e-02 7.472589206286766933e-04 5.721724428646913401e-04 8.358925075257968599e-05 2.396865392724598784e-10 7.476354299235993999e-05 3.861192788913885098e-06 1.347819475802292041e-07 1.607328954195455766e-04 7.419483418105219763e-05 1.172810190072001366e-03 2.390424508572445701e-04 3.232793640589091510e-04 1.720105564666110009e-06 1.289352283183483076e-03 4.604506126701678293e-08 1.130796642888596193e-03 1.105731430298428658e-04 1.411741670753146050e-01 1.637848449659771305e-02 2.818718315723014911e-12 1.361999735789483449e-06 8.203785823142226369e-05 2.293981068014677838e-08 8.344449228771293192e-02 5.804495491618090025e-05 8.333595034536668591e-09 7.818578859427734173e-02 5.761848436211414182e-02 2.449841549157231847e-05 3.352036445786730351e-02 7.662261612579366428e-04 1.133179296235110767e-21 3.659657871976052816e-12 9.247197519799905724e-05 1.130158953090432128e-02 8.465835662917157588e-05 1.827360667047781562e-06 9.310360923861226996e-05 8.158549132826352801e-05 8.226768504944813418e-05 1.479861946939207236e-04 1.455657103963532707e-21 8.671049783709382447e-04 7.833721197541802526e-09 1.210986897400317085e-03 1.056986845598575480e-07 7.298679695709172971e-04 1.232002280048763719e-06
5.058211237477479305e-02 2.674449023168816022e-05 6.153934376813987141e-05 1.879511412102720135e-08 2.904066109404791068e-07 3.042333050929012930e-06 4.217232094816843462e-05 5.820218057127735692e-07 1.490057674688782807e-02 1.158486973414849506e-04 1.000000000000000000e+00 5.064821246210456096e-02 9.428662420569579346e-06 1.623334345103727983e-01 6.936002099172666746e-05 9.614199221237763491e-04 3.991440261152847366e-07 4.995441275137795713e-06 1.358510379635004128e-08 8.526248223186106909e-03 7.992533485781116998e-02 1.148677710796173895e-01 5.908141304003158151e-02 5.005470801817252062e-03 9.175888875828184382e-03 5.069888539692172374e-02 6.497061475107816417e-05 7.023542182719213650e-06 6.167459919643098551e-06 6.000585286491852524e-05 6.987501754614448195e-10 7.996346747830084087e-06 8.174284271866880114e-02 1.311545599568243459e-01 4.922188355065386993e-06 1.323870906389697233e-01 4.430647787663732185e-05 1.308994874437079126e-01 1.596104898398914016e-06 7.179605824541443948e-04 8.947202987949087749e-02 7.228396713427266045e-04 1.112508897075693559e-01 4.494207019866569173e-04 5.926961412746605289e-07 4.521988450788946284e-06 2.023451986230802378e-05 8.125683652406586369e-06 1.193620611742349062e-02 1.006726641620593307e-06 7.446548279475535404e-06 1.309426714334535613e-01 2.065159714851927675e-01 3.655591683776613293e-05 1.305488760827825112e-01 3.613361403329892751e-01 1.342883134212274898e-01 4.263538998376687554e-06 1.461416558554244627e-04 4.543853650723759796e-01 5.070998360193239990e-02 5.189525164380888107e-06 2.407587618576794916e-03 6.730525225290460989e-02 1.649932609427042229e-01 1.473884795282781482e-04 1.357873436199224029e-02 1.359105008817287051e-06 1.296110429650271061e-02 1.131465477915568566e-04 1.713828886260456916e-02 6.045740562970112038e-05 2.260257166073010270e-03 9.665850142854535629e-03 2.280284243092189911e-01 3.556653774643155505e-06 6.920139152033116033e-05 4.227310068065184322e-07 1.825953279955529481e-05 9.510274118223812099e-06 1.482500018451043400e-01 2.587973205079124033e-06 1.077479449234603295e-06 1.307401766732441128e-01 1.540286006331084701e-02 5.861563950625295893e-01 1.885141897564186486e-01 2.802622956075838563e-04 4.507005505278872420e-13 8.245085896369503775e-05 3.231904329204600235e-06 3.713967932172605041e-04 6.627806364835569303e-06 1.307220162640490846e-01 1.330345492332391859e-08 2.228392345814399489e-01 4.682553480111124353e-07 2.576941918430544418e-02 2.273188436782899030e-02 8.429934035846604889e-02 8.890889622489173087e-06 3.035309643296513205e-03 8.084579279671703922e-02 1.346644958901309298e-04 4.073654063514472014e-04 7.248885699826131652e-09 7.584527299517581180e-06 1.298585757710426780e-01 5.560397363172545982e-04 1.369298392314166092e-04 3.468471851935499559e-12 2.861957255739659353e-02 1.038482802488759904e-01 7.120069846417473690e-10 1.100291975156342462e-04 4.244476045799790856e-07 3.931647964231373122e-09 1.384762937790601644e-05 1.329447287703592787e-05 1.450395683513369671e-01 3.082149312344365738e-06 3.878876085694506667e-06 6.351578951805849126e-20 1.516440187126730453e-09 1.293533604412051286e-01 3.961786768769176754e-05 1.770814911238193234e-01 2.099192866752683517e-01 1.298254858536123102e-01 1.309057863963234980e-01 1.399495281293346993e-01 9.274664284681130577e-02 1.957762397881546468e-19 4.152003983028074865e-06 1.185636081038626071e-07 4.431207772830833287e-05 4.871137492620232983e-05 7.483396480292499320e-02 9.218800844700156749e-05
