1.000000000000000000e+00 6.198750223279593241e-01 6.175313290936607080e-01 2.763575378502953206e-01 4.466975067392544019e-01 4.550972286900391017e-01 5.003661507918506501e-01 4.428435798229284348e-01 4.406562880297100193e-01 5.482131107385989077e-01 7.577936164904077732e-01 4.834518089236887750e-01 4.832707140585723593e-01 8.875561241710313576e-01 4.541995630980645848e-01 3.729215404427700942e-01 4.023673667945549814e-01 3.881265109935558844e-01 4.071304847365712631e-01 4.090859884896212439e-01 9.098830266023083535e-01 9.191806177901793440e-01 3.351849995237299318e-01 6.455211672343426077e-01 7.376399282874407382e-01 9.182144522829821520e-01 6.106330885812233378e-01 4.963857130240970639e-01 4.083942351687124273e-01 3.347046186197356055e-01 2.493451478638040730e-01 5.562570423976653800e-01 6.024232949331955744e-01 8.918571713485549113e-01 5.413037957018268509e-01 8.921654792802421463e-01 6.398581499905920955e-01 8.943058432084034504e-01 4.896458432093227509e-01 6.214133407954882671e-01 9.194133482635926669e-01 3.031209854173687046e-01 8.723988639650238630e-01 5.251872426820970441e-01 5.456529724150884775e-01 5.911082390886579496e-01 4.891261626898331105e-01 4.480817269799324820e-01 9.220137273711590531e-01 3.536632415260516638e-01 4.593806102690480286e-01 8.894700966979975920e-01 8.686520799359158662e-01 4.738996396063388516e-01 9.041978011326192721e-01 5.870043047295281369e-01 8.897426954877709626e-01 4.818521561948508336e-01 4.364394485740474283e-01 7.447379544429785225e-01 7.485297567010271713e-01 4.212184428834258032e-01 6.487717608696716987e-01 8.994736317496233591e-01 7.517353286022772085e-01 5.805998097977319583e-01 6.897014400023898650e-01 3.252420807236983680e-01 3.418759247541451884e-01 4.863874479406274376e-01 7.790618270073064178e-01 4.728967310484755160e-01 3.634643313070650139e-01 8.236498025091643083e-01 8.409341187888773606e-01 4.990152363823389670e-01 5.655087535942071586e-01 4.573059645462888567e-01 4.131377877195389625e-01 4.770857855922863711e-01 8.771805743283997980e-01 4.164677273486317444e-01 4.638074174230149560e-01 8.687642396301460401e-01 7.739504320383592262e-01 7.908586449875701918e-01 8.639754452258723294e-01 5.675608250900625595e-01 3.965180074232175222e-01 3.880015812904461514e-01 4.809435295915544528e-01 6.147121289304717795e-01 2.587371350338963372e-01 8.950553214842457139e-01 3.969453458862610695e-01 8.581919082819129407e-01 2.834587740727023686e-01 2.102917602573117772e-01 2.898858813867621897e-01 8.568466940023383716e-01 4.403259767838108574e-01 4.713544608838708960e-01 9.646490600038544194e-01 6.196671849912643859e-01 3.716514573499422602e-01 3.176999966218853610e-01 4.898251476569970286e-01 6.295500963926079496e-01 5.502504456463832572e-01 5.005708106861187501e-01 2.004338457695864495e-01 2.728697615239532026e-01 8.772222178167589091e-01 5.184991171435907598e-01 5.760590694719773808e-01 3.588562713445767605e-01 2.366728720254061002e-01 5.200643025810096631e-01 4.707280843152595318e-01 8.186391848886436229e-01 5.008354942845584246e-01 3.515471621383022827e-01 1.759755321875419720e-01 1.622324774218898147e-01 9.084863671462125589e-01 4.548792340704145842e-01 8.825911258831716788e-01 4.816733541871490165e-01 9.100457496390766954e-01 8.943943545977417475e-01 8.893750911410317483e-01 8.887250890817971483e-01 1.483612240335775989e-01 3.437346363105738267e-01 2.884146859053170475e-01 5.269139082797680285e-01 3.105089130498803196e-01 7.615614182070425953e-01 6.025201666840322989e-01
6.198750223279593241e-01 1.000000000000000000e+00 4.394300641579826361e-01 2.243432956828352032e-01 3.634987786104396101e-01 4.617733679324721452e-01 6.500612481948371268e-01 3.615101380163288081e-01 2.686414169505340621e-01 3.143199021621211897e-01 4.492824548655363626e-01 2.440435986830893356e-01 5.325975882470660450e-01 5.119281271959184032e-01 4.394174079330489535e-01 1.935238657308311072e-01 3.101520331171958023e-01 5.649187929289626320e-01 4.857505066307689634e-01 2.647517794435054750e-01 6.356428164895163713e-01 5.841464775465680104e-01 2.865329950107129986e-01 4.835711166691439855e-01 4.788211901524259684e-01 6.735821791701600558e-01 4.113371181306024749e-01 3.747805265981992151e-01 3.274456481043355738e-01 3.508671425249292875e-01 2.383043854595941202e-01 4.412595653060286671e-01 3.916118105190700138e-01 5.050944262467418344e-01 7.504172900000258828e-01 5.115042660279431885e-01 7.551307149856424372e-01 5.116360216918039994e-01 3.894485540485485564e-01 7.551668406380477316e-01 6.261104883626185114e-01 2.348216634713026219e-01 5.378277935537011389e-01 3.308529065855850826e-01 4.812865274539420701e-01 7.426122026636755580e-01 4.170373602452157047e-01 3.792529040464291956e-01 7.194736275161379702e-01 2.351755799852445206e-01 3.830148967749514854e-01 5.070646523981033882e-01 5.126948906846313658e-01 3.870274456264767293e-01 5.280085416063566850e-01 3.744232365813309205e-01 5.130258850211298904e-01 4.189660870769990608e-01 4.164196367414607636e-01 4.366545228868218276e-01 4.484971473786139584e-01 4.616207857299146622e-01 5.488176042538973620e-01 6.532922865213925956e-01 5.097276255118515786e-01 3.495119531705765947e-01 4.047987595779193870e-01 2.551666726226383686e-01 2.861506696697956320e-01 3.137967414577193526e-01 4.922518434583816327e-01 3.123096860491395010e-01 3.344292725640062858e-01 8.396617544772664310e-01 4.975383390105641013e-01 3.971602547540354355e-01 4.277650549067544272e-01 3.618824976400812354e-01 4.573383295924197678e-01 3.091811276603150249e-01 4.997324688024903927e-01 4.345147314348793977e-01 3.769896976818462586e-01 5.475884978254169644e-01 4.437069828685734074e-01 4.577364500899295807e-01 5.090215702264634379e-01 4.653744737559687428e-01 3.372600102116229959e-01 4.732907072733593679e-01 3.799976763035959881e-01 6.422563844833487634e-01 2.903041181425543571e-01 5.263217736976166794e-01 3.474709666826417687e-01 5.131360204845267781e-01 2.411580608130458880e-01 1.903636122049240098e-01 2.209190989127123583e-01 5.155064427476678812e-01 3.321126045918066372e-01 2.550962083490758148e-01 5.761645407582584033e-01 7.957538081010306907e-01 4.197046293325829569e-01 2.979625234029367187e-01 3.542573286490658946e-01 5.014132064635461461e-01 3.869883323533944708e-01 5.527511134645204383e-01 2.647564370158397851e-01 2.337974270262468679e-01 5.316449170522522527e-01 3.573880063652795092e-01 5.492194867682651527e-01 2.940975904415729647e-01 2.015463862128655803e-01 4.630865906565166945e-01 4.477497209861377447e-01 4.800049187511397086e-01 4.540286369652333787e-01 1.963133278705720686e-01 1.795785533245974619e-01 2.370580459057323452e-01 5.429252754133067072e-01 2.687126011007494042e-01 5.056252423903750959e-01 3.220440477149216774e-01 5.432305052771845277e-01 5.181348460852875926e-01 5.075859468735605118e-01 6.062495644009001650e-01 1.798980386284944610e-01 4.593843220662046090e-01 1.815094676579935840e-01 4.098212596530105833e-01 2.283260349909077835e-01 4.094429492108763169e-01 8.474074996514220359e-01
6.175313290936607080e-01 4.394300641579826361e-01 1.000000000000000000e+00 5.138484729376041615e-01 3.335572657964496757e-01 3.180106201403335442e-01 3.218245020471159346e-01 3.191379159001294097e-01 2.665473734421943686e-01 2.842313811672118051e-01 6.115318564786811351e-01 4.645372479651548869e-01 3.144601171893657843e-01 7.067274908229718156e-01 2.394914124876111050e-01 2.701107865268181363e-01 5.285058748450190969e-01 2.816215006172076984e-01 2.122368208595003802e-01 2.765009665547578654e-01 7.009791414081922856e-01 6.792243815422313036e-01 3.968784438893923072e-01 5.529726264917329548e-01 9.601485811970976725e-01 5.722212077681559927e-01 4.304274082871513141e-01 3.352490838042687105e-01 3.536087029248706215e-01 6.311737406977877551e-01 5.763430648945495616e-01 3.315862115812471256e-01 5.099858716575976780e-01 7.000363244633633908e-01 2.723559134607086984e-01 6.972880611198688516e-01 4.804667664866016374e-01 6.968085552109878344e-01 3.184740012434283396e-01 3.911409762905720955e-01 6.906425684910328933e-01 5.149254428074788725e-01 7.954838359666626113e-01 4.559539723859978300e-01 2.394275428027282382e-01 3.772134646369008637e-01 7.850905378453051364e-01 4.164643230126916507e-01 5.645803203186601227e-01 4.836613811524800299e-01 3.531025748522630403e-01 6.990414534697325655e-01 7.172874073418140650e-01 3.234275510689294530e-01 6.993355230691737923e-01 5.295654031423452368e-01 7.016604540461962580e-01 5.329365737719755636e-01 4.009815833696139253e-01 5.672077904851241525e-01 5.246111546379506052e-01 2.799952415938017358e-01 3.452120090698028720e-01 6.185280738680252188e-01 6.728777280049578202e-01 4.714050728160419368e-01 4.624549269246811534e-01 4.671412064643824524e-01 3.499362887049968229e-01 1.987957546398182174e-01 9.326709242668519417e-01 3.281861240863165885e-01 3.710410242984778506e-01 5.009468692478799001e-01 6.676461311743736582e-01 3.438095988374362255e-01 9.865241588408738549e-01 3.425324443442356870e-01 2.456021001483563171e-01 4.425958549269003450e-01 7.096202723035205384e-01 2.733242598484919572e-01 3.426024907482328463e-01 7.052458114829960323e-01 7.619424815290869457e-01 6.348646921172091950e-01 7.067628827896873522e-01 2.422537724459702113e-01 8.601323488608513257e-01 2.334057573961367260e-01 3.458121320756009642e-01 2.973612052754120993e-01 1.368410246641603711e-01 7.037978265623475727e-01 7.751781782619079353e-01 6.931531897328312430e-01 2.815894077417379071e-01 2.572171497736662760e-01 3.656858264825476601e-01 8.259988174268609873e-01 5.434125494446763183e-01 4.244195339171348280e-01 6.560091620790239331e-01 3.094534896528817747e-01 2.468822506330297095e-01 5.536607762301292146e-01 3.463970563292666505e-01 5.258536141989585966e-01 4.187630986040718484e-01 3.494392798372971676e-01 4.009701295362812501e-01 3.463416253372117448e-01 8.065608762592361147e-01 2.113498215221695786e-01 2.725845036127412246e-01 5.462336285840952987e-01 4.543683100799461583e-01 3.620117750803192314e-01 2.929137358857796802e-01 6.393353251953421967e-01 3.418705123153832903e-01 4.331549466748465527e-01 6.483825758761617708e-01 4.532308238969571801e-01 6.954542838543950056e-01 3.886660693122800381e-01 7.119487606259503609e-01 4.070784526599268149e-01 6.972532622407688896e-01 7.050185258301426838e-01 7.061297136629770543e-01 6.770118387266017557e-01 5.199995192908702935e-01 2.440002807762014225e-01 4.255719141848583464e-01 5.309498093381782580e-01 5.249549040931337229e-01 6.850068504027061467e-01 4.218553924261285171e-01
2.763575378502953206e-01 2.243432956828352032e-01 5.138484729376041615e-01 1.000000000000000000e+00 8.724042263003284337e-02 1.455523510559810496e-01 1.438649171044219799e-01 1.591680622679736146e-01 1.964752196682256202e-01 1.151232899157965256e-01 3.198192988508039569e-01 3.831729533198711679e-01 1.275144985041512247e-01 2.362655897329585808e-01 6.756802892911918657e-02 1.415461876701681332e-01 8.642206233335920640e-01 9.999707180773474702e-02 1.588533441599060680e-01 1.952422167132881747e-01 2.627787754289469535e-01 2.529346379405695844e-01 1.351537834670737126e-01 4.258720426269888004e-01 4.154422650497193725e-01 2.467041459456962016e-01 2.476025540812194226e-01 1.479556967588731842e-01 1.639606868577710153e-01 5.978475032064006767e-01 7.143130772033959852e-01 1.665294767416656829e-01 2.124895123428054977e-01 2.314854569691890129e-01 1.344720044027217232e-01 2.284262004691520742e-01 2.249848777517773069e-01 2.296505811835123922e-01 1.485429998429250165e-01 1.835651177104148379e-01 2.460541965910445217e-01 6.205673161611207078e-01 2.831137145105125374e-01 3.003902075696687213e-01 1.424133636759084276e-01 1.452313036795896128e-01 5.905131142230646280e-01 2.331885566679452182e-01 2.363065534781923216e-01 8.996019117578966107e-01 1.786514047177146514e-01 2.297576642041148642e-01 2.500141509975427057e-01 1.132294794215529254e-01 2.347331571773198511e-01 3.108430904218184021e-01 2.280005168395580206e-01 6.875580114729658021e-01 1.635234520208187214e-01 2.801874766044281651e-01 3.731781571264470854e-01 1.235254653064524200e-01 1.711465796652487659e-01 2.606402583964673725e-01 2.415871034827027919e-01 4.230397399115609081e-01 3.384882454368851601e-01 2.796382151462613597e-01 2.272624682511691918e-01 6.187787833001729548e-02 3.902575515471247147e-01 1.671300540733309248e-01 1.792088443923694208e-01 2.590619681568354649e-01 2.275850146877841373e-01 1.682785790781915203e-01 5.018584000821690871e-01 1.646425756134748120e-01 1.169234611115787525e-01 6.271915325262644725e-01 2.333532483347509068e-01 1.174358745090738759e-01 1.727884846929798046e-01 2.313734017261974696e-01 4.799392095994917118e-01 2.869760910918370822e-01 2.316965746822869376e-01 9.256815258414637093e-02 4.460125618459765962e-01 9.188177816206598292e-02 1.716241425680390953e-01 1.729839315794782506e-01 4.634366102556337214e-02 2.321566450801888504e-01 5.384327460507135621e-01 2.485119039290930310e-01 1.129578767932315903e-01 1.394179582980714094e-01 1.427777244545605506e-01 3.028730295622656388e-01 2.759412395563723419e-01 3.844778489443732572e-01 2.485608776722895152e-01 1.572023478532235397e-01 1.345054184014182197e-01 3.685893549662117574e-01 1.510634872761359715e-01 2.905080768744101039e-01 2.195549984837692759e-01 1.978690143495009102e-01 2.022634468220804727e-01 1.737712350713760123e-01 3.052389778402844756e-01 1.646900620173115115e-01 1.088998244338332810e-01 2.839381638161925236e-01 2.834634029609035544e-01 1.894893070402269009e-01 1.370025851163292618e-01 2.530568777751820986e-01 1.729686016159379391e-01 1.681407543060010612e-01 4.685759773961517549e-01 3.363199818170543032e-01 2.352424645144275406e-01 3.140884628134950063e-01 2.426325083862927445e-01 2.714076826205061299e-01 2.367700081244024646e-01 2.338483484252551758e-01 2.327676888167662661e-01 2.253240328144929805e-01 4.518910668386871277e-01 9.039686601274579680e-02 8.678036081090120257e-01 5.491135792322455744e-01 4.615677898120507661e-01 4.214763464858809483e-01 1.936310751109691364e-01
4.466975067392544019e-01 3.634987786104396101e-01 3.335572657964496757e-01 8.724042263003284337e-02 1.000000000000000000e+00 5.710379333220316767e-01 2.883360427182310448e-01 4.573817507147632244e-01 2.713933214647282766e-01 5.039916981096641546e-01 4.292452049675303249e-01 2.222997180777154524e-01 6.121284231077516180e-01 5.477971585109128183e-01 5.800876922462958607e-01 2.765666256798686717e-01 1.705279498647859215e-01 5.445066965015846749e-01 1.691537179304297422e-01 2.429930470875496240e-01 5.733540520991808886e-01 5.677821645666017991e-01 3.327667321857241678e-01 4.029888667980826011e-01 4.417888324575783843e-01 5.591416416822486690e-01 4.363043928814955286e-01 5.438408566033502423e-01 2.186111294927995108e-01 2.872164982627271046e-01 1.423629036167747275e-01 3.786394352272866026e-01 4.070232709805913229e-01 5.522676754278913469e-01 4.435029498943883763e-01 5.609021975454755449e-01 4.760441175958586291e-01 5.583035151077704317e-01 4.334433541440525506e-01 2.882211854427287334e-01 5.668451493083908055e-01 1.954444335920805798e-01 5.385852912683061211e-01 4.640160832702269755e-01 2.611764760434044375e-01 4.543435165257988517e-01 2.595929704909781810e-01 4.496278703184676262e-01 4.584392062904800724e-01 8.023162602769534635e-02 4.781420759766054629e-01 5.496690887052850805e-01 5.127757771243113272e-01 3.128170689599385490e-01 5.544590407331958515e-01 3.001428988439871492e-01 5.566196095633270113e-01 2.626675169587053271e-01 2.470848655804850913e-01 3.579499266227221810e-01 2.985166133130607857e-01 5.255890117688334362e-01 5.604992456069022300e-01 5.789352445250203205e-01 4.395283039601731723e-01 4.031656951733553762e-01 3.206421058327513784e-01 1.996633752867133238e-01 2.237880626236226078e-01 5.981045474737066714e-01 4.694581635808711129e-01 6.123672592195745779e-01 4.847749455831644738e-01 3.670430079867041950e-01 5.003256671405527101e-01 4.993769195038278985e-01 3.406066990195993349e-01 4.553022173355612545e-01 5.446549994193640165e-01 1.532624794924379030e-01 5.474871867954751448e-01 5.990391413698961109e-01 4.729441586579209988e-01 5.834612184360931098e-01 2.921887576025608557e-01 4.343936875005979803e-01 5.435782971939662200e-01 5.316648081830890327e-01 2.303754239195427156e-01 6.427378049463579046e-01 4.716947428208821402e-01 4.237982682688292146e-01 2.155891684819050413e-01 5.578661711200665341e-01 2.792139007647913007e-01 5.052955242513277323e-01 4.784269713999154128e-01 1.390097080188507084e-01 4.021627967058031272e-01 5.298063348277747275e-01 2.946727016826350409e-01 3.067804246728021433e-01 5.352001663845145085e-01 3.161589606865012891e-01 5.382299883029543208e-01 3.579443795982774068e-01 3.418557330661897709e-01 3.745093042985468967e-01 5.767157786889579585e-01 4.309987931872091838e-01 1.555727624146042432e-01 2.389383982493670511e-01 5.405399402729405001e-01 1.965439149794401263e-01 4.693052885265150964e-01 3.065385613379727481e-01 2.286436311597923321e-01 5.201153595277170361e-01 4.694826984446013318e-01 4.482153659910095289e-01 4.665763563784751655e-01 3.605113570982232396e-01 1.165268898067099157e-01 1.787221063365231344e-01 5.596157367738451294e-01 2.889473440650415226e-01 5.486799996568837434e-01 2.249340752870763460e-01 5.412113349174116905e-01 5.505777385014261061e-01 5.503480704578078697e-01 6.193430618887827421e-01 1.234270090795298869e-01 6.153570195100933615e-01 9.678325984806934734e-02 3.317621219365547991e-01 1.884673222463051911e-01 3.178902252693341368e-01 4.068638344920058048e-01
4.550972286900391017e-01 4.617733679324721452e-01 3.180106201403335442e-01 1.455523510559810496e-01 5.710379333220316767e-01 1.000000000000000000e+00 5.301958367939383354e-01 9.293546266086686325e-01 3.368897811949550514e-01 5.979994201963713119e-01 4.019698988519526672e-01 2.760835280719733942e-01 9.742129033313268183e-01 4.587504917976328311e-01 4.801875250103250226e-01 3.058196926427772522e-01 2.324028955145241992e-01 7.903863732159139843e-01 3.592620302468841342e-01 3.084215366414956860e-01 4.707629074949126746e-01 4.878968609467060902e-01 2.723032367076644311e-01 6.357192006681577912e-01 3.931690766750479127e-01 5.877457240481102074e-01 8.154565103696724826e-01 8.622642617437286106e-01 2.127555055929845340e-01 2.864554040006116464e-01 1.408444011583737387e-01 7.997747511006897403e-01 3.009773652032277647e-01 4.646217595794005506e-01 4.539792332485237392e-01 4.669671409743860746e-01 4.118253661637306662e-01 4.679279404465450098e-01 8.748105066424046727e-01 4.389157363876741713e-01 4.788530848179473054e-01 2.748176565536652460e-01 4.616845555268986878e-01 6.536397819746602167e-01 3.144488897912766645e-01 4.355373295444677217e-01 3.481851299398038835e-01 8.781238556715694754e-01 4.251988540210449030e-01 1.347298370462525485e-01 9.343291482115045898e-01 4.657702098105651056e-01 4.311193869563280101e-01 7.031582951989026053e-01 4.689406595278343137e-01 3.435703944051415881e-01 4.647846883373721316e-01 4.175198139219467586e-01 2.340300830156765433e-01 3.684871416609785122e-01 4.680702346421586890e-01 9.595283145704562866e-01 4.391704607874337696e-01 5.904449424199424978e-01 3.721173959579726076e-01 5.704405456320631451e-01 5.344615109275816511e-01 2.738959730146428573e-01 2.859459144444931322e-01 5.873220299232955188e-01 4.192389898220189592e-01 8.542680442281848086e-01 6.766635652821396674e-01 4.930001819685199682e-01 4.260347038250415497e-01 9.024671360267366715e-01 3.132550347220169340e-01 9.064739835372975785e-01 7.680127198077986161e-01 2.845683513706002143e-01 4.619521950057583481e-01 9.832143496160642426e-01 9.243664613483795200e-01 5.150485283940812176e-01 3.806896856537083651e-01 3.831984809789352742e-01 4.487532578018556539e-01 4.592916433041778212e-01 2.404007114483660279e-01 7.675263022884629693e-01 9.093793065875539483e-01 5.574505322134510887e-01 4.530530801835241372e-01 4.695052406258392041e-01 2.196670741071390653e-01 4.269511021305236742e-01 3.020799846577174042e-01 1.473906563239783807e-01 3.613390717425566945e-01 4.487075747608837428e-01 5.530063191542758938e-01 4.425927874765114289e-01 4.852809978576826944e-01 4.026938635351405837e-01 6.740857597096228115e-01 4.729794025019807280e-01 7.764510506995733197e-01 3.646372204255227123e-01 8.227472371639102944e-01 7.742305848202533092e-01 2.613322047787311475e-01 2.573269115542057284e-01 4.662305222547940553e-01 2.696746144315393945e-01 6.545374712045967103e-01 5.759365572267713951e-01 3.484854094591928741e-01 9.652450248532690180e-01 8.550831817332062990e-01 4.037978015744967952e-01 9.536658745843485940e-01 4.191918564452318807e-01 1.176234296413836977e-01 1.759309289586759306e-01 4.746997982235675040e-01 5.916778529682960031e-01 4.533178780082429138e-01 2.354543597974352864e-01 4.654542224400110006e-01 4.648310820017437783e-01 4.612341557625828092e-01 5.147217719769308086e-01 1.101026520987917756e-01 8.401129077634075237e-01 1.460178933517518041e-01 5.780745060228080767e-01 2.757389122354347855e-01 4.278214840120876383e-01 4.510609047816520611e-01
5.003661507918506501e-01 6.500612481948371268e-01 3.218245020471159346e-01 1.438649171044219799e-01 2.883360427182310448e-01 5.301958367939383354e-01 1.000000000000000000e+00 5.004457419247307914e-01 3.390917787304491005e-01 3.949886302704243568e-01 4.441805617590487976e-01 2.472732716774756478e-01 5.808050299166688246e-01 4.370064474446742064e-01 3.882891586121232086e-01 1.469944229728397667e-01 2.066668895608230472e-01 6.038851241990323970e-01 3.176479511216820928e-01 3.951099445386665465e-01 4.797598866991961697e-01 4.861614386388052322e-01 2.306311280232697658e-01 4.912743367815727846e-01 3.715970331822474049e-01 5.422307213241298607e-01 5.592418938149464891e-01 4.789374105542487658e-01 2.200457757723270347e-01 1.940099781024729464e-01 1.205886693918367669e-01 6.724955577151759956e-01 3.673066104149425026e-01 4.378694526258422037e-01 3.826176719505693380e-01 4.354787500246157239e-01 5.936054148564626765e-01 4.354614710703851310e-01 6.046524606276425517e-01 6.587522813352005846e-01 5.093196767703447314e-01 1.392377555439442971e-01 4.402535304624120016e-01 4.296576484815230468e-01 2.319651855687192288e-01 6.067751329852332232e-01 2.966493576395137777e-01 5.356100049785510464e-01 5.343048623992906476e-01 1.637281450626052459e-01 5.158229714641668906e-01 4.346818502376594284e-01 4.244341796881080375e-01 5.902564865219449564e-01 4.531615584490347182e-01 3.069826745522997169e-01 4.382482148390911547e-01 2.717064892055662817e-01 3.132546768785211544e-01 3.846363497567570344e-01 5.112140730416560030e-01 5.193736399665211945e-01 4.686614855781701117e-01 5.200714720058179363e-01 3.862192669404610479e-01 2.955508105873259628e-01 5.156974507438394362e-01 3.630481158491521976e-01 1.990481385953154214e-01 3.163581259084967678e-01 3.878179450739124845e-01 3.911802055316730975e-01 3.741128193695461013e-01 7.587662461072524067e-01 4.529643701879951245e-01 5.177817658323947692e-01 3.048754544137647349e-01 5.248288465436762307e-01 3.967649151431197896e-01 2.659525328912090147e-01 4.274994507468542482e-01 4.983642198294039871e-01 5.267261820701344410e-01 4.612671134098018655e-01 3.814117350047955823e-01 4.296163243172489987e-01 4.236543676823835147e-01 5.090013990787028986e-01 2.548677138860316882e-01 4.066223648574573968e-01 5.110824339874728839e-01 4.796901908027662587e-01 4.501337000658100496e-01 4.473841141426896373e-01 2.301725558722544362e-01 4.269640264865124379e-01 2.313173263710159855e-01 1.080054870374318049e-01 2.010217331254741946e-01 4.250075910841403237e-01 3.997641750079981016e-01 3.489748636347446142e-01 4.466791053478172402e-01 5.285434487218073629e-01 4.222525109961237644e-01 2.578471355296527157e-01 5.230286549957039455e-01 4.385964938767665799e-01 4.881652085403107022e-01 4.240592694682463470e-01 1.657588425775873564e-01 1.592557432783249516e-01 4.315720490274073673e-01 1.802284046258799954e-01 5.503164888719900283e-01 3.681398226131508133e-01 1.895769480520332617e-01 5.688820119424092825e-01 4.464796579339079807e-01 4.370234415185637045e-01 5.798682056684621999e-01 1.725967426386729731e-01 1.037451431869526319e-01 1.109891669973819134e-01 4.613414410158058754e-01 4.350284588315191936e-01 4.295207234690335829e-01 2.373172004941696556e-01 4.644198548135385352e-01 4.447093882895761796e-01 4.353722749112023949e-01 5.043186502789054337e-01 9.028338869405921896e-02 4.272161842896153860e-01 1.322069034888120886e-01 3.784181863501097642e-01 1.805939243681619621e-01 3.502426915845274213e-01 6.731289545431439203e-01
4.428435798229284348e-01 3.615101380163288081e-01 3.191379159001294097e-01 1.591680622679736146e-01 4.573817507147632244e-01 9.293546266086686325e-01 5.004457419247307914e-01 1.000000000000000000e+00 3.565450856552546122e-01 6.608102162705765670e-01 3.985489339637773298e-01 3.256704133038518245e-01 8.707956623670859431e-01 4.444339214679638994e-01 3.866093937719216611e-01 2.735829296838634961e-01 2.505026419508234459e-01 6.273381418243726415e-01 2.839678538383670348e-01 3.217373964854898793e-01 4.289361027293340789e-01 4.543543180636521739e-01 2.469577719767836743e-01 6.790687851449050960e-01 3.872419088662102937e-01 5.473667902182465239e-01 9.110317696323688708e-01 9.349747852575304163e-01 2.037674015983931552e-01 2.600688870810693443e-01 1.303578804540708735e-01 8.815590532901353971e-01 2.945388290775369233e-01 4.494980473824738976e-01 3.315542849159015537e-01 4.493297934605418598e-01 3.318486248628952362e-01 4.507433563983264113e-01 9.646771734169827806e-01 4.167480203147042594e-01 4.399803705204332060e-01 2.846498507752565077e-01 4.433320294591397426e-01 7.041159930875222628e-01 2.516717464648601243e-01 3.727489982442148686e-01 3.756966491988003032e-01 9.247112451047372339e-01 3.849846137398491019e-01 1.496794851405770232e-01 9.792077410203413601e-01 4.504349494660450648e-01 4.230962961664374578e-01 7.588278863449926526e-01 4.512497794974038579e-01 3.542673013812596139e-01 4.478493997872298737e-01 4.254961735533533407e-01 2.188774558648305391e-01 3.770068256830355624e-01 5.283813754244761629e-01 8.608317889934269385e-01 3.676411125080091269e-01 5.493761971654733678e-01 3.597950648544350760e-01 6.363850118376354059e-01 6.253627817305887904e-01 2.852596655935463743e-01 2.850877626307041224e-01 5.742831416184941418e-01 4.105452145425725896e-01 8.928048354626363370e-01 6.381878011708839171e-01 4.515037804706519275e-01 4.189318101239311032e-01 9.793142920295536680e-01 3.022261886126643149e-01 9.933178613280694291e-01 6.548330261739930824e-01 3.485197813056402638e-01 4.489333743812897737e-01 8.840937643811149771e-01 9.967057348954919682e-01 4.852590837017347059e-01 3.993334977936063290e-01 3.841305867882968128e-01 4.349304121579965487e-01 3.864302490537968038e-01 2.357999539445465864e-01 5.744449209184091520e-01 9.921208214124498381e-01 4.620918819818927714e-01 3.572333099602401640e-01 4.491947651620191162e-01 2.063056305497573684e-01 4.122292714563533522e-01 2.710328654058223319e-01 1.409480214148514099e-01 3.449970789344767308e-01 4.377255406091646872e-01 6.167740905116666505e-01 5.018856295038105486e-01 4.599012553483293742e-01 3.041619714632545213e-01 5.136550777612305385e-01 4.462821417115896971e-01 8.698579976330086394e-01 3.500394787220210135e-01 8.852447760653329167e-01 6.481741286301713201e-01 2.347493344505966473e-01 2.503200452700443113e-01 4.518132347760032141e-01 2.321965050608405801e-01 6.330998522622564018e-01 6.219387371599818248e-01 3.381076237169509668e-01 9.674646010206664482e-01 7.476918779888342970e-01 4.023748305825208260e-01 9.801498436773210532e-01 4.383172840926117253e-01 1.151411538461971501e-01 1.414655524221367922e-01 4.523598794188460892e-01 6.825788707557132184e-01 4.378746790142001855e-01 2.361690172027471335e-01 4.494834895842659273e-01 4.482436452679867123e-01 4.462225192515816286e-01 4.716524142102815897e-01 1.004769904863121593e-01 6.419357814720856314e-01 1.672729460161652693e-01 6.404648028257313719e-01 2.603032364657176800e-01 4.679436386093432376e-01 3.499665492529106525e-01
4.406562880297100193e-01 2.686414169505340621e-01 2.665473734421943686e-01 1.964752196682256202e-01 2.713933214647282766e-01 3.368897811949550514e-01 3.390917787304491005e-01 3.565450856552546122e-01 1.000000000000000000e+00 2.936576725114860009e-01 7.073934274806917832e-01 6.615201992684188737e-01 3.440505700567589309e-01 4.714319959424529971e-01 2.267749086271569625e-01 1.983210175432979783e-01 2.729360038260174592e-01 2.806455676606495198e-01 1.717792937745837578e-01 9.348898118938703261e-01 4.673234094513070702e-01 4.985223651011726487e-01 3.867915490283478364e-01 5.383528251369893436e-01 3.321599942406611161e-01 5.263463597690501983e-01 4.749755192941281234e-01 3.469526634280941657e-01 4.106822890362959444e-01 2.597471276560625597e-01 1.424960520671842423e-01 4.259196526211625478e-01 5.106840636346190454e-01 4.511719028188945768e-01 2.782561803005610956e-01 4.461984640510119338e-01 3.812391983155003494e-01 4.485293655661740098e-01 3.987873490709624713e-01 3.514891366124502925e-01 4.695803057819002424e-01 3.434232261302521683e-01 4.248110594526514072e-01 3.887823616170882901e-01 1.710171992973854305e-01 2.465878779644836150e-01 2.939400885356045490e-01 3.901448285219156764e-01 4.074584439903235489e-01 2.278919422067234857e-01 4.230543732072594709e-01 4.491729858860974978e-01 4.965426353576805063e-01 3.662538582987723834e-01 4.583453165203409396e-01 6.052319206296764564e-01 4.467547220317845125e-01 3.177636855942764793e-01 4.450818302782100777e-01 6.382701651182566271e-01 6.431197376741890626e-01 3.304348574433950136e-01 5.211699620105659791e-01 5.207525866186168972e-01 4.910305947667695792e-01 4.451387132229566723e-01 7.455109565797882754e-01 1.700171195674790303e-01 4.340543631106779099e-01 2.514534772175767707e-01 3.467213895132140178e-01 4.276701389646640483e-01 5.411818440239134498e-01 4.234112549140617299e-01 5.472638957709119456e-01 3.864762536890878342e-01 2.330647385836658314e-01 3.526600823909252780e-01 3.336241815713792414e-01 4.023761726415263640e-01 4.573740323230226501e-01 3.379120404380206999e-01 3.748249864015784083e-01 4.552960092256487790e-01 4.318441266705917436e-01 6.500462976359921985e-01 4.758729201267918318e-01 4.638244237673689874e-01 1.509426373732580817e-01 3.047954205934018113e-01 3.938008288458104689e-01 4.105199955895029729e-01 1.723124497472507122e-01 4.473300925860777544e-01 1.838372755617535548e-01 5.245930085567769297e-01 2.932371057546702131e-01 2.799591592200076917e-01 4.589184553839916747e-01 4.197960289000570167e-01 2.512272821222985009e-01 6.170533192903983055e-01 4.322854756496465889e-01 2.790091945672362184e-01 3.563275600658442621e-01 2.123694005382908978e-01 4.093904136755103784e-01 6.531319237467065886e-01 5.128503684670492335e-01 2.742122184501472049e-01 9.577009662167956794e-02 3.448132157649047014e-01 4.423148468299755720e-01 1.667434451832412179e-01 2.934315000952870678e-01 2.568326750882882203e-01 1.648352408701933558e-01 3.828257619316357552e-01 2.694029184458376358e-01 6.090520621272245139e-01 3.831700241533613771e-01 1.442590493696775666e-01 7.516066758184157537e-02 1.130102889458443338e-01 4.624712017480542836e-01 4.287128840612266512e-01 4.820715089281715215e-01 6.016225315691023923e-01 4.699198265556563947e-01 4.523946450792170060e-01 4.535046917027844571e-01 4.640718059342409108e-01 7.522360598718337565e-02 2.772765987461359161e-01 1.985299043977445388e-01 4.855867061527445183e-01 2.644382193102447487e-01 5.258385869658518397e-01 3.271316926104075318e-01
5.482131107385989077e-01 3.143199021621211897e-01 2.842313811672118051e-01 1.151232899157965256e-01 5.039916981096641546e-01 5.979994201963713119e-01 3.949886302704243568e-01 6.608102162705765670e-01 2.936576725114860009e-01 1.000000000000000000e+00 4.366152383632782574e-01 3.437926305864791310e-01 5.899146839624597183e-01 4.743281959577264617e-01 5.439157599658220876e-01 3.630014858523079035e-01 2.437326771330493302e-01 4.280066299118397422e-01 1.998552919192717880e-01 2.644968159702187904e-01 4.866818272092752196e-01 4.866653088686121453e-01 2.198060623331505037e-01 6.435930976139450088e-01 3.693983383178647273e-01 5.241938975722771898e-01 7.213274569274658043e-01 8.362654629577154219e-01 2.232528423589980049e-01 1.933147250300144282e-01 1.122111315595770847e-01 6.322789604399418062e-01 3.887154681299121450e-01 4.778236978038155058e-01 3.327183543169984214e-01 4.796194335158812105e-01 3.734630657344910620e-01 4.806068187072835562e-01 6.804037530630052677e-01 3.529077935786394393e-01 4.944923856132537598e-01 1.675883426974592583e-01 4.470147471335949030e-01 7.300922157900094911e-01 3.528654141182338555e-01 5.284852483628788011e-01 3.114058530602927255e-01 5.864491113980218051e-01 5.258258564504288968e-01 1.378812357112396414e-01 6.151561746507236972e-01 4.735744867562782789e-01 4.588710376578187256e-01 4.286947731050760324e-01 4.853049344275198185e-01 3.536947153428452451e-01 4.781911078892510658e-01 3.081229466806991724e-01 2.160836000468437379e-01 4.278360036829418345e-01 5.377392936337815899e-01 5.184569299032690814e-01 4.378103843464104528e-01 5.006364984845165234e-01 3.828822614253001300e-01 5.894207261815110899e-01 5.461237370167354443e-01 3.212176047713536930e-01 2.431877772645976710e-01 8.811928794486851846e-01 3.972417700782334138e-01 7.521493486777159898e-01 3.578590907199130089e-01 4.803312469023680031e-01 4.506776582122022923e-01 7.519347706215475657e-01 2.640802737379395193e-01 6.827344580980361233e-01 4.785527288533162338e-01 2.731939890212778943e-01 4.681015466048419338e-01 5.544296603114450273e-01 6.755242415894334718e-01 4.736272617956415187e-01 4.066236265293855512e-01 4.319696668323701472e-01 4.631316935827151093e-01 5.039105187184929058e-01 2.083747977976466159e-01 4.242091852967058152e-01 6.955998770255534813e-01 4.593080412167938609e-01 2.438660795805683568e-01 4.748269849842659540e-01 2.254346202128189869e-01 4.538774456120706624e-01 2.932073437825157836e-01 1.125755282224500942e-01 2.400510568148415680e-01 4.460699376356648815e-01 4.966312953537184161e-01 4.842576513337773503e-01 5.365780320477073762e-01 3.437898255823677585e-01 3.497316790663050901e-01 3.252891662906259862e-01 4.953943443091990972e-01 3.735072363379798865e-01 7.708911202614268099e-01 4.688399439304196670e-01 1.405687051689965272e-01 1.962532820282086032e-01 4.670143504477143326e-01 3.259983285930783126e-01 7.698098299251823207e-01 3.805502469000351384e-01 2.199438647072701203e-01 6.820869684486338125e-01 5.662166947995804778e-01 4.489400372836283570e-01 6.405977063242128677e-01 4.821453049953907666e-01 7.774161491248898770e-02 8.412380309728550998e-02 4.851363252841178753e-01 5.411337416655919164e-01 4.781781665019590455e-01 2.526293833095829555e-01 4.852481697717178633e-01 4.749426422220955901e-01 4.758217626439212866e-01 5.046984965980448878e-01 7.757409376355582642e-02 3.612736255295275201e-01 1.698815986141161971e-01 4.363866697661145100e-01 1.737304974418646120e-01 4.416920772209939061e-01 3.446755619050212438e-01
7.577936164904077732e-01 4.492824548655363626e-01 6.115318564786811351e-01 3.198192988508039569e-01 4.292452049675303249e-01 4.019698988519526672e-01 4.441805617590487976e-01 3.985489339637773298e-01 7.073934274806917832e-01 4.366152383632782574e-01 1.000000000000000000e+00 7.658156481316210629e-01 4.089655151259278254e-01 8.127259346278007390e-01 3.627120401403226557e-01 4.347446474231649871e-01 4.154759445046856126e-01 3.742229936391844314e-01 2.879478670438382903e-01 7.192701368256008143e-01 8.068323264970190811e-01 8.121496240734026317e-01 5.723944025040312855e-01 7.166318191689038386e-01 7.109866363201039485e-01 7.382113081456759263e-01 5.761320860769970631e-01 4.316324252105730452e-01 5.991540410673792394e-01 4.678613652012508783e-01 3.390626777578893414e-01 4.686487861800702759e-01 8.510712402414256639e-01 7.867411984219193632e-01 3.732408866008141701e-01 7.792609855527431462e-01 5.888394101325682417e-01 7.818517976059027319e-01 4.346097702505319349e-01 4.342247729297960546e-01 8.156863233639829458e-01 4.213263653992475044e-01 7.825958017071472650e-01 5.620879738412257742e-01 3.519421119417237565e-01 4.449642744711571618e-01 5.230114112214309108e-01 4.723364655038101989e-01 7.258290484803835430e-01 3.870526399335418311e-01 4.611279559195117783e-01 7.809759083323506434e-01 8.439869249946265750e-01 4.112781862198004457e-01 7.926721421589093541e-01 8.153595432595448500e-01 7.851164127735381637e-01 4.322330646707234214e-01 6.185277256995563855e-01 9.234820451812244535e-01 8.325238185109549161e-01 3.664919021717880088e-01 5.923787464660905666e-01 7.482067190863956885e-01 8.243009189816804527e-01 5.404220360334607287e-01 7.551986716730159088e-01 3.946079588761048362e-01 5.242646207060956964e-01 3.514782207174391715e-01 7.297105708670171831e-01 4.765614817288642557e-01 5.423268530014696553e-01 6.400220821347264444e-01 8.825779547304384298e-01 4.440146376399090600e-01 5.720086235769394900e-01 4.154857362126135878e-01 3.397090781975662943e-01 4.294223149555917440e-01 7.947832695203930209e-01 3.715217715829473577e-01 4.244639127665920664e-01 7.777878968583346042e-01 8.047446712401784552e-01 9.760550828962841763e-01 8.163803737311419173e-01 5.243813581149682213e-01 4.336719051740908215e-01 3.659033170845010785e-01 4.390456670447307475e-01 4.771304471300119032e-01 2.716185305735213107e-01 7.831927693731959295e-01 4.840564702192420299e-01 8.825633988053760426e-01 4.525650844549065077e-01 3.504993453971081419e-01 5.483991013272900839e-01 7.862616193839120360e-01 4.654059538258820128e-01 6.858739701714194892e-01 7.794390388441713169e-01 4.778442333602363479e-01 3.866458178592121486e-01 4.020058036276155655e-01 4.375039484846360849e-01 8.959542062075305235e-01 5.831744604662767451e-01 4.118153008154086248e-01 2.286408698014583685e-01 4.476381358369774799e-01 8.034229988945917889e-01 3.167711767876026929e-01 3.934851518977985907e-01 4.322462318769497713e-01 3.162635185166831064e-01 4.515094210510117723e-01 4.048315859987471899e-01 9.353735915992481553e-01 4.346282569708668775e-01 3.521899147308644173e-01 2.215735725048257609e-01 2.419957058046045828e-01 7.961412899670012866e-01 5.097085955046898320e-01 8.417733789957202450e-01 7.399424552387836584e-01 8.003816699728898421e-01 7.875489659819455701e-01 7.949678453297001068e-01 7.843064528873765484e-01 2.130904377579085351e-01 3.238799340315400288e-01 3.217898138585498224e-01 5.286998304335095433e-01 4.671974834440980051e-01 7.896934272868849636e-01 5.207829786750887147e-01
