1.000000000000000000e+00 1.707042508703646155e-02 1.658671383122497234e-01 1.057951147001993811e-03 1.247203595896806752e-02 8.342327669842279867e-07 2.394370687058526982e-04 7.937500478395650372e-08 3.586619627556192434e-03 1.846420579637994758e-04 2.450278009350816688e-01 5.025239931129007152e-03 5.855100343616707893e-06 5.009935782939373139e-01 4.148238951882630282e-03 8.610552339238321945e-03 2.423271957144981607e-03 8.073200047880894691e-06 4.820978804694395063e-04 2.194400378376069188e-03 6.042319154242167256e-01 6.234766605531943950e-01 3.852873636078423154e-03 2.850331391371365114e-04 3.233649162987529690e-01 5.640947793985169323e-01 3.447074613258988327e-05 1.220632724924682708e-06 1.353141726443375485e-02 1.952908147669159830e-03 5.081683327184124445e-03 9.281091201551388501e-06 9.151564348242789693e-02 4.864552530560863342e-01 1.531936590448934252e-02 4.951027231205136769e-01 9.650833922177093349e-02 5.004585149142912748e-01 6.736193158329318301e-07 1.820773596354027801e-02 6.123552493259738494e-01 4.233087309846135038e-04 4.969781254517929292e-01 7.885647110605454940e-05 3.142319941792347249e-02 1.069689643758506802e-02 1.139361029682143395e-02 1.181336049030550391e-06 6.506918308948941299e-01 7.948487640460502948e-03 3.076588087945116178e-07 4.927950853652177665e-01 4.901152861619736956e-01 4.725727585997942297e-05 5.428628149852235962e-01 4.077831796590639796e-02 4.773351448743524683e-01 7.984527121263970814e-04 1.741032613494957609e-02 2.207879480677116535e-01 2.184087551166232974e-02 8.529675908284578192e-07 1.366724991499473907e-01 5.232290364167032637e-01 3.028067276123890816e-01 3.325957253031320443e-04 4.478854362825759015e-03 1.259928164436991587e-03 2.980153954106955585e-04 3.776276750380228291e-04 3.463968344396706756e-01 4.276539291726992245e-06 7.734214313841488413e-06 1.532514339143028204e-01 4.275600282501649252e-01 5.216853664741340839e-07 1.634517823502001088e-01 3.347971917345398067e-07 1.614991231762003389e-05 1.160194887057747811e-03 4.862064029710029822e-01 7.954368315386205485e-07 1.879048756303299015e-07 4.878774805626277522e-01 3.048781976472445532e-01 3.502240635943282276e-01 4.583782008766461025e-01 4.169626822506499603e-02 3.241965074403157371e-02 8.415909574941843601e-05 3.730070619885515683e-07 9.787419587849963479e-03 1.228715109474826267e-05 5.004905409764921487e-01 3.791001611220332079e-02 5.071073632774948381e-01 1.783249336330278449e-04 3.698110684715378476e-04 2.207276461455526338e-04 4.820401860200950739e-01 1.183368910496554471e-04 2.379607090101575290e-04 8.320083753256216630e-01 4.458317649838521718e-02 1.394971878557707437e-04 1.065907723599557035e-04 1.318494045770544151e-05 5.314941060612245888e-02 2.374956430575862474e-05 5.297901939387614884e-05 3.359719276004570162e-05 2.512759174174959437e-04 5.497890097767571538e-01 2.283704789393733309e-02 2.056652166129667165e-04 2.348078299585696607e-05 8.946155895339035727e-05 1.930816526239688961e-06 9.249245968230506663e-06 4.148385250831317927e-01 6.006446494433366079e-07 8.680853535979108195e-04 3.079255620565669090e-03 3.782592043210865102e-04 5.768064390114793216e-01 3.187912553731845987e-05 5.180169010552606590e-01 2.606228534709283465e-02 5.642265684802160175e-01 4.940277745829562139e-01 4.858360164157016770e-01 5.368308769038000472e-01 4.568651125613438016e-04 7.045988220304063658e-06 6.467390534542712989e-04 1.038226753159793623e-04 4.363902355641970966e-03 2.266294511339395634e-01 3.414993907605164830e-02
1.707042508703646155e-02 1.000000000000000000e+00 3.303776122014846599e-03 1.544328867967663214e-03 1.456503079930868139e-02 5.325922637534500964e-04 3.706910957374928012e-02 3.443616353588219696e-05 9.603842863938632677e-04 9.297293448093510090e-04 7.254988177965241911e-03 7.105540397663425226e-04 2.934683067404852529e-03 2.919889692504893872e-03 1.286272101399946882e-02 6.402561273584012405e-04 5.447170735314824097e-03 7.670940990415973416e-03 2.079334256583240115e-02 5.914748284369452736e-04 1.229359525092326919e-02 6.638540921051720202e-03 2.224753108442015237e-03 6.489522239236285468e-03 3.849212080833947034e-03 7.578462942567450178e-02 7.911883000044568929e-04 1.677079536159421921e-04 3.598296912406262482e-03 1.342601924494656561e-02 3.894379015891969494e-03 7.649633344573694748e-04 4.677959063199699577e-03 2.444322665927411379e-03 2.786332785599826556e-01 2.430362928891347234e-03 1.281858290337666018e-01 2.748822744598164100e-03 1.294034236838295508e-04 1.737591718070315983e-01 1.010933664310183916e-02 1.298463408878287482e-03 3.698433254071547324e-03 1.174285203639204847e-03 3.540101366469089461e-02 1.664939308896216941e-01 2.253621934443667332e-02 1.660245517301677052e-04 4.058526657364881080e-02 1.049105186623602469e-03 8.722852847218270759e-05 2.476325876817719266e-03 3.532207432532735204e-03 1.095298981856741936e-03 3.382778512717538044e-03 6.140403986780357086e-03 2.479507036977077802e-03 1.518102661820144514e-02 6.648665563773865916e-03 5.953989190192967955e-03 1.091671324195373806e-02 6.251138206270523716e-04 2.050237613851268667e-02 6.377275022371156621e-02 6.091552676366223523e-03 2.354925595504163676e-03 5.376330795025349718e-03 1.269630895711647322e-03 2.513157546811792698e-03 1.546543953732984781e-03 3.478828972676256161e-03 2.296430229249694823e-04 6.213114521516378960e-04 3.176975424420384053e-01 3.196990604497727297e-03 1.405071320398706839e-04 3.677309426466583535e-03 6.569215978166934814e-05 3.383076939630009702e-03 1.730876242465902073e-03 2.712104219791178650e-03 4.955720356402499790e-04 6.075461472135675896e-05 7.118138488912863736e-03 5.023028382829210735e-03 5.199171495755989039e-03 3.152128490847621364e-03 1.056907394567758313e-02 2.195678590492345945e-03 1.751892549579582570e-02 8.907119577083937403e-05 7.050479402756629210e-02 9.113378469089691890e-04 2.913193518238681688e-03 6.332298000943642827e-03 3.888249368548794219e-03 1.365792046086257861e-03 6.515735570621711487e-04 4.801909756014804834e-04 3.519384070199423065e-03 9.486401293585971280e-04 6.475125562883668690e-04 9.683617612500691058e-03 2.253605263925488600e-01 1.378551787211180005e-02 2.152711746549653988e-03 4.039332910253949551e-04 2.396678962445194377e-02 7.957168644006560026e-04 1.173319529236363686e-02 9.625043573943377426e-04 1.138473249062323589e-03 5.159810423057093615e-03 7.352882032870620976e-03 1.059348631602348434e-02 4.273196164209948204e-04 6.652811827061027314e-04 5.427388292632388811e-04 1.609971878335689525e-03 4.602730934492356950e-03 2.426617852181842832e-04 6.876008159723711764e-04 8.347994894038636817e-04 5.777724710285841135e-03 3.845939810485514247e-03 2.187215112456949843e-04 3.204398890940489148e-03 2.470554956652736434e-03 3.921409752121099608e-03 2.686737588945013223e-03 2.516867441501853195e-03 1.184065431728048047e-02 1.437791314993532021e-03 5.014855807974058673e-03 4.906527304833561542e-04 2.366991458559571972e-03 1.352652686292585456e-03 8.292388960356904606e-03 3.114952069485160124e-01
1.658671383122497234e-01 3.303776122014846599e-03 1.000000000000000000e+00 4.205894110609978594e-03 3.031547131399414674e-03 1.094962630785545148e-07 3.819968967356481731e-05 1.142462215083003030e-08 3.433396657354855787e-04 1.759989324626330792e-05 9.553034999306411756e-02 4.442715002713087426e-03 7.303980405079507423e-07 2.889803495000239364e-01 4.845015923426751014e-04 1.052513239526080323e-03 2.344772919190788764e-03 1.646837274193799821e-06 1.559648341106231341e-05 2.199242600904653092e-04 2.426653622469699123e-01 2.370758428189068678e-01 7.120124847162281542e-03 1.255536018088624912e-04 8.194712251917557477e-01 8.453472114642815449e-02 5.415200580103467864e-06 1.784615674636788497e-07 8.949977271532868692e-03 8.733285411921457367e-03 4.073586279314544284e-02 7.296251587674253641e-07 3.849624371649138649e-02 2.604280625277158312e-01 8.736754495912497269e-04 2.736123206287415788e-01 2.375341548934732649e-02 2.688125078594793549e-01 9.057571661554696107e-08 3.748078875564583683e-03 2.625678166070812281e-01 1.249226740904930272e-03 4.121694411940920455e-01 1.915531850428655930e-05 6.741850731347773110e-04 2.692713048291036759e-03 4.117869825079979729e-02 4.462900616436299138e-07 1.294054749405203208e-01 1.236336993051187841e-02 6.559395129437124533e-08 2.618004257945436564e-01 3.315038638170502150e-01 1.786901290947217138e-05 2.865442980510606308e-01 2.439182385826468846e-02 2.794738590986267646e-01 3.633750466204786734e-04 1.782111554144866911e-02 9.682458182790500134e-02 3.876586532556068696e-03 9.525153772386167722e-08 6.471162835043750214e-03 1.225836259960977614e-01 2.804546627313824758e-01 7.733643985080075351e-05 8.494756993076771215e-04 2.798357207504295011e-03 4.013104608670452558e-04 1.238877562949923389e-05 7.553847048141518750e-01 4.808164631382348449e-07 3.798284718737328585e-06 2.334812758363346424e-02 2.498112965879497327e-01 7.832160184406072189e-08 9.785600970990839809e-01 6.628661024394794190e-08 1.048753920224596023e-06 4.862138203416493075e-04 2.843511478008055593e-01 7.976076209388671235e-08 2.919231626545075116e-08 2.761979376516581763e-01 2.736902222026652565e-01 1.480210652975159913e-01 3.070745285393904900e-01 1.085401766120107402e-03 4.840517506440826234e-01 5.737442411788169360e-06 6.872462524639373618e-08 2.793196666594659531e-04 5.487708694013577068e-07 2.613810808043348088e-01 2.338345885282099301e-01 2.909949054637588350e-01 4.383609475792168178e-05 9.057142718684635689e-04 1.862248005934654890e-04 4.685860281511210479e-01 1.667490494043320239e-04 1.044940117992402341e-04 2.184481568584926703e-01 2.494162389929496532e-03 1.368339908814825471e-05 3.524623669540119910e-04 3.872866200840276175e-06 1.725358030321507211e-02 4.824273386285337805e-06 5.199160596525226411e-06 2.529581423767804089e-04 5.225391175779722395e-04 4.544103117590457819e-01 2.761284131554300574e-04 1.160374577607542532e-05 6.858525298323145836e-05 6.601435971661948282e-04 2.176873685235774755e-07 6.349115466420505592e-07 1.980926474343017440e-01 8.160757830591624869e-08 1.726374858700183146e-03 2.139359947150414609e-01 6.990636157900911689e-03 2.674962734113421892e-01 7.508694827393944620e-06 2.921414797633670735e-01 1.598839655539878446e-02 2.813968872640552066e-01 2.674636831811644799e-01 2.760768619403005109e-01 2.276942701042869444e-01 2.704090791741899438e-02 7.725195788644126764e-07 1.125513443485832120e-03 4.627917177017220490e-05 1.591060823007017788e-02 1.216119802239528785e-01 9.088331233492038044e-03
1.057951147001993811e-03 1.544328867967663214e-03 4.205894110609978594e-03 1.000000000000000000e+00 2.480461946624591289e-05 7.119729737667214179e-06 1.654159056755456552e-04 3.127741189698649662e-06 1.543558610485800146e-03 6.128879896223157916e-05 4.042788594149191068e-03 3.236761001330044907e-02 1.253513552828816800e-05 1.732082997882235687e-04 6.717803188321226656e-06 4.511377681998099171e-04 4.517549623606426090e-01 6.063879297948468793e-06 3.565993986581485718e-04 6.950787679438456823e-04 3.116070276086642561e-04 3.173151179584433944e-04 1.120322881727642977e-04 1.545323532927578812e-02 1.384492664792301691e-03 2.033649613391035234e-03 4.156316425469881292e-04 1.108088546137754520e-05 4.333266634106329516e-04 9.376706613592977746e-02 1.960648782495274522e-01 4.543868387932911007e-05 6.578860773440968349e-04 1.344764722767580298e-04 1.378937713826304491e-04 1.473316093576066668e-04 6.796967076444210666e-04 1.488755359773322054e-04 1.046873055596133773e-05 1.010595740658689528e-03 2.616224645980060460e-04 8.785168975003458669e-02 3.096575137635935375e-04 1.880628087092644802e-03 3.846358003797329555e-04 2.922176341872599961e-04 9.757710733583735419e-02 7.537249072768684838e-05 6.457221101261324380e-04 3.903757071463086481e-01 1.196647686416971030e-05 1.397709122716384652e-04 2.819992388399754205e-04 3.132844346708521321e-05 1.802049105963851041e-04 7.145110428130366752e-03 1.491935568675656701e-04 8.956495115374861482e-02 2.670539797173196472e-04 3.330794944037268265e-03 2.695938676532488518e-02 3.912337042467627530e-06 1.647687677657061868e-04 1.997262198101141476e-03 4.558292343290069795e-04 1.184880493470668282e-02 1.666822152107011110e-02 5.065587524912843094e-03 2.672182389778922189e-03 5.706786884877715448e-06 1.220832383371561530e-03 5.285131586417742369e-05 8.208509735316612134e-05 3.862360126572987780e-03 2.304663960204616211e-04 1.284392523172157436e-05 3.750636331953640691e-03 1.296687851733213453e-05 1.177269206011518330e-05 8.468198019301301227e-02 1.640314565876617784e-04 3.537810060270122088e-06 7.718052616759901965e-06 2.949484301709712816e-04 1.219988284076070975e-02 1.583142649924847286e-03 1.837353431090288749e-04 1.904824036455042858e-05 3.976183787848104785e-03 1.064271895054964148e-05 1.186967667842137469e-05 3.411380301675851715e-04 7.947571320186901293e-07 1.535770305854358329e-04 2.022379445433220360e-02 3.357366955012269761e-04 4.421928299123006358e-05 3.041467948864052715e-04 7.469322848347248272e-05 4.368750311696738644e-04 1.699778709153849888e-03 1.638212852650793028e-02 4.421135281903589638e-04 2.894617740760454215e-04 8.914739479813884779e-05 4.724052631024767447e-03 5.844597765903863267e-05 5.378300354943482513e-03 3.068036469743280303e-04 1.797496727961541731e-04 2.199640654245968755e-04 4.609863792700266065e-04 5.632334140760672774e-04 5.044745689382670309e-04 3.399872997549638614e-05 7.110396431117757543e-04 3.047857843228334983e-03 2.718388908294015055e-05 1.690383803523483550e-05 6.084600406986148463e-04 1.322605695816267037e-05 5.204225314705476779e-04 1.100662922745392243e-02 8.065767281845799899e-03 1.909174774250693696e-04 1.605190037468401040e-03 2.131197808330135396e-04 4.182048387133736368e-03 1.934935135473841549e-04 1.384251240562419673e-04 1.558787176256945192e-04 2.218822841300070530e-04 2.865978896948219792e-02 3.307976412702379532e-06 5.436445891257287721e-01 1.642985146442316538e-02 2.889006157298528235e-02 1.623342257732695096e-02 7.460441800670390396e-04
1.247203595896806752e-02 1.456503079930868139e-02 3.031547131399414674e-03 2.480461946624591289e-05 1.000000000000000000e+00 5.051003392439355408e-04 1.570183935480681369e-03 4.543048236476366183e-05 7.878823655928826305e-04 8.252785397455938282e-03 1.293341134042806477e-02 7.065956889356355027e-04 2.468322377367344195e-03 1.554792273322999456e-02 9.099749958544633976e-02 2.184764463034292396e-03 3.604438688791608992e-04 3.717324189932313949e-03 5.674399206438791654e-05 5.877857795067034999e-04 2.782512987231033560e-02 2.217020693338209170e-02 8.319239445177189357e-03 2.222855032510796282e-03 8.377140348112413828e-03 5.162784685444309768e-02 9.947354241303194705e-04 5.965943660347480717e-04 1.089809078070267225e-03 3.343047400320345048e-03 2.421071761747956496e-04 2.618411012666530110e-04 9.270300796146354119e-03 1.480056877125376924e-02 1.544025806841615653e-02 1.333975449210471342e-02 5.231927082080280872e-02 1.503946564366900017e-02 1.229232113479695500e-04 6.100325461673654359e-03 2.705669188917184109e-02 4.995512437671387326e-04 1.226373518097898137e-02 4.080120717107958532e-03 1.255298598948353331e-03 4.602867938087322475e-02 5.881081922691166336e-03 2.396655977808000561e-04 2.113994055547005133e-02 1.109490753134688854e-05 1.268929027305451865e-04 1.452886691871993138e-02 1.344880598426920378e-02 5.157824461690734778e-04 1.637064192116409467e-02 5.292960384434236380e-03 1.432653915737145019e-02 8.541454707672272318e-04 1.874704983608106246e-03 6.758586176775717783e-03 2.972458315147086683e-03 5.126392368020773593e-04 4.690219740815898541e-02 5.867197752553566376e-02 1.112142228521695655e-02 2.169983565529920964e-03 2.107625549930503168e-03 1.218051567331992525e-03 6.249557595226174975e-04 2.026385562157463627e-02 8.448213372371308691e-03 1.791219460197395526e-03 1.611143425054587658e-03 1.715706659410055554e-02 1.282879388483641747e-02 1.986007927097987113e-04 3.278293525541933588e-03 8.962953147618378741e-05 4.007713452415903772e-03 1.010396139978282675e-04 1.446302680676770508e-02 6.836151527920046817e-04 9.277206236423902943e-05 3.257306090946845978e-02 2.078427065772749972e-03 8.970613137120256667e-03 1.650476622194229845e-02 5.177628429708332897e-02 1.371525851570686320e-03 2.354710346598290482e-02 1.332121057732241752e-04 1.294009003502996288e-02 3.187064657592886480e-04 1.588166026583109208e-02 4.989905392328277713e-03 1.272896318771694901e-02 9.548764039567081766e-03 2.219320552885104122e-04 5.993688952989691988e-03 1.339510060406603510e-02 9.482873168521635619e-04 1.481717937305646092e-03 1.881359521676052166e-02 6.498103183771183032e-03 1.758850204888084620e-02 3.075751343126513146e-03 2.689121595883487239e-04 7.742724963598484299e-03 3.452542718062117863e-03 2.394211562499989985e-03 1.289547470660796515e-04 1.295560842901838242e-03 1.586601423295843499e-02 2.632249398171505341e-04 5.363449529922767293e-03 5.501604841013186609e-04 7.478537651523554670e-04 4.509421264981404334e-04 9.082188198617955569e-04 1.134312147662553012e-02 1.506624800881223888e-04 1.207123231171958709e-02 1.986635681044115413e-04 1.321642949562827282e-03 1.678373367781166650e-02 2.410027485283284935e-04 1.592085907503504316e-02 8.576923569747765212e-04 1.613915819211336061e-02 1.517298506532268991e-02 1.425737072605913827e-02 4.351566383032554053e-02 2.501112772652064179e-04 5.199312873205809947e-03 3.391669389782418109e-05 5.867573048248488814e-04 5.492572078143557199e-04 4.858693918191116755e-03 3.363024713278685296e-02
8.342327669842279867e-07 5.325922637534500964e-04 1.094962630785545148e-07 7.119729737667214179e-06 5.051003392439355408e-04 1.000000000000000000e+00 2.661662839120987681e-02 6.847376507119204980e-01 1.366941287971747240e-04 4.135021502476513011e-02 3.297558836128296013e-06 5.101550468931056472e-05 8.167417381859540804e-01 1.122770029510810062e-07 3.355671339017931849e-04 2.793295876315731230e-05 1.262531801205246142e-04 2.410914479945781286e-01 8.532205608380588483e-04 5.501348488420499555e-05 2.906235383834479115e-07 2.512004534468579768e-07 1.059429948140508553e-05 5.825215999621183305e-02 1.356878035905437646e-07 5.256157266542591048e-05 3.296929699725076324e-01 5.428680992617869183e-01 1.722219065040672215e-06 2.731006722118684417e-04 7.125459079761429371e-07 3.740147560105857583e-01 9.557350080228952516e-07 9.001413614068933190e-08 1.870745522137567550e-04 8.837431079918521476e-08 1.328153573691828012e-05 9.635525879311406022e-08 5.924220381747136166e-01 8.287098408976908449e-04 3.008708860709634721e-07 6.201987019694705887e-04 1.120045735632741593e-07 1.081508733534127659e-01 2.554594978222100447e-05 5.726739157391942149e-04 7.823397261416993468e-04 5.217456322756990339e-01 9.933493301585479340e-07 2.276356328245990442e-07 7.002824723927637551e-01 9.877515960828439315e-08 1.362870419726096295e-07 1.107447442516433511e-01 1.197523596853103540e-07 3.436339678264218640e-05 9.819267942921491238e-08 8.848152839575114045e-03 1.177126747920392629e-06 3.685356273875640632e-06 1.504555811856865023e-03 8.254806187322428768e-01 5.983889172789468274e-06 3.721212432922988339e-05 3.316653084011490644e-07 3.868197052079645065e-02 8.089616115710025757e-03 1.310890702956475629e-04 6.820234793819472500e-04 1.773419691568529563e-02 1.363825090365099821e-07 4.131992730375402822e-01 9.045320659373723426e-02 2.776668454102154465e-04 1.945838480951280155e-07 7.018281133063996036e-01 1.083706973967443140e-07 6.086693976277354201e-01 1.813969934157885211e-01 6.743975561711334273e-04 1.128598354158942919e-07 9.308432734663228958e-01 7.037841103942993337e-01 8.003117249666926081e-07 2.320378805419858915e-06 5.797006061663220238e-07 1.445418742384867761e-07 4.002288979127325880e-05 2.956223937252839730e-07 1.450764560117933644e-01 6.770585537582390900e-01 2.250769065808877999e-03 1.803623543792625544e-02 1.109568023856926693e-07 6.651099960597430768e-07 1.482455727718558602e-07 2.877207064836283159e-04 4.877272669767486116e-06 6.514172607702007354e-04 1.338898908266528460e-07 4.632086264317546165e-02 6.226862369190281320e-03 5.035677065330424845e-07 6.742719658091119350e-05 4.285407868399752906e-02 1.571014562882357482e-02 2.449559393324983458e-01 3.801447041215403277e-05 3.014557566338300076e-01 2.024185029100438737e-01 8.779344529748591471e-04 2.712055733055731568e-04 2.111698765118968752e-07 7.945029447385740438e-06 6.868394342834191479e-02 5.692768220706849458e-02 2.676030987499040253e-03 8.758492184714836704e-01 3.928354604671553396e-01 4.619019769407287620e-07 8.420904832757102332e-01 3.056127766805671105e-03 1.573336447673528526e-07 2.739882928709482638e-05 1.372176231979433550e-07 5.148916396075432084e-02 1.268539978188976043e-07 1.467246953790354873e-06 1.486148152466707924e-07 9.856497551149647375e-08 9.264173275054560834e-08 7.578287141699308474e-07 1.067018343164954432e-06 3.495263385871000827e-01 7.881505563044158166e-06 5.755156525505313037e-02 2.738003807456163648e-05 2.471388611179697409e-05 1.302850539384227152e-04
2.394370687058526982e-04 3.706910957374928012e-02 3.819968967356481731e-05 1.654159056755456552e-04 1.570183935480681369e-03 2.661662839120987681e-02 1.000000000000000000e+00 8.372087979917649039e-03 2.846554868450179663e-03 1.269866005291173973e-02 6.754899675004003620e-04 5.353666471425326057e-04 5.559433352744557605e-02 3.304339747352377543e-05 2.869777220902229239e-03 4.209069750518616238e-05 1.160529233526199017e-03 1.125448217470934320e-01 4.633525451971904664e-03 3.099939771604178895e-03 1.040085657938719294e-04 7.175811740161920128e-05 3.417848376420383385e-04 3.066197142899186254e-02 4.100476956358863094e-05 3.091956785509950359e-03 3.860033314453945735e-02 1.302898368478336635e-02 1.893207393684672585e-04 1.264933239306730017e-03 4.818341165162874851e-05 8.170966688000257105e-02 3.611479125482461457e-04 2.688608097419254730e-05 3.158432846677541525e-03 2.573803633412573080e-05 4.033911198828630043e-03 2.938131317380422014e-05 2.912802376121714776e-02 4.632141316168091744e-02 1.109146274570549980e-04 2.796455410023659764e-04 4.067927312290176483e-05 2.128837999268538145e-02 3.908333659701149340e-04 3.363999970551557334e-02 4.991202296242947846e-03 1.867900659411195208e-02 4.434628834790085286e-04 4.716352967664618753e-05 1.220662851196852375e-02 2.736498191609899845e-05 4.596629985578255833e-05 6.200693891790112766e-02 3.651139342155217539e-05 6.597102556808607989e-04 2.676685717451299723e-05 6.488269662265366312e-03 4.065501993758718663e-04 3.625218274648067240e-04 1.806506995345901964e-02 2.463363231146198373e-02 7.413642138131787494e-04 2.071720832471377841e-03 1.041703987115765996e-04 5.484821195905858343e-03 2.709675061834363255e-02 6.134653094292879388e-03 1.267315819183176566e-03 3.797795478305695908e-03 3.849317185780712505e-05 7.118059595790592574e-03 7.777683001848034391e-03 4.650607416862057031e-02 8.213386522199506439e-05 1.425534792935621159e-02 4.147524160869427894e-05 1.288461273215089214e-02 1.271837796952317474e-02 2.214460484656452684e-03 3.299786663196545939e-05 1.865667324566755783e-02 1.147740202262643137e-02 1.181230520185923218e-04 3.869596177139696352e-04 2.404647735746052995e-04 3.873039249860645516e-05 2.626112045006365279e-03 8.390674392878980580e-05 3.399364530025867498e-02 1.258899566771476929e-02 1.438075069398179161e-02 3.493308201513987271e-02 3.146798282562401504e-05 1.761119350704060962e-04 5.359131896935602339e-05 1.349091801473849273e-03 3.646600074453283929e-05 4.937598865056116223e-04 4.022178933534353368e-05 1.904275506079950928e-02 6.527796950036576958e-03 9.868388310174920164e-05 9.263454373995404917e-03 3.561535671601679526e-02 5.672737673940676448e-03 3.444956804411077045e-02 4.413670676876211944e-03 2.422856628454411396e-02 1.622825948436728422e-02 6.859200950429591992e-04 3.034047363897171730e-04 6.279973293115830328e-05 7.712154569836825657e-05 6.053951818990725708e-02 1.499874252007613734e-02 1.436272614184686122e-03 3.259127125819403364e-02 1.784857220844858830e-02 1.562514158678001493e-04 2.074292597421795170e-02 5.979551078346173783e-04 1.891299579847356788e-05 1.410802848083833909e-04 4.066365959536998151e-05 1.712935848507417952e-02 3.979086647916095374e-05 1.259158364245070922e-04 4.861991191036579238e-05 2.797609450696193284e-05 2.820059658874125605e-05 1.752974846805400457e-04 4.312578652162182320e-05 3.106397877654891101e-02 8.884741226591560438e-05 1.345237425490921485e-02 1.998347476449172468e-04 5.720923782474016724e-04 2.727100387608886664e-02
7.937500478395650372e-08 3.443616353588219696e-05 1.142462215083003030e-08 3.127741189698649662e-06 4.543048236476366183e-05 6.847376507119204980e-01 8.372087979917649039e-03 1.000000000000000000e+00 8.671462836901105010e-05 2.948092158369539431e-02 5.266265183840262292e-07 3.147198499402160607e-05 3.783668855992305402e-01 8.707329170452399328e-09 2.845142774507925453e-05 4.912985113333819823e-06 5.983723471610650552e-05 5.710540485828981272e-02 1.341016423569818105e-04 2.763451123143388167e-05 1.814233911776300402e-08 1.823378579848670043e-08 1.329945113612640959e-06 4.067356214452196028e-02 1.188554972702531087e-08 6.574616746109961911e-06 3.757097299986740246e-01 6.137048031415235361e-01 2.541510369616334167e-07 6.690337745654542320e-05 1.169496471416160886e-07 4.210136732078841870e-01 1.270108224483614995e-07 6.778666885229880732e-09 1.074183346364136081e-05 6.826623608613515736e-09 7.411694808186417050e-07 7.266377349376106332e-09 8.312772011328057875e-01 1.420786212590234912e-04 1.962599045428628213e-08 2.972435376580156974e-04 8.762517948830257239e-09 8.120831717507862035e-02 2.295730858034282196e-06 5.760007503232333556e-05 2.596933207907980274e-04 6.296163404075632020e-01 6.730179386575586238e-08 7.408569811081816304e-08 8.632757316960958383e-01 7.606982528347822975e-09 1.180078694705040794e-08 8.464156890211210760e-02 9.134706711621665475e-09 8.200051311826957149e-06 7.580577926444765297e-09 4.741628698309312620e-03 1.346103570201855730e-07 6.861251848886587572e-07 8.291344423151183769e-04 4.686971944279479940e-01 5.087040244651438893e-07 4.257090868146949825e-06 3.105350163281651272e-08 3.353885147342081791e-02 6.980966685496905674e-03 4.224409492316908094e-05 2.394488270961744154e-04 7.087139948447610492e-03 1.207732580414732395e-08 3.876553400930447535e-01 4.790412561987273526e-02 3.470760735607015250e-05 1.899045825680322104e-08 8.714246165899905971e-01 1.023414492936211494e-08 9.173313316496589653e-01 5.961939443921148579e-02 7.369186277476535898e-04 8.969280389347335626e-09 5.772829816052752472e-01 9.680555594515960482e-01 6.610179835352857679e-08 4.809811876083030382e-07 7.565349188292381463e-08 1.181036383136369249e-08 4.386278663688093184e-06 3.446508601586535611e-08 2.507030003178861363e-02 9.272753799952831999e-01 3.264776500568522446e-04 4.158730073782447405e-03 8.345653769434557598e-09 7.755084232640695201e-08 1.281254562534435180e-08 7.081785620801477608e-05 8.943868626322332824e-07 2.016460481777298315e-04 1.092809652527668371e-08 3.818191977202117782e-02 5.342619110289829193e-03 4.015796409269810431e-08 4.069379568831840513e-06 7.420218675794988672e-03 6.199309532606502374e-03 2.798337713177558306e-01 6.952271002445617222e-06 2.743671285126574877e-01 5.153561169614986198e-02 2.311249463052740007e-04 7.342191762918635521e-05 1.733705723686018060e-08 9.818741548734185770e-07 2.600728631732241239e-02 4.965314955819138953e-02 1.071454678817995200e-03 7.509358156316227051e-01 1.608837607430579075e-01 5.333651244313839522e-08 8.823270065345739654e-01 1.127321562162417233e-03 2.329069486916218094e-08 3.059085282459895523e-06 1.026213494788747205e-08 7.190966783421429143e-02 1.019527860941643626e-08 3.056093055089880422e-07 1.162402367154226187e-08 7.367420226955241814e-09 7.173167303880120952e-09 5.234068090058390133e-08 1.577072103320423331e-07 8.084272161045291671e-02 4.131453250118393809e-06 6.036042026260874521e-02 6.676419693316102011e-06 6.317474907195438243e-06 7.790624815954027944e-06
3.586619627556192434e-03 9.603842863938632677e-04 3.433396657354855787e-04 1.543558610485800146e-03 7.878823655928826305e-04 1.366941287971747240e-04 2.846554868450179663e-03 8.671462836901105010e-05 1.000000000000000000e+00 1.657206924556170382e-03 5.871177535051919777e-02 2.547582712342076894e-01 3.103177393142036652e-04 1.131778848349523827e-03 5.379282698592730743e-04 1.156509606905488548e-03 6.025635935281790055e-03 2.421748721641454047e-04 7.992863761617413133e-05 6.678777416759255070e-01 2.045934112369041276e-03 2.017997835236496826e-03 1.472019764382788247e-02 2.312409011915871407e-02 4.701878192244544983e-04 1.697969279550885779e-02 5.191626304908276979e-03 3.412997372120952838e-04 2.677127698776479367e-02 3.491319638115010157e-03 3.898654777377900103e-04 1.733446287262323336e-03 1.527150548618558083e-02 8.150223475608265721e-04 1.180371777956744535e-03 8.261837039616729992e-04 4.657895522608993845e-03 8.640774804940310524e-04 3.840748933994521104e-04 1.249249287042533858e-02 1.628391684232473281e-03 1.308917717510239657e-02 8.576412258036974871e-04 5.633837461019539430e-03 4.403188902734693467e-04 1.216820132934190099e-03 1.388691715554263816e-02 6.123496803329336402e-04 3.034433668346498813e-03 1.704831320644284746e-03 3.465428878170175248e-04 8.468402637244450224e-04 2.351706361128691036e-03 1.781493369585841844e-03 9.788665552047967448e-04 1.412828576904187061e-01 8.527206310212885609e-04 4.421178944992640997e-03 2.068046778159882138e-02 6.259707273960651852e-02 1.958357226366421178e-01 1.525576505457422450e-04 1.348315376577090621e-02 1.135962484635322060e-02 5.480994132241152374e-03 9.216092491556249211e-03 2.373648911922844329e-01 1.335373764847795500e-03 4.166158532038258949e-02 1.148106040284652433e-03 5.766988701816216922e-04 1.203334087347905298e-03 7.810675272408546671e-03 1.664558526846338787e-02 4.309051058609676514e-03 2.948930011796125706e-04 2.514015833084250000e-04 2.022494507297867945e-04 1.038648622194372068e-03 2.019219982376592795e-02 9.968394494656324795e-04 1.362829468975429263e-04 1.806535472591238613e-04 2.005056699340662489e-03 1.084173612881723057e-02 2.315039916345524099e-02 1.544037375599296297e-03 1.265141542717456227e-02 1.433465462064478617e-04 8.435357886064021515e-04 2.882421341179404635e-04 1.770693153591986965e-02 8.652104259563121247e-05 9.718516855002854718e-04 4.852568772704514768e-04 3.453702788963723246e-03 1.643690726762074301e-03 1.124204555420544628e-02 2.949786651301020829e-02 8.384375438988281391e-04 2.998821690229773983e-03 5.574692258262566730e-02 1.664482258376060895e-03 1.681632411935346690e-03 1.476582214545322635e-03 1.078587958202905685e-03 1.832281861489007575e-03 1.231813656852374095e-01 8.235087521178376807e-03 4.855327820644710166e-04 9.182465577296261853e-05 1.827271901399610612e-02 1.319435084179981007e-03 3.461664371224823272e-04 1.655563082386039267e-03 1.376795606714362446e-03 7.377957444273547946e-04 4.707093799932288679e-04 1.886193297980346436e-04 1.418332949202351367e-02 2.042425779942994360e-04 3.381650751551688980e-04 3.694869865087395584e-05 2.744765959989128802e-04 1.126478843924617022e-03 7.668925428878373834e-03 1.607668467374223338e-03 8.786683692182747918e-02 1.401212397654861283e-03 8.133202926985831161e-04 9.626955717236790984e-04 2.133062935301242944e-03 4.254494733580849056e-05 1.792262074903079973e-04 1.228554901734754765e-03 1.221053894818133201e-02 5.463647987272275512e-03 4.493120449883415690e-02 2.485585851708852975e-03
1.846420579637994758e-04 9.297293448093510090e-04 1.759989324626330792e-05 6.128879896223157916e-05 8.252785397455938282e-03 4.135021502476513011e-02 1.269866005291173973e-02 2.948092158369539431e-02 1.657206924556170382e-03 1.000000000000000000e+00 2.832270382369491335e-04 1.452548087169992048e-03 5.818034119699065643e-02 2.040782810172237665e-05 1.149283630877998182e-02 1.759505902189441827e-03 3.052038387646854260e-03 1.831374811034317332e-02 2.564118162465789082e-04 4.314387556638322064e-04 4.786832539114320521e-05 3.679660574729298782e-05 7.782395645420129779e-05 1.056637034337210151e-01 2.364015110836422876e-05 1.485628392504890691e-03 1.499145349199502986e-01 2.079761155479141199e-01 7.599154567643190807e-05 1.328358721544229933e-03 2.969749781150614925e-05 5.908928840363974339e-02 1.783369638590796759e-04 1.644957403751616469e-05 8.019301379368381274e-04 1.598585019935543704e-05 3.690976448122646521e-04 1.708328746694791927e-05 5.625138210224804591e-02 2.926085235851411462e-03 4.748315102892597080e-05 5.912861964446881023e-04 1.794065038214913521e-05 1.411628644606933991e-01 8.890817791541585175e-04 2.081221274792739370e-02 7.996482018321657628e-03 6.000477550201787497e-02 2.745095682178147435e-04 2.139213106041774155e-05 2.903228282715485456e-02 1.732100969774758511e-05 2.825928110371111080e-05 1.303754190608172325e-02 2.235051280807832727e-05 8.884058685267922501e-04 1.667023930459239571e-05 1.407146024956143146e-02 3.946902404068904709e-05 4.336122707749997477e-04 2.341812558090890922e-02 2.567238209176076272e-02 5.347109938770294854e-04 7.933989063527403188e-04 4.598816719990957163e-05 9.030363049858443347e-02 4.030689332964256660e-02 4.668159135848853718e-03 1.020290180014529193e-03 4.701097265203378339e-01 2.138467721910315342e-05 1.028198062311755923e-01 4.125939817408223048e-03 4.932181445622164061e-03 3.775270551516381450e-05 8.132478235660228760e-02 1.660670874374587500e-05 5.938126868284647475e-02 2.805142857376784205e-02 5.186692084112624543e-03 1.869933705125382157e-05 3.367781927513613383e-02 3.837414911565611986e-02 5.857637720852128433e-05 4.004568344786452443e-04 9.636295067568262254e-05 2.530956056838143164e-05 3.473201542339756850e-03 3.818634046910452550e-05 2.530735517180734279e-02 5.827651065693378180e-02 9.726734751475773003e-03 2.773785990242993472e-03 1.798121845783914223e-05 1.471897801116783702e-04 3.254620580912087456e-05 1.614021486078026126e-03 1.437201893708269347e-05 5.069421270254299144e-04 2.293065204382661214e-05 8.396027765684359323e-02 1.950176999182502355e-02 8.630936511624126713e-05 1.010168468114488452e-03 7.086115978365962499e-03 2.010151103509287204e-02 2.138870023609081711e-02 1.001116301987414487e-03 1.708110147550434277e-01 2.091771614395000062e-02 7.762828803792866080e-04 3.649678264110366123e-04 3.422276310229493490e-05 3.766133044129217167e-04 3.018894323244723510e-01 2.999362308675130803e-02 2.763470387569380744e-03 6.307010760561065910e-02 4.299418331804817639e-02 8.516616418248854515e-05 4.421169837275115005e-02 5.448005365543380496e-02 6.909251369504580228e-06 5.043972919587178514e-05 2.415969780782870855e-05 6.487563537139215408e-02 2.576678789324875871e-05 1.152970608362049066e-04 2.606024691048360338e-05 1.719543477772095377e-05 1.663473441632113016e-05 7.449997050558187009e-05 1.907771142474255254e-05 8.497972389566336993e-03 2.679090413765334786e-04 4.419904709257000547e-02 2.018847075376943882e-04 1.276546907165143283e-03 9.827832917887714074e-04
2.450278009350816688e-01 7.254988177965241911e-03 9.553034999306411756e-02 4.042788594149191068e-03 1.293341134042806477e-02 3.297558836128296013e-06 6.754899675004003620e-04 5.266265183840262292e-07 5.871177535051919777e-02 2.832270382369491335e-04 1.000000000000000000e+00 1.119474591561280957e-01 1.372882729239985806e-05 2.321420340793956261e-01 2.152721915588397001e-03 1.788339639619223112e-02 6.299674104749204001e-03 3.049486491342732317e-05 2.485284241568381548e-04 6.319746470387033188e-02 2.693533365452694395e-01 2.591401334215333030e-01 8.436730750429330405e-02 2.356878926988005638e-03 1.513779930042130351e-01 2.102975646110754326e-01 1.981010678928987474e-04 5.503079353474152788e-06 1.262039085045564279e-01 1.855033173063084032e-02 2.016078137277863003e-02 3.027024151275417539e-05 5.142316966694051583e-01 1.906845554799986575e-01 3.083188459436578786e-03 1.874708130703270359e-01 8.401639884234014810e-02 1.941832109175379295e-01 3.492564601370264831e-06 7.527172592755781468e-03 2.521678220147302030e-01 5.367238595840624973e-03 2.014434289345352069e-01 6.796861884144861452e-04 6.473115521116684298e-03 5.974694273742634475e-03 3.103229716464512775e-02 1.044446576684142498e-05 2.069775621038243418e-01 1.403467978232542275e-02 3.085637144359170984e-06 1.894594183967757695e-01 3.236475501067906935e-01 1.158626331538660162e-04 2.051676692384235556e-01 3.238204168935341354e-01 1.930739186973267907e-01 1.303408683277520108e-03 1.284436401549841344e-01 6.584827619980523350e-01 1.034757823197158116e-01 2.819363494585674139e-06 7.512167498034152957e-02 2.258769312076879532e-01 3.986845396811481423e-01 1.124406155723856873e-03 2.313247407304919873e-02 7.286175594978897517e-03 8.114986652507500536e-03 2.168702623441154549e-04 1.743317551032644852e-01 3.121171895407157983e-05 2.727327198759689790e-04 7.455908080712005115e-02 4.172429060724160421e-01 2.952213229925644279e-06 9.049648707109915480e-02 1.969436959999915689e-06 2.733440882828939454e-05 1.998069737178060669e-03 2.138933850474258602e-01 2.695267390233118213e-06 1.389018036496538710e-06 2.395077098034265606e-01 2.852128779492705823e-01 8.659787482359830868e-01 2.603402277892011840e-01 2.891927734827026003e-02 3.422413425333529352e-02 1.525698530334485610e-04 2.388286292567508160e-06 6.183781792670077319e-03 5.936414933318414733e-05 2.024717241354060671e-01 8.717051013021095973e-02 4.065429450987935178e-01 4.062867997517941900e-03 9.358155768367968155e-03 1.194435595118535295e-02 2.075482229614340202e-01 6.591671709233725687e-04 6.447576547842360020e-03 2.492637319025951537e-01 2.038520638542985763e-02 4.435769383187831288e-04 8.614943968179653976e-04 4.850082112512167306e-05 4.539601187254044823e-01 2.362738788090193497e-04 1.024879150664085073e-04 1.345449950033989330e-04 6.714572794567551760e-03 2.417528018518817490e-01 3.327148575334815204e-03 1.478948229750241242e-04 2.174849528930400747e-04 6.589808068286844662e-04 8.430839763489754617e-06 2.416685858894096375e-05 6.399743629700143099e-01 2.601201136668454755e-06 1.876449535414528988e-03 5.506600774168629760e-03 3.194448909703228017e-03 2.160698813094589776e-01 2.266503704633255234e-04 2.920270913102242516e-01 2.340247512153709464e-01 2.311309126722135288e-01 1.867804801866236042e-01 2.103784682979149834e-01 2.385486901821637917e-01 3.000001841073433959e-03 1.809259060820422814e-05 2.606690415573495803e-03 4.610574403942064681e-04 2.980331648865959526e-02 2.708986737282685908e-01 3.008592923412791581e-02
