1.000000000000000000e+00 9.662498082753723545e-51 1.476299589432714576e-30 8.509686326378570179e-55 8.964633960467679538e-36 1.597690075376679506e-59 3.832504219122796630e-40 4.588866743490886646e-68 5.662766908551039758e-35 1.279862666670930447e-30 2.699105785301786857e-10 3.343492384923512347e-26 6.689897377800746865e-53 3.921628374003428765e-07 1.664925282343402483e-28 6.483712586980194862e-12 4.131160441176798487e-45 7.026505424428400111e-49 1.288341594844934803e-57 3.580659952933047535e-30 3.313132616280301343e-08 1.552950219042458525e-07 1.426281629683949881e-26 2.822161349732010990e-33 5.007162948050269686e-15 1.432014315967556159e-06 1.343461042198835010e-42 2.322725466037183360e-54 2.601672317517936557e-29 7.869841512366748167e-58 2.224469282211511966e-58 4.983583559109099108e-52 1.686655444182519252e-11 4.311287216917028170e-07 1.803674187554709160e-50 4.732365011318858696e-07 3.018097317188573338e-27 4.319144951307739010e-07 1.329132339960729629e-67 4.734272706095256348e-27 6.264776630636005558e-08 1.180801633069195026e-77 1.048721672217124866e-07 2.368158156292655631e-33 1.360975891406550224e-56 7.334861572795226630e-29 5.053459430803972177e-68 5.563975430596411326e-60 4.547952310598002726e-09 2.461219021454368932e-43 1.898374374982449931e-62 4.363950463402869029e-07 1.999367319910673555e-07 1.295768386008293023e-50 4.753509594054674881e-07 8.489944808797426497e-15 4.279000089221647591e-07 3.355871916063103553e-41 7.157395866649602716e-27 6.716774114199794975e-09 1.913053468638714368e-16 5.136870270853084920e-60 8.086781143432712032e-18 2.566903133247810671e-08 1.033169333620777550e-09 4.666747690627463339e-35 8.377405685561108962e-32 8.468175888944259994e-49 5.253923831205387451e-37 1.051153466043790577e-24 3.895338131896154247e-13 1.525749463048719198e-48 7.907355772085610319e-51 3.474656369798153697e-11 7.918214628128451509e-08 5.210730054035330239e-62 6.614820821861800481e-30 9.722381547719558504e-68 6.095312666213256504e-45 1.445479459857046756e-39 4.160885064548898816e-07 1.205697591102702490e-62 7.371372776404575933e-68 9.929316661088956605e-08 4.692755353792295806e-14 4.737164128693425416e-09 2.991233389340888558e-07 9.625469495274391868e-29 6.999341051256134477e-87 1.256048487908424636e-48 4.110020442594947351e-65 1.814186058587492361e-22 3.064773997837575659e-37 4.280026010769177712e-07 7.431250249247791247e-47 1.141438925725344356e-07 2.081891815862926622e-49 5.359361918367283431e-32 2.565947064279254968e-70 2.254273796897829640e-08 5.398814514478563295e-43 5.035296541613252477e-39 3.731137391648374768e-01 5.777161952867683270e-22 1.378467775581537883e-38 5.989396377740260199e-71 1.079447443743675319e-55 1.010240257438746632e-09 7.581668376526275096e-44 5.569743873053423147e-43 1.498807870766366471e-101 1.206194905019906597e-38 1.014390724212447866e-08 7.980427179235368805e-78 3.895506366908407079e-33 3.303378468259443233e-59 4.608365120448908354e-74 7.773825610700804451e-52 4.667710201524233780e-44 2.069159756410492883e-10 1.827962719476400430e-62 1.628669873445655594e-45 1.370935065329475874e-135 8.342504436216524784e-161 5.074422667033038546e-07 2.536943617710924189e-44 3.434094222801028871e-07 8.087452960307067003e-18 3.581117940536879307e-07 4.327284840277376200e-07 4.275439152941643148e-07 4.025967840957212866e-08 3.768930596124247487e-129 3.779935777826247090e-58 9.610205161273922279e-49 2.678190918498347149e-54 1.478835352100702407e-40 6.582676037261792948e-14 2.019624955957715734e-31
9.662498082753723545e-51 1.000000000000000000e+00 1.630886539868483309e-68 6.637643885762520209e-102 1.110203783814288581e-68 5.696100324901225257e-45 1.693641505875418986e-22 1.170770181873108774e-59 6.994584424773880395e-74 2.082296513510680185e-59 1.751320647500365753e-46 6.438006020081964258e-64 1.628988087652688741e-38 2.903631175920153747e-45 1.603015558357213836e-42 3.617451801496253622e-69 2.093000335520142747e-80 1.790362460938409680e-28 1.600611640109232745e-63 5.575341178174498414e-69 1.922597660794176997e-40 6.460813066214213886e-42 1.183175289442414473e-59 8.603471954724454517e-42 4.504052218839731932e-53 5.332455477422471694e-33 1.506740507685698677e-52 1.073152936671711776e-53 3.660776808232642999e-68 1.322368815519277074e-95 7.092904894397837792e-110 3.050935920738046304e-52 3.905180566440528456e-50 2.759430803875616785e-45 1.215190216353358686e-02 2.975524254529922719e-45 4.476695965312321621e-40 3.690139326337812934e-45 3.521512449855503675e-57 7.638269079999465483e-13 6.157656341611405019e-41 2.511966857493907126e-113 7.947397424523492613e-46 2.953929006476046681e-66 6.647138907493628038e-132 4.815090657468075221e-31 3.113253415639273751e-104 9.320919451679055319e-56 5.013061237982902402e-38 7.642553855577649935e-92 2.440915924485469675e-54 2.862091422745004196e-45 2.013898798426311821e-45 1.698873026746669938e-36 1.858088693916545234e-44 4.979620989586486279e-40 2.745227612743197176e-45 3.094707168370332406e-41 4.497484737064807124e-60 8.315297421764606287e-47 1.618444370756911859e-41 6.333722542483368732e-44 2.094685695094022136e-42 1.812425543316719800e-28 2.496459033091501232e-47 7.859788903395958601e-56 3.448799082055957440e-48 1.717926583514705582e-72 3.396899774834430798e-29 8.436785563234924655e-64 3.317561652085375440e-51 1.761678246381283717e-50 6.430035156659407734e-42 6.593695827762488944e-27 1.119425489509584312e-45 4.092803803069085770e-50 7.484540890929245980e-68 1.127283858434995706e-61 1.863624459582508944e-41 1.688385090260004158e-54 2.861425753235472939e-45 1.503351215155330441e-43 2.435888229282283200e-58 2.517895549179016010e-38 1.852620058226194516e-58 2.455120106078079362e-47 2.719111629020834564e-45 1.934767969967817479e-52 4.472130342754590170e-124 7.782950404691659335e-32 9.735322147926468703e-55 6.002715000239852932e-53 3.977442466113170860e-41 6.577997369831101372e-45 4.027938933349143006e-85 1.367335577792912644e-45 1.665035227317306230e-76 2.738462447524221011e-36 1.328881464078189578e-97 1.693242863060863636e-46 7.220027394268641858e-62 6.120639853602922827e-65 2.256089274600147457e-48 6.230963766665933080e-14 6.946434231983234790e-53 3.262160191340785512e-92 9.310915836804913069e-47 2.469404884238171033e-54 5.322565909754580394e-46 1.027880963201858799e-24 2.517142062622750674e-84 1.363576978277982816e-30 1.640512188856180659e-46 5.702815451006066837e-169 5.635124517848488679e-47 1.716710061460321609e-70 6.322329215705902148e-79 5.052121405184271440e-48 1.057350350164543726e-42 7.660399588143973379e-48 3.331597294180690391e-47 6.082826561658050454e-43 3.734068168029686509e-169 3.246692142166766447e-190 9.178132763119897899e-44 3.897801375629381458e-77 2.802524480262229956e-45 5.854085097129372219e-51 1.285925742491300167e-43 3.676086858666786441e-45 2.823744154178678293e-45 2.614432063010427607e-40 3.701471372397938328e-164 6.128024274132963311e-35 2.909404023719599091e-93 1.863349616940817072e-61 1.115694780007783122e-73 4.368549048870612800e-53 2.604469232530962274e-21
1.476299589432714576e-30 1.630886539868483309e-68 1.000000000000000000e+00 1.258434986112299976e-22 6.619320204018629744e-53 1.645230426786118851e-78 3.933921302022731245e-59 1.772666006713276470e-81 6.410227661755839634e-54 5.028650970692813242e-52 3.124334675614902549e-28 5.001747396828869451e-37 4.444061726781167691e-73 3.031316026453242956e-24 1.868715122931545556e-48 1.249913185968798218e-39 2.956914351119081472e-19 6.418594665882980002e-64 6.059024812475402497e-111 9.924812343619204154e-49 2.438922090222363375e-25 1.124968375623350448e-24 9.267167222554744370e-40 2.616146295485704364e-39 7.652153095227258071e-05 2.295859792790269735e-31 2.111823055548461169e-58 8.662213466550361121e-70 8.360733335598061791e-50 2.672932674775602530e-38 2.624352257346440400e-18 1.061347604284308574e-72 2.822496873418201904e-31 5.073883615818143568e-24 1.366061150744189536e-70 3.272600953573216916e-24 8.138872949534623783e-43 3.269555222508430211e-24 1.410748604006595414e-78 3.022581518897232593e-44 4.345154367611156276e-25 8.690181025019539129e-61 3.787453032606536049e-17 1.020534444336563934e-49 1.956387703505975862e-123 1.028994696566757231e-45 6.941592728600721782e-41 2.202880908292038524e-57 3.446906829566575655e-29 5.398971626048997994e-15 4.572353581377896757e-73 3.274563237454165164e-24 1.530516823731403703e-24 1.977576866585000396e-58 3.117785092468844059e-24 4.251649440138370367e-29 3.275564193720722938e-24 1.676026718974554486e-28 4.780674299947722643e-43 4.312800100726519832e-29 2.728881596196607156e-38 2.652127421222063437e-78 4.660055699257979112e-35 1.256595877866356307e-29 8.076935258479971412e-27 1.989336357481864732e-46 1.053779404577704818e-48 3.148699207517862090e-16 2.865040051304358190e-36 5.602843061816765574e-57 2.003946765537517485e-06 6.045215287786451243e-68 6.787427243794130131e-60 4.835013070318796752e-34 5.713404763111709545e-25 1.374310894478054316e-72 9.890464927375597348e-01 2.074974875441673680e-74 3.015523849193041443e-61 2.739432623491987492e-34 3.174284237910681732e-24 3.213331861997758174e-78 5.046293765133720858e-80 9.845469359290775594e-25 1.492099802937799936e-06 6.686488044329714811e-27 2.601412520602474521e-24 5.986882858514889675e-46 1.865764818140990472e-17 7.121884856515093088e-75 4.058914062712688546e-75 2.450466327848901566e-50 6.446746169742060341e-71 3.234395803087502994e-24 1.567266504724428329e-05 9.395508568180064834e-25 1.286907547450459774e-67 7.886511056933334030e-30 1.294664642638342970e-87 1.621087871324618065e-14 1.337613385116535900e-29 8.374364806001230203e-58 6.947190004765238079e-28 7.587322784052040397e-52 2.243043690065103716e-63 1.040614858467406087e-32 3.410530093219773181e-65 3.285737594142746394e-34 5.778340737849910616e-59 2.121986876385741376e-60 3.184279250900545145e-49 5.077360663687645929e-27 2.831527396394273530e-13 2.297584661039504741e-151 3.529452415635197160e-58 6.926290981762200107e-34 1.901268162572883414e-28 1.933585784049784577e-68 1.162402003858934084e-70 1.547232785778499099e-27 1.759907123535836943e-76 2.277321829939841551e-25 5.664318608699898976e-43 1.298166883035919875e-113 2.881550355935815501e-24 2.443091950522425831e-44 2.620686674371178599e-24 2.434958680619133095e-34 2.890497346280950657e-24 3.273084097486630296e-24 3.261771152313572611e-24 6.975905930547242672e-25 4.792593433204989766e-45 4.384525758118655520e-79 3.603359088381708319e-23 1.605224655603268314e-44 3.510408293975130258e-13 2.530611776759692686e-15 5.156846698662731617e-48
8.509686326378570179e-55 6.637643885762520209e-102 1.258434986112299976e-22 1.000000000000000000e+00 4.262513798961051808e-88 3.657551708834655038e-93 1.056334116136723292e-85 1.860311239880262962e-92 1.398526680261716603e-66 3.760404721957599337e-66 1.762950873236536787e-51 1.089483884786331445e-40 8.533832093707330389e-94 4.463475356233800481e-60 2.716872769980820416e-77 3.951071541172635931e-47 2.450431168876301342e-05 7.486291672714341436e-85 7.601352117623506169e-119 2.197212200669626143e-63 1.662755560578121571e-60 5.144803976755314865e-60 1.262110391209721277e-62 6.539675230432345723e-44 1.395955310139051397e-32 7.866988518157750617e-61 1.120676466581114093e-68 5.209991523254985500e-82 6.402039062799440250e-82 7.299804245571219227e-29 3.650291819904314216e-12 4.457141173196712223e-87 3.650480899180017565e-64 8.455899639910480625e-60 3.928557938287525029e-102 5.867777823427491764e-60 5.661369931400106470e-74 4.905259800453638302e-60 2.033792608933755724e-96 4.185471510167098303e-75 2.377285355806154563e-60 1.055936059112592576e-39 1.614275280886934505e-50 2.977709033912668137e-50 1.583691859773512999e-121 3.724605162288278897e-74 4.850395726853256463e-31 5.619213341823779243e-62 1.573488451041710693e-61 3.161409656835769593e-04 9.786401937373132439e-84 4.865831044724431640e-60 2.217013336688539661e-60 2.828412422587444230e-84 6.248117553129460388e-60 7.895952660055889652e-48 4.732322749204159687e-60 2.993929643112352138e-31 2.399133404900421847e-78 8.313135809756559817e-54 3.336833587734396302e-50 2.601387527066038306e-95 2.221404267717359670e-69 4.231102613616840657e-62 1.182689618831681578e-62 8.336669611958039331e-50 1.650717889513544710e-63 2.120476047981503901e-24 3.630994811419608567e-45 1.730685408298001057e-71 3.444056883492830867e-35 5.158718024870824442e-81 9.945809248011123101e-69 4.274102606763134902e-59 9.271399607880360797e-61 1.064441674578290042e-86 7.660815530559544530e-23 2.262536277845850705e-85 3.415799618143857588e-78 9.784148254196646600e-37 4.582033978613487428e-60 1.047972156111023788e-94 3.356385996048013487e-92 1.015520992095719064e-58 5.421798345354091357e-19 6.448974760828481137e-58 4.023383061505916791e-60 5.078833144989964113e-80 1.307189643367656172e-27 8.455922856541096152e-95 4.449549742957857927e-88 1.915962625383201901e-70 1.093927450636200927e-81 5.166652739903386774e-60 1.163108734080212429e-17 1.514499199723693282e-60 5.792096327252417269e-87 3.951471378311799261e-56 2.249097824424049791e-95 4.288415055909820354e-47 1.094391908545492053e-32 9.785479699849943182e-54 1.827464757533203264e-56 7.129093294144781459e-76 1.152542692149618616e-77 4.011184484383043281e-25 5.596849927798881520e-86 6.631013944297017852e-55 7.176111020145723900e-69 1.039568170414200339e-74 2.820716505788824026e-48 3.088630275458416015e-43 3.553387851797273088e-44 1.557478216440592030e-144 1.162343735008510824e-80 1.420284740461079781e-36 1.347720492547328387e-27 5.621475079206885224e-81 1.383170863797679748e-80 2.984126336851813046e-63 9.975346443282146333e-91 5.505119620359207089e-42 3.398112974096068998e-45 4.126559845821937336e-94 8.057030864854304794e-60 4.603708938597939594e-45 3.868143082089825812e-60 9.697886807081400725e-56 6.918282398122766594e-60 4.933707002631203249e-60 4.788757256780266388e-60 1.737676907524561553e-59 1.718210287028000497e-37 2.948088969650559267e-99 5.486429490054289815e-03 1.238347160952476322e-41 1.371765358420352963e-12 2.318665559385636241e-31 4.424383257851933268e-79
8.964633960467679538e-36 1.110203783814288581e-68 6.619320204018629744e-53 4.262513798961051808e-88 1.000000000000000000e+00 2.024011599961136231e-54 2.809392975349065724e-51 3.141844925491688570e-59 2.332198489794499691e-58 3.164937402315648423e-25 5.785855541272181632e-33 1.025928656944012411e-47 1.164634439646068275e-44 1.718642412153082821e-29 2.186744870079106179e-17 2.637907553173264961e-37 4.282294034625688431e-74 1.778345939139459341e-41 1.488982751563166760e-116 9.871033071678050729e-54 1.487053292886428149e-28 1.258253568213896219e-28 2.374280280525945896e-48 4.175232430944960451e-37 2.246330622731839951e-37 1.895112083374633170e-36 2.134540017522996296e-45 3.434335933962057214e-45 8.623744509128792877e-55 2.792792187612966920e-86 1.961800786789417973e-95 6.812283855437346098e-61 2.211635401568039838e-36 1.877516595441890690e-29 2.434551321809127930e-69 1.865343604725241938e-29 2.213785131054240292e-40 2.044899589983746794e-29 3.407490987109585794e-60 6.822283777404133302e-49 1.511395667304221960e-28 1.161529365750862865e-99 4.926695108120335225e-30 2.883872748570304094e-28 5.499944082105045007e-126 5.981278825461828670e-34 4.726822488047640680e-88 1.640721192959599904e-46 2.539718953711852147e-30 6.832029133763245298e-77 5.418122412319401201e-53 1.866878084654506185e-29 9.240022677206500391e-30 8.065840794757217737e-52 3.400264236019840251e-29 4.938624737494586823e-36 1.836918015924818729e-29 1.034134209275078424e-66 2.347159068008259442e-48 6.505601409865482079e-34 1.188925953813069279e-38 7.313128188201835096e-55 1.470377551177252085e-35 2.165864824789885103e-34 5.550214931609859622e-32 1.125784653070576533e-46 3.716564592721843794e-48 1.386781621138255479e-40 2.554066846237412758e-61 9.147024742942642917e-33 1.733804004229460084e-35 1.761734751680132623e-33 4.763662505039049856e-52 4.237634110524775059e-40 3.723558240068383497e-30 9.540753711544197862e-54 3.036853666987310846e-52 6.233385176560113784e-57 3.780466674529585469e-43 4.822999341122472475e-64 1.810110280354019701e-29 6.390601376369737020e-56 8.872830724545873940e-58 4.172561415541321246e-28 4.515690830902371478e-41 4.793198459703475407e-32 1.347546751417884693e-29 2.383214824388397227e-45 2.806521060298236449e-107 1.243718765229480928e-47 3.223635946686198971e-53 6.955820584729046667e-49 2.970236426554903600e-44 2.475334306228572754e-29 7.000930372395134783e-73 5.376986224637228171e-30 3.233508532407004599e-72 2.021133484135340180e-54 5.289817207729158374e-84 9.849860831423823679e-31 5.618765322859668505e-36 6.138384233764267894e-51 3.884865213507129150e-33 1.138107798282657028e-51 1.388172566747085524e-45 1.663674227333811742e-62 7.357957025356945525e-56 4.098161666939434130e-41 4.757546183826895080e-33 8.968418959785066077e-51 4.565190696538999324e-108 1.129493004466508117e-60 6.244497546886685738e-31 1.144683285690169675e-156 9.789862836477020770e-43 1.021659421208760520e-43 9.457239060793433020e-60 1.848189717872817017e-50 9.037819445768450071e-51 1.335645131868094328e-32 4.279103037969383495e-58 6.148196186053410363e-36 1.131787930180920212e-157 1.214757151479765833e-182 4.910170457736315504e-29 4.758090414495413750e-38 1.526837810515585939e-29 3.918786354608965837e-41 5.907385093511027602e-29 2.045492964215630506e-29 1.844972634755542164e-29 1.751401148111536843e-26 1.200829918945503800e-151 8.800892758044371666e-52 3.692743508207720826e-82 1.613022038581936137e-78 3.596129422542686805e-51 5.263814596905238286e-34 2.893677533506448158e-39
1.597690075376679506e-59 5.696100324901225257e-45 1.645230426786118851e-78 3.657551708834655038e-93 2.024011599961136231e-54 1.000000000000000000e+00 4.116568904481504079e-12 5.541899480329052878e-04 3.371468795571385414e-57 3.317101342393944524e-22 7.358446532452692538e-58 2.466960040732614666e-67 7.859312377101863867e-02 4.205779127024710115e-61 5.648010005218272153e-51 1.946809971750903125e-57 1.801515655227764519e-73 3.149893926761681723e-08 6.798750392744812831e-65 3.391122305930848080e-51 1.206243832282774508e-60 6.667178854099911991e-60 8.743873872169464145e-60 2.510433180328977117e-31 1.602954950064113512e-65 3.368693383288031074e-36 4.267363001720926787e-10 1.570850751938985840e-04 1.195022253969173300e-81 8.888501501740235214e-69 2.360884515575681986e-101 1.963337609087802865e-06 9.100584808783625944e-61 4.111132737953838105e-61 9.678337673167753348e-53 4.424307893261955775e-61 4.652646049993719171e-71 4.041779198415034536e-61 2.093063303700186015e-07 1.007053295317545748e-27 1.344670380950818057e-60 3.489188555577767390e-81 1.305906879527645898e-60 2.949124481191671714e-26 5.280287902165483467e-123 5.511922391349197529e-50 5.094832428478119464e-71 3.610492871997852290e-09 4.581128860433538669e-61 2.264329632140248421e-91 5.931804434376842594e-04 3.819903690315589257e-61 3.021432482582863312e-61 4.242256804942296630e-08 7.440506958700003042e-61 1.004282720445245570e-51 3.790973784914901090e-61 2.824797094883662383e-33 4.584206272143362711e-77 1.507399511505810445e-58 4.117671692727020861e-35 2.373242866823695174e-02 2.100896588691473426e-53 2.574906605085281741e-36 4.417028979146166994e-63 9.916902869139312113e-23 3.004556881911871104e-29 1.571906899394997733e-68 1.985532237502679324e-51 1.572854782655823350e-23 4.364567515872563507e-64 1.211586411671686196e-09 8.258764221343366173e-16 7.423892754476207357e-36 1.936159198412957428e-61 2.661254849335400915e-05 6.082874520762046991e-78 2.880685486529737243e-06 5.918694604840053410e-12 1.422743155228184459e-40 4.010809131697978057e-61 2.015242405161015438e-01 7.167398047591625311e-05 8.868863311075970544e-53 1.422548247611446384e-63 5.301610211476369815e-62 4.129458310006044927e-61 4.064907554143415738e-52 3.996065525237022417e-128 2.844774524551700258e-16 3.919054049843037448e-06 1.700958723524069795e-40 3.116116981429524576e-14 4.705542056402794337e-61 4.191861145160982463e-93 2.168692800455812794e-61 2.926515812924601757e-49 1.821328770125579865e-59 3.299537064946929715e-74 5.522196007367716573e-61 4.524388248579630411e-25 2.038708059484611391e-40 4.675176367780364189e-59 2.172007588502171823e-48 1.792593783317255281e-21 6.763819199896071552e-57 1.000307935882378403e-07 8.510285363650973717e-57 6.175500590680742934e-11 2.952355535948782151e-14 4.218319049390691576e-80 2.011946981519012391e-51 2.410746849795498771e-60 2.006857663629137379e-154 1.718913075521869439e-17 4.779900202044969376e-30 4.460232588794286683e-63 2.794915098272178836e-02 3.617800221739403214e-08 3.450003771602075775e-63 1.067197546540398639e-02 2.053255073635433119e-35 9.377380684963109082e-171 1.658988028491273927e-151 1.317686347340458408e-60 1.030123622748740395e-31 4.122231771344389852e-61 1.607423257773483387e-65 9.947498069680600754e-61 4.065872405083628725e-61 3.981111836199109643e-61 2.635162093631105086e-58 7.397019227631381902e-154 1.152289590502452326e-08 1.149199667152232324e-88 2.054035803365833019e-24 7.989712485440908061e-63 4.855231429521969422e-51 7.678916067045138472e-57
3.832504219122796630e-40 1.693641505875418986e-22 3.933921302022731245e-59 1.056334116136723292e-85 2.809392975349065724e-51 4.116568904481504079e-12 1.000000000000000000e+00 3.935423127477608073e-16 4.236235629183991470e-39 2.480307834224475547e-22 5.798298726175345557e-35 1.185352132919477860e-47 1.117000426709771470e-09 2.968150307888538585e-36 7.905264658412473099e-32 3.144161470721110706e-54 3.127319313099320963e-61 4.439947245966669824e-11 3.736366850759088298e-65 4.688074454911056991e-34 5.145973013350402777e-33 1.782257376299107651e-33 8.780218489879142991e-43 1.510099983151551385e-22 6.540810677900275314e-44 4.600650787031429752e-19 3.715173050816564544e-12 1.153555436781369451e-13 2.871378741304622766e-55 3.507846902238519326e-67 1.554319323948144539e-94 1.547980984384391206e-10 1.525221836645691383e-36 1.998645640681705449e-36 1.829973931273887491e-28 2.188378438024044680e-36 7.020849119297754863e-36 2.433522409450180885e-36 5.407241980588316117e-13 5.666431798812154660e-08 2.472541761787823927e-33 4.464805873499081307e-82 7.816132643291157212e-37 4.832935924902221618e-29 2.776762202800193622e-120 8.764315631861564430e-24 1.730926659979426843e-72 2.300714693796844775e-19 1.156910321583299355e-31 1.768018797782680991e-79 3.823222479669800670e-14 2.011921490355263325e-36 3.836422175784108463e-36 8.971404625392687539e-09 9.195106386007435890e-36 3.556708497129812506e-32 2.023648791949893556e-36 8.116606549922848185e-26 5.542628467339033627e-49 1.720989269620739679e-35 7.098670222296018574e-22 2.145378333877752613e-13 1.447861176385896905e-24 2.173522157713211300e-17 2.820265712825481386e-37 5.104900323816673381e-20 5.746934196024445260e-17 3.429555666843581212e-57 6.250506805432759666e-36 3.841860791693311008e-26 4.405274756357936421e-42 2.271426132550533856e-15 2.871766083399846855e-20 4.763968536148589416e-16 3.599885538412806869e-36 7.999940399558083774e-13 1.755602404587982268e-58 2.782756931179081346e-17 9.848995241772712221e-15 6.967804185867383939e-28 2.477094397240057978e-36 5.920617156081371118e-12 4.180002952666223191e-15 8.961819697843487444e-31 5.365740300904696549e-47 6.136214255991351598e-37 3.856446302414239343e-36 3.215539783897920917e-25 4.681927166136853093e-114 4.103859051971270655e-21 3.951141718057403271e-14 7.441678561685531758e-27 4.515233653535768753e-23 3.781300006693940258e-36 1.856617413556754389e-75 3.593887119125960628e-36 9.023888500208993423e-39 7.604001983824999193e-39 4.581982274450162368e-72 1.597846064213503588e-37 1.347514786198272746e-32 5.781527925827466273e-33 2.731188765827599914e-38 6.232292043779725536e-26 2.966495821417035452e-23 5.499087956323556659e-66 1.048683607431196031e-10 3.479899584997203999e-37 4.422981628084095058e-14 7.555559086665183744e-19 3.819748329493597535e-89 1.978568319215746912e-36 2.674664569366499918e-37 6.738233107295264067e-153 1.154018205489607698e-11 2.006144988405681694e-40 4.895557897014292909e-70 1.968931855262890391e-10 1.100836335842467783e-20 2.643585160610494399e-37 1.525992070261344834e-11 2.946916970428319783e-36 9.901051775439411411e-160 1.018948790546236126e-160 2.747993657643080764e-35 5.103907804168423941e-34 3.460588851730649901e-36 2.986045946372216679e-41 3.671291081004665644e-35 2.428986788896783448e-36 2.238763751403359874e-36 2.992639010617323734e-32 3.568343556147750603e-147 8.168758430044381238e-17 8.854493846736935422e-78 2.519325325339580794e-23 3.540322223262801120e-57 1.223680719022355244e-33 1.066196798634770577e-26
4.588866743490886646e-68 1.170770181873108774e-59 1.772666006713276470e-81 1.860311239880262962e-92 3.141844925491688570e-59 5.541899480329052878e-04 3.935423127477608073e-16 1.000000000000000000e+00 1.667976905809322110e-56 2.880391295077432696e-19 2.901307117945622632e-62 1.165926894237723036e-64 4.426791275666110967e-07 3.653516097713919561e-67 5.655402347635095915e-59 1.286933373298442797e-66 7.248371512274763242e-71 3.597325610694172462e-18 3.536473918323919280e-81 5.845146085993757148e-52 4.117763591784045559e-67 3.318311062923247142e-66 6.775371586105397474e-67 1.153072737821742854e-27 8.537534811047906150e-70 8.781877651005326679e-44 9.719486072255683831e-06 5.461751528624365914e-02 9.420409897394361850e-88 8.099480414385910410e-71 2.318114486478971552e-105 6.350435273108339523e-04 4.603974725651884088e-66 3.443687310162998494e-67 1.150925800613424266e-70 3.661089521769049702e-67 1.064957951851976621e-78 3.218397151759127690e-67 2.002357852516435319e-02 1.048821432417975251e-37 5.102585388079301731e-67 2.343606268631534347e-80 3.658995412078296549e-66 7.027416375054681386e-23 8.780117341225597227e-142 5.105692473315522790e-56 1.220574644997688414e-70 2.719187764328416088e-06 1.402248247762137433e-68 4.242808288558647172e-91 1.114811771115557237e-01 3.091936788828890673e-67 2.929280332665153456e-67 1.149213509183070975e-09 5.387502266992734467e-67 1.331297579268659342e-56 3.106188648322200509e-67 1.766695826516125890e-32 7.452472791039011465e-83 8.997498779898780013e-63 1.712796661298469751e-34 5.423456726979618150e-09 1.929636798031117422e-59 2.248679801615402491e-43 5.886370368723580243e-69 7.248264108863202000e-17 2.511478228079597576e-24 5.241388641621369768e-67 1.489462354140376026e-59 1.559252808387581147e-28 1.367321344284777389e-68 1.032304770633975141e-06 6.836431452290114037e-22 1.396007002870010782e-45 2.030146441462125832e-67 5.518442438026672364e-02 5.935540811749060369e-81 2.251380609729816129e-01 7.967926656365688336e-21 2.971483404970021234e-33 3.382547827221624539e-67 1.348570935229822796e-05 5.221536761025681317e-01 5.814880116835485901e-60 6.385559736973637324e-67 4.877871278787557014e-67 3.805712866041181191e-67 1.845431916632587627e-57 1.841562701255740951e-128 1.081868401902034044e-31 9.034654395802840798e-02 1.721237461662711573e-50 1.049148862782104836e-26 3.616948583390047282e-67 2.956930176491145081e-96 2.263615510733076594e-67 1.996410326260872640e-46 9.819292127055666422e-68 4.668625503497895361e-83 2.407376620768866319e-66 2.535411092200991704e-23 6.396960213160425266e-37 2.324462309257658676e-67 1.737536483697315459e-64 1.040183413927069911e-32 2.391025120816418050e-58 1.786798773276547874e-06 1.988844903189208757e-62 9.807076965400338082e-09 2.587310320341690701e-25 5.007717904905604734e-91 1.494970281770438363e-60 2.189978107553138563e-65 1.588717884725096234e-173 3.930193497086325466e-21 3.276213493604652830e-27 3.710620951978452252e-66 8.005263795654214698e-03 1.012921880850063329e-16 5.458093814768760684e-69 9.123301298601260712e-02 2.403959644855774450e-37 3.696483425982917879e-170 8.799570144369878198e-158 7.917386210950772154e-67 4.999198521697379978e-24 3.698820905776330943e-67 6.032218621541613122e-69 6.411964231225502648e-67 3.239821179217503059e-67 3.313354371395226190e-67 9.094956968161178409e-65 1.752463887079294009e-154 2.119806841291991268e-20 2.249750932104443182e-86 1.881714958235912614e-20 3.692746794999730659e-64 7.417149545390339259e-52 8.312296502844139141e-68
5.662766908551039758e-35 6.994584424773880395e-74 6.410227661755839634e-54 1.398526680261716603e-66 2.332198489794499691e-58 3.371468795571385414e-57 4.236235629183991470e-39 1.667976905809322110e-56 1.000000000000000000e+00 2.612252331938475599e-37 1.074309443639640403e-21 2.396055382980985153e-19 1.149397793361596939e-54 8.003217329452641109e-30 1.003880929331021558e-50 5.139483622778162755e-53 2.432409822504394931e-57 1.226921712803450805e-51 2.097794294926799515e-116 4.578718966678447383e-02 1.185609017290097525e-31 2.789901714790788618e-30 3.131662725749972256e-40 7.981949846325354338e-36 2.126806634627319980e-38 8.834350077964450966e-25 6.858324984308662171e-36 3.891998830996052787e-49 9.841807388640529574e-38 6.773898221260792265e-80 7.538285447477051706e-91 6.901717920987720528e-45 1.235752645974894881e-28 1.695935152352264110e-30 2.652042101429353851e-75 1.945893757846614948e-30 4.152341011598108953e-50 1.650987633987037105e-30 5.790093783347218128e-51 1.342037623256787795e-32 2.219965288333495125e-31 8.338011445603669215e-81 6.419669874474299111e-31 2.333626512014034184e-40 1.374946369527465506e-129 8.429728063613980034e-55 7.788031473446381513e-86 8.600414219595818104e-47 2.594430727605688499e-35 4.118780160410355735e-58 5.414915487541327683e-49 1.671512743353572761e-30 8.004644684538279002e-29 4.480336470473042661e-39 1.674579201737254423e-30 1.634489620991239657e-21 1.975720248890005399e-30 3.695580778012767743e-47 1.217647082796645776e-34 2.128005732011233350e-21 1.550849763652514164e-22 1.928407422083466236e-56 1.616410015386388680e-23 3.330216545217002521e-26 1.814980554746776194e-27 2.274617909771934798e-38 7.848542734410998367e-17 2.154492931261386168e-63 8.398076215438173069e-39 5.757495227171670891e-36 1.622679501773711568e-36 6.484673954933900927e-43 4.470450747621647029e-44 2.176380797640425199e-28 3.593080716694841644e-28 1.962928779439706460e-53 2.919342423598409074e-53 5.647457887646497557e-56 2.244923307935178408e-38 1.156172798716513191e-31 4.044026029584814256e-30 6.559184636261091506e-56 8.758582235729922326e-55 2.712822608471536470e-30 2.355874373652225518e-35 5.695819124858494980e-24 3.008128804238651624e-29 1.154303388903254741e-20 7.740439226158801101e-110 1.812870284525645678e-55 7.583475758048796810e-50 7.709140393172369842e-31 1.801238974311280105e-61 1.648370887120300759e-30 1.928052723184057222e-73 2.141609862055794080e-28 6.685118580949036205e-67 1.317307714657367732e-39 3.638872026072644122e-82 9.155606300970140588e-32 2.180981702357169391e-49 7.078089541104284371e-31 3.617614969370188276e-34 7.352031087376321843e-58 2.976103275265881048e-41 4.922027807411681114e-80 3.200071105319334922e-37 1.325805648878154087e-27 4.164956538850057298e-39 1.331742121060169331e-62 5.591481863357390709e-126 4.360502538709860430e-47 7.227190431505107316e-31 1.315793000580021886e-157 1.600368372283436190e-35 2.469491717254445722e-59 9.431496472125191441e-85 1.203430338238852355e-46 1.571980742425683127e-64 6.012831864027778767e-27 7.090406080917299147e-54 1.209269620451666905e-61 9.456042678179239821e-158 6.392429734970971778e-184 1.647730990736248832e-30 7.190752578543668554e-31 1.734365653566347774e-29 2.524373819153685911e-20 1.511678300547947403e-30 1.655321964780777241e-30 2.669987726917951311e-30 1.789213599875127118e-31 1.737052640028999488e-150 1.128817848618868528e-58 1.041651214097693414e-58 1.342773115317160789e-40 1.894794391037293240e-50 8.869607981494739898e-16 1.795484690264400920e-54
1.279862666670930447e-30 2.082296513510680185e-59 5.028650970692813242e-52 3.760404721957599337e-66 3.164937402315648423e-25 3.317101342393944524e-22 2.480307834224475547e-22 2.880391295077432696e-19 2.612252331938475599e-37 1.000000000000000000e+00 2.588625825680638057e-33 4.544334444676782781e-34 2.556056379405222184e-20 1.039506894634671223e-34 1.151277567867051394e-27 3.110340820047782028e-27 9.039497214887574253e-47 2.360629781073462190e-27 2.007483805462192304e-70 7.947366231762030163e-36 1.430582675970845504e-33 2.050847463312587511e-33 5.913231740675638629e-52 5.711028573356885418e-12 4.422595054615875892e-39 2.230204069806148552e-23 1.269055641610204520e-08 3.457759359175449437e-11 1.823449030640195630e-55 1.028652380411536427e-67 4.561660110612945624e-78 3.776465993793719698e-16 1.186566541400691711e-35 1.033453088015174325e-34 1.926818124619193037e-65 1.149742965452470964e-34 3.550531840193650416e-44 1.069883565864079772e-34 2.288738653609230779e-19 2.680468148939463738e-32 1.338451704696456440e-33 1.459319865256165458e-83 3.097482221948231194e-34 3.491368617738751585e-08 7.785668759194188548e-94 8.808496559840769850e-28 2.921525611317180502e-71 3.799688965938725486e-18 7.237382489114916410e-33 2.041881371932968861e-57 3.200966316328079691e-19 9.818171236458687156e-35 7.138473271568395265e-35 5.241071463751245632e-23 2.367784342557063452e-34 1.259148470326137101e-32 9.606734381525124488e-35 7.113815151361312148e-28 6.858376263239923701e-52 6.127647084300332849e-31 3.679298247465030477e-14 1.618250837535207941e-27 5.858773477135613471e-32 2.312567980129958667e-24 8.963904143414257502e-37 4.936298528572506547e-11 1.826855125186004683e-15 2.517522406273118131e-37 8.452109626060333895e-50 2.947149417644628335e-10 1.196931361918098783e-37 6.793800344180937789e-09 5.414986931551191038e-38 7.291664585148920473e-25 4.008230955623553827e-35 1.575804218639087653e-15 1.834962388031672349e-51 1.767354974267567529e-18 4.038599352561432537e-25 1.774180519997008655e-23 1.008867846411245500e-34 4.321182168688652085e-26 1.497307489972516193e-19 5.104160262659878549e-33 9.234573132319037082e-34 1.595509119436956925e-34 9.602553017047811428e-35 1.370149276675081542e-35 8.335954689354054272e-102 1.385811471349110802e-38 2.832880727038894493e-17 7.275415749695978211e-28 6.574896045192117620e-29 1.330199387492154382e-34 2.196242830372069728e-65 4.998686430187941186e-35 4.517324364153843495e-47 9.663615453469732005e-52 6.709759081583425627e-89 1.417938984810365313e-34 2.858670640963083078e-17 3.578158813219575225e-29 3.637855062606406389e-31 5.537473989210903769e-43 1.468521017625169352e-34 2.524517612314268945e-55 4.489399568344298240e-21 7.370638281072963946e-31 1.463555514909530933e-10 1.153073769027247749e-27 7.468959021473804728e-101 1.686496498413474864e-54 6.374939408488986315e-34 2.603924954862441590e-119 1.038360397281678862e-11 1.546750657754240411e-28 3.926733489463198577e-59 1.607717268394967233e-14 6.124868510142002379e-22 4.902747034762005433e-37 1.543210297080420175e-19 7.189027155581098704e-29 4.743770873150157891e-148 1.811034859984872493e-178 3.996647738863695060e-34 1.236756279863164630e-08 1.001833810653623232e-34 1.237833211801391874e-38 3.951792888517683337e-34 1.073163188388785256e-34 1.006275458244151167e-34 3.804199499223797369e-32 1.328681597445071568e-141 3.341099554467112329e-38 1.398274995410867918e-55 6.167951940523948044e-33 7.796607330629446939e-48 1.236032203681418402e-24 2.559356864812549662e-43
2.699105785301786857e-10 1.751320647500365753e-46 3.124334675614902549e-28 1.762950873236536787e-51 5.785855541272181632e-33 7.358446532452692538e-58 5.798298726175345557e-35 2.901307117945622632e-62 1.074309443639640403e-21 2.588625825680638057e-33 1.000000000000000000e+00 1.462777116337052270e-10 7.466591053079483240e-52 2.765774829624592147e-04 6.433421271951506138e-26 1.054501503803089873e-30 3.013671050301942601e-41 6.052326717662015256e-47 2.585170590799606062e-90 5.885683547130650022e-17 1.899916037521730638e-05 6.657882338422977417e-05 8.735996905241487873e-12 2.331955533937837683e-24 1.087500286149536294e-12 3.179678934954910164e-11 2.403126606251416827e-37 1.831405089274386461e-50 2.233425046830538089e-17 1.870681732452200510e-49 9.739489951646457178e-66 3.116018843005940386e-50 4.892737019452342680e-05 9.309542733262482766e-05 1.576400073691732883e-48 9.865328977160145419e-05 1.838718959289328166e-22 9.404125089805045340e-05 2.387290367357573202e-59 6.805850653246911807e-25 3.125067336211436575e-05 3.397889812704787570e-57 2.757224669320223581e-05 8.024029742649278088e-29 1.333900126264704915e-103 2.402396562459954294e-28 2.736408207338546836e-56 1.637194782802624453e-49 1.103492597137729139e-08 6.203096653959856021e-44 3.634672655282159600e-53 9.259549031086522248e-05 1.193822779168646252e-03 2.043500182428219942e-44 1.030291869965657258e-04 2.932691818333555724e-03 1.040642505140280315e-04 4.293855279723991760e-40 2.884506669959637939e-13 4.933408220749976869e-02 8.085254503877506338e-12 1.231176545442678212e-59 1.569485307806693822e-14 1.241496667730463682e-09 2.518299808974554764e-03 6.244594746344362654e-29 5.734814792191499729e-21 1.373553254522487738e-42 2.412822886809542455e-23 2.646056241265180388e-37 8.437024126070320386e-11 2.005418838742691086e-40 1.742860948295900310e-35 2.385259242008700701e-17 2.524964379813935279e-03 2.148884537019478642e-56 1.433384647550280707e-27 1.070642849322493736e-59 9.711250880452016020e-46 1.841415299616798521e-30 1.729647865091780772e-04 1.683358377015950560e-59 1.337391519077743241e-59 2.089176619667571584e-04 1.140458686698048024e-14 5.463635670696472685e-02 6.566205950000575907e-04 2.521820059421939850e-25 2.591056902449914813e-84 5.421272852788854539e-52 4.608671164641128999e-55 2.146191720237387621e-35 1.005482682637980387e-44 9.752506734818314085e-05 4.843431579235046453e-48 2.023789257291845611e-03 4.652666525436707214e-36 6.131768707398083572e-19 2.751076757126775476e-49 4.867494535779827406e-06 5.760102422559894099e-38 2.512243490157853024e-21 2.073708195861006789e-08 1.730777781681756136e-30 3.888727940597768919e-39 6.520726074841786441e-62 1.392320296556261563e-48 1.918518889646455899e-08 1.742379641031797895e-33 1.685310012881050825e-51 1.566537956331792967e-96 3.664039294641935326e-25 5.251180934886048438e-06 8.381095025504464733e-132 1.827834156832598771e-40 5.964699798410183549e-48 2.755632299344886614e-65 8.138699941586704620e-51 6.106374520843231875e-55 1.754747925221943191e-03 7.980705750125926691e-58 4.517529893843425931e-40 3.289582551377451354e-132 1.493697185124786713e-141 1.068276172267054546e-04 1.883114865796605724e-39 4.624010255666218786e-04 2.204479674325828811e-04 1.090843867415591209e-04 9.404457585809902179e-05 1.285530288272820876e-04 3.809443516818030405e-05 1.092166888269498788e-120 2.426436421111705723e-55 8.060934534588738378e-47 8.392580429026540168e-45 1.410097451521653840e-28 1.936985196140832118e-07 4.033768342479027663e-26
