1.000000000000000000e+00 7.333977761686493162e-04 4.846148339021705276e-02 9.210509304014511398e-06 8.413365016875904334e-05 7.511649681792488940e-12 2.114702098499769600e-07 1.351665324344107936e-13 1.279000496815393274e-05 6.271581569419124629e-08 6.018404816586495759e-02 2.052871520806392753e-04 2.965259283845595603e-10 2.505982321274074498e-01 3.344123207536555791e-05 1.167906339816897896e-04 6.845367639614194008e-05 5.594469756696900085e-10 2.904747705568879239e-07 7.058654588147849475e-06 3.953455349745277903e-01 3.748037993208265251e-01 6.404953850641733769e-05 7.676121735867505988e-07 1.186903221460099411e-01 3.839878502857211329e-01 7.912846068409608474e-09 1.401865770847763460e-11 1.578462288902656016e-03 1.159312323875822526e-04 6.183871064649391599e-04 6.096047360268569913e-10 1.372029302715702982e-02 2.505905091702774201e-01 8.779713368626102486e-04 2.556926193230745215e-01 1.438411051667434076e-02 2.577003717073498290e-01 6.223148598136156692e-12 3.020748088759413739e-04 4.153457143998165457e-01 2.217745625025955394e-06 2.490407333539884360e-01 2.790839180877024529e-08 1.119930162726481913e-03 3.320421918523883088e-04 3.762669654292200667e-04 3.833354056634998269e-11 5.023241394447300889e-01 3.290670844332966704e-04 1.304796415450141677e-12 2.454012147878987249e-01 2.454845131231329081e-01 9.202880451345745626e-09 2.809835216804204561e-01 5.393842984018346227e-03 2.432752489552838793e-01 8.534324961248593994e-06 1.345999480794296587e-03 7.989609520441469381e-02 1.327499897307331516e-03 7.417190176265879893e-12 2.183174352340276278e-02 3.545447712152907660e-01 9.885509748810632213e-02 5.989552475376451386e-07 5.326158887295020280e-05 1.240542461154223283e-04 1.883794143990461569e-06 4.295700955145959958e-07 1.553806700034003618e-01 1.937070610114074400e-10 4.473248319485546493e-10 4.085099369585981632e-02 1.933119459260479178e-01 3.525085066806554962e-12 3.636951720471522792e-02 2.047176143087265319e-12 2.675903331864101120e-09 1.448219978806363556e-05 2.234491442552991591e-01 6.224313709351659998e-12 5.835979688903875507e-13 2.433551453117449304e-01 7.932415919357811707e-02 1.253606829694990654e-01 2.207107939518079265e-01 1.585958018494269426e-03 1.869568071576133313e-03 1.879813824027601466e-08 1.794389336972837767e-12 2.991428857982490037e-04 1.372514913007613821e-09 2.573748176943131960e-01 4.448362192982853631e-03 2.209458367237940590e-01 1.425196867423143509e-07 1.905371693674406489e-06 1.019467053809889957e-07 2.435873898736091447e-01 3.865361066800010429e-07 1.467532669343099013e-07 6.731933940381107373e-01 4.130886888579188808e-03 1.913284481579900758e-08 5.670006175513347477e-07 6.929441369649840914e-10 7.616037868539675924e-03 5.449454666496832570e-09 1.562627135072429596e-08 6.235342425531401303e-08 7.643812122166619972e-07 2.966438799530026205e-01 3.901032179929942497e-04 3.375154490272312383e-07 1.682060247597032005e-08 4.153813536119145367e-07 3.852048506988431075e-11 4.233055704112627994e-10 1.892797052455369167e-01 5.732554993716227059e-12 3.339324304153869903e-06 6.244407956531226563e-05 4.730416635843054379e-06 3.328308432645396553e-01 1.012886975225148462e-08 2.472855425507183569e-01 3.978119903460749368e-03 3.335760192874199226e-01 2.639312782818452052e-01 2.484932523468169618e-01 3.213219114950716659e-01 1.323080438335524471e-05 3.418846656068460745e-10 1.931822736474336090e-06 1.031885009694580978e-07 1.185499518709617645e-04 4.306078462015713870e-02 1.596088438844039730e-03
7.333977761686493162e-04 1.000000000000000000e+00 1.202166216029353798e-05 3.536474168875613785e-06 1.289367127264982152e-05 1.268805877117428535e-07 1.435326179392843252e-03 6.934394016804445574e-10 1.463459955696689521e-07 1.057602894923737588e-07 9.642318235817025286e-05 3.231380849667885033e-06 3.113751339262043968e-06 2.615153263355906837e-05 1.330918073677636853e-04 1.487203032031262150e-07 4.076913030686913150e-05 4.142103850824738767e-05 1.015593722443447044e-04 1.814483769434725836e-07 3.674933111930347063e-04 9.626308383959810214e-05 2.267691536903499331e-05 4.737963117103818596e-05 2.519845104055870090e-05 5.064699720087488533e-03 4.399231449015312134e-07 8.970415863444728614e-09 9.367181322691555474e-05 4.452434708259590096e-04 3.690038178557838061e-05 2.061124567245494943e-07 4.879805404585504719e-05 2.126028904125046418e-05 7.735851783083494415e-02 2.219351921078249772e-05 3.039108253208871319e-02 2.359500861259807190e-05 9.604242465389147570e-09 1.654023930502206141e-02 3.081798885514254764e-04 2.431158034845267448e-06 3.797571385367168507e-05 1.052494852996396244e-06 6.406460263740286444e-04 3.849963786049139663e-02 2.638045543813974749e-04 4.553607373509612551e-08 4.412202866430703710e-03 1.575156939964554472e-06 4.509581630169024097e-09 2.125851015084808456e-05 3.581014297179279542e-05 8.324406360897445030e-07 2.850154699327702836e-05 1.269965963396999398e-04 1.938038013717967287e-05 2.119082439678863573e-04 1.544060220279993504e-04 1.101757921798401257e-04 1.452586885135502613e-04 1.722051680992614350e-07 2.300413452949826585e-04 4.404648445178988014e-03 8.390604867685686288e-05 3.617517718772980024e-06 2.096900465366881313e-05 4.223238179353260523e-05 5.409009369046482253e-05 4.812319504011551295e-07 2.516404659034858856e-05 5.749410964309481328e-08 3.483719313706370062e-07 1.695269483896390816e-01 3.073268897280932889e-05 8.753965130040373169e-09 1.580020984867717667e-05 3.054164059507421824e-09 6.576550827963154692e-06 5.276258121199231267e-06 2.013202364368786785e-05 8.288528802691192074e-08 2.747105779536893274e-09 1.197223578993355375e-04 1.368294801294620610e-05 5.408819588090774089e-05 3.116065622721522706e-05 4.463052256809161379e-05 3.660267611313902213e-06 4.879374066855757871e-05 4.567448346983359441e-09 4.068742451557355935e-03 2.312681831191941641e-06 2.537897018545404881e-05 2.760494037450693047e-05 3.321624702454762886e-05 8.252843763753592964e-07 6.637969487099674363e-06 1.260862191818160806e-07 3.348625057689795336e-05 2.516728595508682721e-06 5.108392078782280811e-07 2.145046438772880667e-04 1.330302575050819891e-01 2.822802202453615411e-05 8.538346995739191637e-06 6.417034916403716186e-08 7.539067264322246373e-04 5.656491507695315764e-07 9.294877137002805151e-05 2.176440939045930352e-06 8.665900971704021318e-06 4.730839091714118859e-05 1.936664633166242279e-05 8.538722016118000489e-05 3.405217583470864201e-07 2.016253254189130298e-06 1.388259633489826564e-07 1.044839888069388087e-06 4.769741987024928725e-05 3.416231868706717584e-08 5.248261744517833526e-07 1.015974383663141699e-06 7.246134938231724946e-05 4.886777192228264338e-05 2.676131989171991374e-08 2.548080833225670709e-05 3.832383823420811107e-05 5.248719554663497665e-05 2.732793891959712514e-05 2.299522056074833129e-05 3.440965694390486014e-04 1.217689742532686633e-05 7.756716182228684745e-06 1.552416982641848624e-07 2.598773951768786223e-06 1.399048319275746402e-06 2.184848824922124008e-05 1.261546055293524815e-01
4.846148339021705276e-02 1.202166216029353798e-05 1.000000000000000000e+00 3.928876472597491425e-05 2.695669261514189980e-05 1.419985564733088017e-13 2.156453803916677768e-09 2.267571223035636615e-15 1.223760930978158286e-06 1.652587718940748443e-09 1.511147793847288263e-02 6.229670462989409321e-05 5.410578255532614444e-12 1.524800957951872038e-01 1.682703478720044620e-06 5.153240438456588452e-06 3.105734027482847374e-05 2.043025430551940683e-11 5.436956952145970658e-10 3.443355137114436195e-07 9.827530916682671036e-02 1.157731071412027440e-01 6.458811455002998290e-05 4.604118127471215730e-08 7.709079444134746550e-01 2.222189984723501807e-02 2.058862857227071781e-10 3.078308139828159885e-13 5.093961902146162610e-04 4.432123106917152050e-04 1.087900142866966499e-02 3.513743920784862258e-12 3.051145896786470937e-03 1.508239363223550789e-01 3.000946263606360114e-06 1.498101654823893458e-01 6.577177187815013782e-04 1.584386771238267544e-01 1.095845012795737586e-13 4.193599272516109745e-06 1.206521794704501910e-01 7.421971668064828913e-06 2.404671515227363998e-01 5.404881620195191083e-10 7.886462519070716125e-07 1.183412264457216683e-05 1.406049725137521788e-03 4.589166545342153191e-12 2.559509388539370212e-02 6.518027819456208207e-04 4.185563364800582888e-14 1.488817648850704889e-01 1.846336393694795186e-01 2.121013606764146426e-09 1.425231773385749467e-01 1.187412449899959404e-03 1.442626140040478566e-01 1.265939381933867850e-06 1.198654284636369981e-03 2.775053574097681441e-02 5.374339630419988921e-05 1.120579126998294086e-13 1.714745243061495405e-04 3.750519066629002390e-02 1.124780727682714587e-01 2.071889994957930138e-08 2.236432849217211786e-06 5.940815668553441238e-04 1.160125919033914583e-06 1.964686804400851473e-09 6.523513400863735212e-01 3.650301345243433070e-12 2.381216399430195188e-11 8.578781735309052095e-04 1.272853051064952168e-01 7.140474942293933105e-14 9.271083575172633928e-01 5.982407351727294217e-14 1.627940617047972757e-11 1.481297938206351884e-06 1.613784871596735948e-01 8.180729079897057043e-14 9.681778846842785708e-15 1.161927737476553396e-01 1.066730913931460134e-01 5.052210002196742128e-02 1.583553956344271041e-01 8.315875269741097335e-06 2.232023799829578881e-01 2.551494394508656350e-10 4.745978619954755467e-14 3.225049548986889937e-07 9.806509591560435503e-12 1.404940241610874996e-01 1.007269338627965610e-01 1.674498882181296722e-01 2.709109674392362909e-09 2.739544954454530588e-06 8.347467793857426714e-09 3.294074857957528524e-01 4.964978282898548745e-07 8.713460945342032347e-09 9.990552417751240311e-02 1.700265824527688650e-05 3.727791198641953872e-10 3.083378260337831793e-06 7.574952062057403491e-11 1.061919830748432646e-03 2.119336421507587404e-10 8.352522827406757412e-11 9.826300466681161496e-07 4.235670501651446568e-07 2.760286458836338497e-01 5.963817708008263859e-08 4.304119903477109323e-09 6.806806064157515695e-08 1.002976272006968748e-05 5.091436333753036280e-13 2.630697352729944189e-12 9.341642113991238672e-02 9.957373921944024094e-14 1.282866011872630116e-05 7.217105026543836621e-02 3.392646632858284253e-04 1.487400062120385613e-01 9.892122865917669004e-10 1.572426349190552686e-01 1.753465669352137577e-03 1.539677189676558478e-01 1.410421968093721334e-01 1.516032809804195858e-01 8.851840703711238989e-02 5.286836254004096021e-03 4.864931532148691979e-12 2.252962032379816546e-06 1.352103867635457884e-08 1.460400446063260050e-03 1.436574025436146256e-02 1.324567212368873319e-04
9.210509304014511398e-06 3.536474168875613785e-06 3.928876472597491425e-05 1.000000000000000000e+00 5.893259041811004666e-09 2.866875969594994243e-10 2.617000127514695235e-08 3.994223273827047987e-11 2.797020343085203747e-06 1.045755698060395580e-08 7.256465104927038116e-05 2.662984418125961122e-03 5.974893278115133486e-10 9.114749442485548663e-07 1.967178488453833915e-09 2.130198185523274863e-07 2.623958758998555796e-01 3.492189559595328271e-10 4.100925675155302012e-08 8.094405186051577662e-07 1.741365843602749324e-06 2.261961850107761226e-06 4.615794795535178701e-08 3.173428980264538977e-04 1.615118615273656143e-05 2.846184384590370336e-05 3.697100288416773057e-07 4.511923710955868979e-10 1.112352593258265442e-06 1.741266349157646540e-02 3.747044233399724616e-02 1.946400650309077297e-09 1.559884227143613109e-06 8.452194036991621166e-07 1.125054373506819742e-07 7.778523343775276568e-07 2.591419375109742392e-06 8.228592357208035732e-07 3.045371808154127436e-10 1.734540110384153789e-07 1.847994845476451552e-06 1.202315788911011152e-02 1.793445527390567669e-06 1.044904653206056122e-05 7.940647626960261573e-08 4.619657961429233599e-07 3.114400618558479418e-03 2.941707445815669837e-08 3.042361638945374160e-06 1.177729648186699590e-01 3.622341023424094002e-10 7.225126530679688001e-07 1.471641008666106622e-06 2.349186261615631924e-09 8.379882034917143200e-07 1.128505143556158711e-04 6.362971725005423265e-07 1.949725264473502195e-02 2.034073193970013070e-07 7.389150851213730669e-05 9.923512362666022431e-04 8.800901174126945904e-11 2.922468837998257451e-07 2.945097942678386830e-05 1.361034073416645776e-06 2.804403291631341597e-04 2.772456440295291077e-04 2.429421334431408207e-04 3.395968870459791970e-05 2.278987879841414558e-10 1.175385875213478550e-05 3.461597466238580852e-08 1.232940195515860502e-08 3.536441102160511337e-05 8.472667130105414081e-07 4.690038439298722013e-10 2.813930296903392384e-05 4.488267196621870984e-10 1.178531873914326936e-09 1.268495858279843937e-02 7.769529557023117082e-07 7.390318057416135162e-11 1.769598780646002172e-10 1.562890222404450396e-06 1.151672102648781579e-04 2.088098602268909600e-05 8.489020662425162413e-07 5.591557039734208796e-09 5.096248110433380004e-06 1.111772346621303346e-09 4.059904123174160494e-10 2.564991078407830522e-07 2.275995771019849937e-11 8.330472895056400478e-07 3.450947271314376888e-04 1.903868301465667154e-06 2.396530499687766977e-09 6.249998267939530476e-07 2.005834294350088426e-09 2.750810288664869657e-06 7.573769530205104395e-06 6.111934970806510558e-04 3.203577826639432741e-06 3.786654181852993534e-07 7.520960744255647753e-08 4.330814475525136408e-05 4.781362846796450874e-09 5.109849166324380017e-05 3.271484772182677335e-07 5.466926615486163429e-08 2.903562671446382991e-08 4.765127917894224609e-07 3.530490460227743474e-06 8.177303397818648426e-08 1.191810041212971379e-08 6.539689727357932770e-07 2.827560167110796513e-05 2.773345159503210307e-09 8.837284488861798292e-10 4.064526760403475978e-06 5.666411993770339330e-10 1.478065855863189888e-06 4.868165448768870543e-05 1.931367771967707825e-04 1.047886594262267474e-06 3.593202603075445629e-06 1.166534943829261549e-06 8.981657101177609301e-05 1.038257581957154054e-06 8.274495101802826352e-07 7.580994414456475149e-07 1.082313821463877645e-06 1.074827804234759288e-03 1.215046615507754607e-10 2.954008407401415570e-01 3.623745421366016671e-04 5.542330676957178508e-04 1.111401240253490422e-04 3.063282909685186665e-06
8.413365016875904334e-05 1.289367127264982152e-05 2.695669261514189980e-05 5.893259041811004666e-09 1.000000000000000000e+00 7.620365568486792753e-07 1.978198339179446870e-06 1.051883274958397469e-08 1.402803993727071185e-06 3.900201315638817333e-04 4.201081157674922011e-04 6.599647587984506634e-06 1.147640253281034563e-05 2.758922710039559507e-04 4.770787221483428764e-02 5.243913989888763084e-05 7.751502822556401219e-07 6.957444872526876995e-05 5.264665940589894844e-10 1.509318804848571074e-06 6.958321651290048319e-04 4.051487048888976084e-04 3.248114054277103833e-04 1.989014721796262755e-05 1.118970276082422198e-04 1.019644462263540269e-03 2.107436141818511291e-06 1.534848027288946390e-06 1.567333966155558936e-05 1.079491446582307398e-04 1.681423508909895124e-06 5.631396014580337882e-08 2.032556347300240520e-04 2.650144165410962599e-04 2.894896869495182308e-05 2.542168950045748266e-04 9.248846776865393216e-04 2.396878921225625207e-04 4.997694515611010161e-08 1.171687113417637947e-06 5.873162257394891122e-04 2.089384876028991865e-06 2.226563338298897610e-04 4.147343302204163905e-05 5.230711837177225562e-07 2.174286235182186760e-03 6.022603084501515665e-05 6.794260205602547543e-07 3.109042968983132026e-04 3.098178457828695882e-09 7.827927736339678287e-08 2.708585958429244396e-04 2.424643941696178048e-04 1.092244942214104596e-06 2.840676161364726147e-04 1.110610636085833792e-04 2.529711368663743547e-04 2.216812588399410366e-06 1.846896221416608543e-05 1.730575473412994337e-04 2.296564083459246448e-05 8.778388320510950682e-07 8.538482060720660287e-04 1.520397648514454966e-03 2.300915672636636984e-04 5.178650333930395605e-06 5.170077807971049922e-06 3.627498670922042908e-04 5.106051625456734013e-06 9.606599956759954203e-04 1.462343819799060893e-04 4.894547963373900592e-06 3.809295918022345907e-06 1.333153831286641635e-04 2.657792961545602981e-04 1.369557659015879506e-07 3.325942742550137940e-05 4.217792505379171551e-08 2.870143034621973129e-05 2.851120491922728110e-08 2.639003376823303038e-04 1.155977811330240258e-06 2.688560293185693312e-08 8.950266765661583955e-04 1.979906957538325038e-05 2.086617495129745121e-04 3.856128976792190109e-04 2.491012506584882463e-03 1.157990286982173123e-05 8.049587041086438263e-04 6.138048954325982541e-08 1.018423068306386199e-04 7.448416057538103758e-06 2.550079681885592388e-04 1.047042123765854128e-04 2.892302387495389857e-04 3.998109164582488984e-05 2.904748192619341829e-07 2.603076047217422922e-05 2.058810707219828925e-04 5.170739562834060596e-05 4.742094259846711411e-06 2.926798284707840081e-04 3.804606751248604756e-05 2.123067184573592487e-04 4.550219157636853752e-04 1.414026501058935047e-07 2.372242235908787397e-04 2.879546966927729723e-05 7.331080798224952477e-06 1.055609145680367286e-06 6.539755565917648505e-06 3.068145023372218210e-04 7.148646610727006264e-09 2.035137633622300637e-04 1.220605372447481805e-05 6.991259311702889730e-05 5.114689136901581979e-07 3.526562380490815940e-06 3.216920777086693562e-04 9.124665717617621864e-08 3.910819209604925704e-03 5.503704520037763072e-07 5.869480616630044062e-05 3.193501940350761299e-04 9.894942943382967673e-07 4.011334136542406043e-04 9.978612397290215116e-06 2.974450014363712270e-04 2.668274663011278901e-04 2.713734980350458671e-04 1.545303811064682471e-03 2.644169619537402634e-06 2.988806495398269925e-05 8.063322108362565286e-09 1.343490568420360658e-06 9.840587680751990401e-06 2.169282089283437154e-05 7.732903773969837177e-04
7.511649681792488940e-12 1.268805877117428535e-07 1.419985564733088017e-13 2.866875969594994243e-10 7.620365568486792753e-07 1.000000000000000000e+00 4.236407404222766889e-04 4.276107145153230094e-01 8.636015707513126736e-08 9.746848295002724736e-04 2.730543075805340574e-10 6.446164492068478222e-08 6.678451830526317412e-01 7.344137216775335758e-13 4.260034469029363108e-07 3.586418347838364060e-09 6.003412858088539599e-08 8.387492667761799192e-02 2.272812453262407193e-07 2.697142659486683221e-08 2.140331286619789320e-12 1.932048662623890963e-12 2.618617760456476467e-09 9.940928493788254994e-03 4.244059078020234895e-13 1.970838596952194880e-08 1.276659474429945318e-01 2.000191647154321295e-01 1.303657599484544918e-10 9.492968344562611927e-07 8.380628604281610044e-12 7.439461568596875130e-02 2.558632889699648080e-11 5.395221286591387781e-13 3.975282507050184684e-08 5.992678602256238990e-13 6.074107279280091590e-10 4.611009995706503439e-13 2.965388186363352441e-01 1.545388714105160931e-07 2.755049579173614316e-12 3.586739807798769840e-06 6.896898529561836437e-13 1.460941687119125462e-02 4.745220153958825536e-10 3.515536756753928228e-07 3.569546258594211469e-07 3.938934116889304393e-01 8.059618785727873025e-12 7.990605265472497471e-13 5.597257284406051969e-01 5.669363480229544455e-13 1.019135359451828523e-12 1.665612454177648957e-02 6.697415046252601539e-13 2.315487881083585985e-08 5.535418307401482958e-13 3.446705122717595086e-04 3.829508830683618690e-11 3.693753344639164171e-10 1.163520835960264736e-05 6.924236422630876131e-01 2.182343200119720352e-10 1.278564728791702658e-08 3.594976055405309291e-12 4.909571079078750219e-03 1.792967054421252735e-04 3.477692966324734506e-07 7.077110574796194876e-06 2.346163794196742727e-04 5.124760925301079399e-13 2.721135063724545722e-01 1.458184549303094546e-02 1.070550312584464361e-07 1.822130243598372675e-12 4.091344940995627066e-01 1.449640271883495238e-13 3.415019962347038418e-01 4.125417145553276349e-02 2.746337858091714794e-06 6.977643410062390110e-13 8.936019419739481551e-01 4.598319911748521838e-01 1.821423760744837809e-11 3.679383046180224772e-11 1.416097518199011334e-11 1.130649932441901826e-12 4.326927797212114087e-09 3.720379129765971994e-13 2.122767280055997893e-02 4.225083732910031031e-01 5.790867533069604691e-06 2.652894303763229673e-03 6.200182687813225266e-13 2.091870076285771174e-12 1.195243348040229576e-12 1.984686190510294432e-07 7.760860118412012301e-10 1.664007204491760811e-06 6.380242894735914409e-13 5.236361470289579989e-03 1.093398613760333175e-04 5.939513727828016345e-12 8.502274590234921590e-09 2.091058810026760750e-03 7.388820148364866986e-04 6.291167413146397935e-02 1.738310393312116463e-08 1.528971885444473933e-01 3.909162861744543832e-02 1.500756738207903468e-06 1.017148337503762127e-06 1.472991265500441656e-12 3.416388022652891548e-11 4.205016645283858254e-03 7.671228101881123751e-03 4.531428212791746378e-05 7.441643873832903822e-01 1.602623727604639281e-01 7.099624521845995646e-12 6.790930502465619689e-01 3.780454297761023371e-05 1.355738492676112089e-13 8.564687347760024376e-09 9.251739116038332328e-13 4.051659709563087096e-03 9.140880230313271730e-13 1.439231868480543825e-10 9.239229308022424905e-13 6.288638673113353285e-13 6.112715231086202792e-13 1.544351784766856275e-11 1.419370225543477179e-11 1.440217592593423801e-01 1.116725441151991649e-10 8.133963588986549767e-03 4.917786148190018232e-09 1.897117877792425165e-09 4.051246818771224466e-08
2.114702098499769600e-07 1.435326179392843252e-03 2.156453803916677768e-09 2.617000127514695235e-08 1.978198339179446870e-06 4.236407404222766889e-04 1.000000000000000000e+00 4.395478923510332333e-05 1.784191904137421338e-05 1.233940232086212784e-05 1.997481908627563272e-06 2.294699907009294500e-06 2.371500150938083556e-03 1.063060382805253392e-08 3.455033523544109517e-06 4.448938695598458474e-10 2.186261419980330578e-06 5.804863369083008463e-03 4.314276949384429775e-06 2.550559673404436379e-05 5.688869259142462390e-08 3.513270577805281702e-08 6.276976653623715369e-07 1.156665060563816195e-03 5.687331064361396852e-09 4.199483302133835585e-05 1.170120940859446963e-03 4.992620232862527189e-05 2.684542638816930630e-07 1.875384930720299753e-05 1.759441503508176063e-08 4.346609493943020576e-03 1.809980331327535089e-06 6.670606853177963614e-09 1.652772477652595859e-05 7.494674772446717204e-09 3.420670246923863223e-05 7.158808331337258455e-09 6.131857501961288830e-04 1.175169944720540292e-03 7.510706614435536505e-08 3.630377519882635629e-07 1.061505584509805145e-08 1.612308243674481919e-04 4.025147965851215746e-08 5.755700364826206016e-04 2.663924962697589807e-06 3.293511358529789567e-04 5.391495012972386281e-07 3.022331737620493105e-09 1.018514407319919560e-04 7.687735594446129880e-09 1.873760548639215472e-08 1.997566046023103829e-03 9.263766742448943174e-09 1.634374739935139966e-06 6.934478618934510596e-09 2.808859363506362194e-04 1.137607880146578330e-06 6.552561197141484691e-07 4.511765022299339288e-04 3.136202795058321848e-04 2.337092338895271033e-06 2.346865018046043820e-05 5.278042623553500447e-08 9.864137111858085980e-05 1.674845782626349904e-03 5.893140056433867209e-05 7.292570686194295838e-06 5.245970723628455287e-06 5.725293515512018833e-09 1.042254367099016251e-04 8.182865780524384541e-05 1.855886976381527012e-03 4.377674611909084776e-08 1.200576569077270732e-04 2.803579814852545185e-09 1.273414244408717171e-04 1.636127150370731895e-04 3.506911578157489881e-05 9.001402708787536683e-09 2.745607678500071292e-04 1.124913981372266283e-04 8.515738853211302336e-08 6.191280285717566685e-08 3.125629951416941590e-07 1.440003626382226650e-08 7.763878230482760837e-06 3.227638298407263429e-09 3.712029551832368148e-04 9.349861040510019548e-05 1.288722755730756795e-04 6.993622590585533939e-04 8.435046325279932199e-09 4.385953261526106232e-08 1.673022238833181974e-08 3.042142640487431956e-05 9.022717326137977616e-09 4.360534563418837066e-07 9.240983157741633234e-09 9.624404597942572007e-05 3.253108876292521643e-05 5.490261549159627531e-08 6.633306902816746276e-05 2.852660279833329387e-04 2.742697296349473968e-05 4.895412250363498190e-04 7.894747450159235707e-05 6.564253514940879362e-04 7.444259000073568918e-05 1.060818819652300572e-07 5.257089289742457447e-07 1.763154080252245868e-08 1.383345639583155980e-09 8.526108364865339672e-04 1.033101920637927114e-04 1.864515171995128587e-06 6.584554673339531759e-04 4.172142390852134533e-05 1.100951324201417321e-07 2.798330266878902898e-04 9.207304028361571392e-08 3.933814690913167372e-10 4.219483879187343012e-08 1.559326957719738600e-08 1.004057243826126348e-04 1.055252930442399264e-08 1.839233490816364207e-07 1.788728266470451668e-08 9.643210915910802657e-09 9.383704570636605292e-09 1.869289583961030719e-07 8.462591792962368844e-09 7.614961181552958383e-04 1.373221421139563362e-09 3.352916885823770295e-04 2.328413389055362379e-08 1.225856686962205277e-07 7.402975037941370538e-04
1.351665324344107936e-13 6.934394016804445574e-10 2.267571223035636615e-15 3.994223273827047987e-11 1.051883274958397469e-08 4.276107145153230094e-01 4.395478923510332333e-05 1.000000000000000000e+00 3.243781900878369947e-08 7.749936831240395113e-04 7.441009786900929683e-12 2.479617464543909426e-08 1.372503186347888704e-01 9.047883638073736511e-15 4.219811281610047138e-09 1.034713689959401857e-10 1.209834700972852244e-08 3.518472181553536880e-03 4.021713292443708391e-09 5.897570470495704691e-09 1.691585189653852351e-14 2.144379845818757528e-14 4.399559845695368127e-11 4.487929802550720201e-03 5.367654490557321101e-15 6.031285002008962203e-10 1.869854027447463707e-01 3.489364247892922100e-01 3.717877217754857816e-12 4.568108455099162764e-08 1.789257071694482288e-13 1.522621770608716674e-01 6.343310938573116489e-13 6.602013886773795809e-15 2.404018309398085955e-10 7.296264603307657407e-15 2.730893572121328198e-12 5.325083673638369548e-15 6.914446156223263973e-01 9.596860812444760400e-09 2.336760455680974678e-14 5.575981041012504750e-07 7.977084304642462855e-15 8.710843385325923310e-03 4.652412735660270679e-12 5.105603749410562453e-09 5.535443515950997255e-08 4.128138602706932225e-01 6.654108858165851630e-14 6.731309138469917613e-14 7.807932363178325952e-01 6.806273020366439603e-15 1.509573767977954243e-14 9.357500194856465531e-03 8.144094949450911855e-15 1.395174658641937898e-09 6.780494327128614807e-15 1.072535957488915550e-04 6.673713156572925221e-13 1.403193840766850708e-11 4.126473166084319239e-06 1.919079458212728517e-01 3.584531901871771352e-12 3.129911528553304630e-10 5.231224036799324411e-14 4.525006544738309835e-03 1.655090279764948903e-04 1.700822926083757509e-08 6.191443898264644563e-07 7.925607036114878001e-05 6.685658816355296238e-15 2.451782749550229235e-01 3.935228030708951691e-03 2.070198346091037699e-09 2.962514038588488653e-14 7.790557650062762685e-01 1.652463718452839406e-15 8.554861979145146345e-01 5.606713304881042435e-03 3.937105006467976933e-06 9.153480950324687671e-15 3.289848494797007472e-01 9.373914597150718730e-01 2.337701423784737627e-13 1.926972807925087614e-12 3.205460230104724102e-13 1.434959309873356661e-14 9.999227998969474454e-11 4.409358759496464317e-15 5.200290849458835294e-04 8.824394703097665493e-01 1.784045691517286280e-07 7.004896222200704653e-05 7.242814039890355344e-15 2.885441884025535527e-14 1.581220920981362290e-14 1.946667491118854966e-08 2.079440622482932280e-11 2.274717295888249158e-07 7.829681782757592994e-15 3.008847749666333608e-03 5.723871229075254050e-05 7.617070436808401758e-14 3.007255704791681062e-11 4.181929846467435588e-05 8.505468435845879376e-05 8.220227830278234449e-02 6.832541888741323729e-10 1.353446199749702428e-01 2.054759342439071643e-03 8.129812241459234325e-08 7.309246624482061938e-08 1.890609550956114653e-14 8.707346149554414252e-13 7.574078582570325895e-04 4.047416973253490681e-03 3.620895311082484454e-06 6.203652169156514962e-01 2.013690588606087406e-02 1.515643320092113862e-13 7.842648734075544636e-01 3.306790096435251596e-06 2.166360045040210957e-15 8.302942958366252710e-11 1.069823115119865451e-14 6.276749947655729800e-03 1.141056787463859120e-14 5.685103806082934614e-12 1.099021815705925835e-14 7.441938523483121315e-15 7.455293667866079808e-15 1.480448155428685951e-13 2.041441432620760455e-13 7.000336406871319854e-03 2.507904206452120100e-11 8.992875481111042499e-03 1.901931271530382556e-10 2.338815908094871397e-10 1.362422807743027144e-10
1.279000496815393274e-05 1.463459955696689521e-07 1.223760930978158286e-06 2.797020343085203747e-06 1.402803993727071185e-06 8.636015707513126736e-08 1.784191904137421338e-05 3.243781900878369947e-08 1.000000000000000000e+00 1.445916100663564718e-06 3.147964194550665132e-03 1.933068864948587345e-02 6.112244668067034760e-07 7.131519278250349142e-06 1.633117114240866433e-06 1.058516239201516342e-05 5.484316530811703821e-05 5.975825166120144473e-07 4.165319987037873673e-09 6.026783412039573573e-01 8.518383839773547729e-06 1.723328504886855839e-05 8.223926713939245831e-05 6.037680301508339476e-04 2.937306245899778873e-06 4.104384411237622498e-04 3.921158649243004166e-05 9.707718991102884112e-08 1.807455935812520269e-04 8.003879536367872194e-05 2.175664331380192091e-06 4.254157710103703067e-06 1.437553329871641230e-04 3.926777972381819123e-06 3.861016606991884114e-07 4.022425688786930695e-06 1.649558698777123239e-05 4.074655413334674651e-06 4.605747002048951559e-07 8.748973190653179242e-06 9.806836808745908617e-06 4.907504587795469882e-04 4.473306373315268360e-06 2.119441614223850775e-05 1.818668734988483802e-08 6.833769789596109498e-07 1.870736082741843948e-05 4.524800189251459534e-06 5.853068846043164570e-06 1.925069352826881734e-05 3.678884647716651012e-07 4.109707085892860804e-06 1.725666932488401228e-05 3.673400342723531336e-05 4.434037143068975565e-06 4.992724367083570605e-03 4.550197190217146470e-06 5.745065666901458230e-05 2.849555911252424356e-04 2.868670493900488897e-03 1.805556044349799702e-02 1.764812465648306028e-07 3.255222969136058620e-04 1.977188950395677904e-04 3.493964022510463285e-05 5.459763040572536235e-05 2.614043865371840428e-02 1.595154709283731461e-03 4.425788410620582185e-04 1.227305050667586040e-06 2.944247703298920094e-06 1.878270337747048492e-06 2.018635304873331402e-05 1.364748460453592402e-04 4.911638046568200566e-05 1.113945075534446285e-07 9.031148145826097332e-07 1.926600044350299482e-07 2.071905460028036285e-06 5.057141027672241908e-04 5.202873211476178315e-06 9.520685201730543164e-08 6.995287390311583944e-08 1.296989498281862846e-05 9.781399886683241236e-04 6.667380501026729314e-04 9.404870526065390484e-06 5.336189580174981488e-04 1.075102763095288933e-06 2.930719388966838324e-06 1.572804522067184847e-07 1.184199672732008321e-04 7.019481119470413191e-07 4.749405559252437153e-06 3.140366660931882153e-06 3.145463829498032770e-05 1.814381063354646994e-07 9.000781687817868365e-06 2.576269654572326228e-05 4.405984932722674761e-06 2.203352853169045938e-04 6.793043670738211411e-04 8.490795549857248095e-06 1.824110349573109893e-06 7.492638736026310502e-06 1.997055345039476396e-04 1.712296337991819095e-05 7.782745101886786969e-03 7.683741033972673912e-05 1.235057300037432182e-07 4.551523083799485966e-07 4.712039903422674566e-05 1.187005268898855137e-05 7.882139643098886464e-09 3.712792345870312296e-06 1.258425984534379614e-04 1.475088870359943238e-04 7.182413800071045231e-07 6.659644986645073793e-08 2.966860242013085445e-04 1.378527410982010266e-07 1.491072070830921654e-06 4.320423923110808348e-08 5.754456713281169537e-07 5.791412910374447614e-06 1.500729860344577823e-03 9.481325323516787322e-06 5.500246522649092709e-03 6.817504115347674149e-06 4.630440215338037763e-06 5.019607809807077589e-06 1.490191212369983263e-05 6.746124007309037519e-08 2.477679645644697712e-07 5.867746843133031970e-07 2.921191391472014376e-04 2.166539903421511957e-03 1.937922060929261545e-03 1.315614796304674155e-05
6.271581569419124629e-08 1.057602894923737588e-07 1.652587718940748443e-09 1.045755698060395580e-08 3.900201315638817333e-04 9.746848295002724736e-04 1.233940232086212784e-05 7.749936831240395113e-04 1.445916100663564718e-06 1.000000000000000000e+00 1.241939278749660889e-07 6.011276277007925442e-06 1.554860662966443602e-03 2.651335134605555210e-09 2.013698468940843911e-04 6.058493478429712466e-06 1.750180581594318506e-05 1.189064332822492614e-04 3.825391390377492506e-09 1.505018940536845438e-07 9.679582425024832928e-09 6.130511440839573807e-09 1.329443539787214036e-08 5.605068587673882156e-03 2.402566980424117520e-09 3.235035262857871323e-06 9.911901994717154871e-03 3.954782551916359579e-02 2.734719533175798597e-08 7.121343620394515075e-06 1.168745193446936471e-08 1.276153541980588370e-03 6.320179089325554013e-08 2.395619557463933466e-09 3.343070853510747693e-07 2.408187870262211247e-09 6.884556834781604176e-08 1.985075594502362205e-09 1.800851387574307948e-03 5.014642815644298374e-07 7.808488850799465754e-09 1.044726617664976154e-06 2.197537403294795873e-09 1.047840020464534637e-02 1.986058601073112329e-07 1.472716678480642111e-04 7.256283321689532850e-05 2.503448935292861520e-03 8.865102534589527652e-08 1.642600634757712315e-09 6.709827964233749291e-04 2.328788966388672901e-09 4.326900675275276430e-09 6.607535857044211688e-05 2.906254595389328546e-09 1.022072344203538602e-06 2.243069860389113191e-09 3.456424515707799097e-04 4.068348139265367564e-09 2.557689855489170982e-07 3.362277792234448070e-04 2.857818734265055800e-04 6.066878810579709658e-07 1.611355089880932870e-06 6.645467408253156724e-09 6.166076100768166750e-03 5.955046383319563671e-04 6.760570073216292872e-05 1.414006203408605608e-06 2.818987697129500813e-01 3.147320815899299446e-09 6.764906096677159551e-03 1.136268384162916570e-05 4.865761481124226270e-06 5.735975841162421979e-09 5.427386733312047559e-03 1.125837852171596693e-09 2.556439153864828624e-03 9.454380231633153922e-04 4.160600650422439272e-05 2.544500806665474211e-09 6.762546696282858115e-04 9.570441583077527511e-04 1.569003316689007191e-08 1.753339753094260215e-07 2.297166131163276178e-08 3.977744445638648581e-09 1.259680179916986197e-05 1.853518090611088773e-09 2.503009436946725488e-04 2.150138302545159721e-03 4.779384407473870095e-05 6.127279854920871091e-06 2.147842340046368416e-09 4.245285509080179940e-08 4.660680833956125132e-09 3.523244342146936198e-06 3.287012366220788297e-10 3.152749850282990210e-07 2.706921982610123472e-09 1.493493850394700222e-02 9.110820209791603466e-05 2.509888171663094495e-08 1.984784131577415708e-07 1.006193763302870827e-05 1.834818022482955597e-03 1.435292092127257713e-04 1.600125350252394208e-06 2.104124446055310321e-02 1.553693624561900983e-04 1.595832393000042049e-06 1.605369052678230594e-07 5.665047477774843143e-09 3.203901677808802391e-08 6.600401237300924928e-02 1.308648359332227748e-03 3.238664681328913845e-05 2.339597798332404641e-03 7.587200613312240077e-04 2.326509866559002129e-08 1.346249388857659497e-03 3.538653502826923872e-03 1.630155241250374978e-10 3.721367189110680046e-08 3.863894026937786001e-09 4.273909700632017028e-03 4.394149091704778761e-09 3.508564373149114433e-08 3.818102792713159542e-09 2.338991392389874296e-09 2.432895911478725887e-09 2.415121320988077909e-08 3.522156311258791118e-09 3.900977819873227304e-05 1.415072941006063174e-07 2.266302063938914913e-03 1.091932600814650950e-07 2.106459114589302202e-06 2.014304193412397255e-07
6.018404816586495759e-02 9.642318235817025286e-05 1.511147793847288263e-02 7.256465104927038116e-05 4.201081157674922011e-04 2.730543075805340574e-10 1.997481908627563272e-06 7.441009786900929683e-12 3.147964194550665132e-03 1.241939278749660889e-07 1.000000000000000000e+00 2.293836114330542048e-02 4.676096826798210244e-09 1.064395979708975815e-01 1.553025101761395729e-05 4.227175361051979663e-04 2.402190765434359353e-04 2.179736686124063200e-08 1.494458537523629035e-07 4.308566301204850776e-03 9.854736153836114732e-02 1.118447040421082228e-01 1.030243749463259639e-02 3.095910521403955415e-05 4.084848247271725963e-02 1.031097459838640207e-01 2.185288459133273088e-07 2.657828348561052637e-10 2.811586017911163818e-02 6.915799994515680130e-03 4.331978380258009326e-03 5.943975418451180663e-09 2.884821303603434806e-01 7.590017373225223241e-02 2.671705818810351751e-05 7.637458493441758034e-02 7.473178681073511416e-03 7.976811623257802630e-02 2.115104209083710378e-10 1.769876014088776051e-05 1.136941563286990170e-01 2.887815017729725630e-04 8.030024273950309155e-02 1.522443797923594749e-06 2.862605177274478611e-05 6.070108046999282507e-05 5.627632189057471318e-04 3.328782166690182472e-09 3.200175073746355792e-02 6.349191621615975830e-04 1.516234534547164454e-10 7.726856759475467240e-02 1.488731043931451614e-01 1.330320903692006764e-07 7.889850778833214229e-02 1.234049745915023477e-01 7.552539968265997716e-02 4.183773469814039864e-05 2.085683105547404825e-02 5.325406206791648556e-01 1.548969696635926069e-02 2.490063975058930216e-10 8.300617663135034449e-03 1.224463076227156749e-01 1.582579434930126983e-01 6.917049217178579249e-06 1.032971643381299341e-03 1.743177050946554969e-03 3.201759318716393865e-04 1.586242788309576987e-07 5.460469948383545047e-02 1.263910156988845602e-08 3.550161978697653336e-07 6.546532202773824513e-03 2.092437669588878002e-01 1.170750485575990732e-10 1.188120478258455730e-02 8.513640082202672704e-11 1.146235672167992232e-08 3.693424192860086654e-05 8.531683733498067468e-02 2.263065360303846013e-10 3.335489215087529430e-11 1.002770137578273824e-01 7.269856492339137055e-02 7.827770608607587111e-01 1.186602037319451908e-01 9.676765884656533725e-04 1.443265869720531053e-03 2.913527111302108931e-07 8.383518852064035620e-11 6.790024505316444368e-05 1.297878278757892443e-07 8.211938144582665855e-02 1.673605492355364349e-02 2.101673392118044992e-01 5.572551095904803437e-05 1.796748930820281180e-04 9.130409616001586846e-05 7.210231297081089175e-02 4.724627930133278871e-06 6.032182869887062069e-05 1.026672132002978688e-01 5.519461175013598694e-04 1.058857814134017558e-06 1.761077478478474640e-05 1.809654390494880162e-08 2.879660328393554569e-01 3.415350828682119741e-07 7.428978347477626640e-08 1.957275211930283534e-07 1.169976056112113309e-04 1.035330284160260461e-01 4.148493250672547591e-06 1.483783184545862467e-07 8.465876338625979211e-07 1.323397756579701532e-05 1.163722396885621701e-09 5.144544650286580377e-09 4.024243996061423467e-01 1.651008681741818909e-10 2.165278744711375262e-05 1.118460679461557542e-04 1.276863761381033676e-04 8.244344469319013491e-02 4.534659100599764277e-07 1.332216021533489114e-01 1.212494587739705726e-01 9.178244105318904278e-02 8.221263423577525320e-02 8.537350010031780068e-02 9.866910499122986955e-02 1.753052971296131259e-04 1.057442978659153192e-08 9.457203273871157473e-06 2.391850612616650908e-06 3.485708179173247108e-03 2.567533244057972064e-02 1.694983013659393878e-03
