1.000000000000000000e+00 4.530456507949595891e-06 5.859454093491574776e-03 7.719498538106314102e-10 3.144952419267384420e-08 1.625010800108949277e-20 2.684172871242578824e-12 2.952434324864678616e-23 1.328608435575365666e-11 1.155394757836271837e-15 2.843669493085809220e-03 3.309112325610917755e-08 9.298066179387470090e-18 1.084558520143917432e-01 2.869328868729240980e-10 4.031908516001783395e-07 1.022461889442736513e-08 1.541716017549160799e-17 5.412671177311518092e-15 2.462688810969634281e-12 3.049301419139607283e-01 2.081916105673303208e-01 1.507725380526759180e-09 1.697174906627519266e-11 4.014557103699534224e-02 1.593489232657287202e-01 7.425745076218379612e-15 2.486550059225321830e-20 2.631610873789260332e-08 1.783405269938759730e-06 2.948475019646893388e-06 1.485855421788560601e-16 9.469599938760081971e-06 8.880785721215249395e-02 1.959368415475028064e-06 1.001207401673948200e-01 1.141190488793659020e-03 9.525120089752485419e-02 4.390541460440327182e-20 9.844271927215810701e-06 3.287899134556582226e-01 4.871704640706236085e-09 1.028416559239327260e-01 3.519277337891060644e-13 3.682130266868848562e-09 1.325636842541256684e-06 2.739031491332628168e-05 1.552982362463877855e-18 2.110093596204919153e-01 2.683725175970059921e-08 2.042391689395083305e-21 9.388835346478766053e-02 7.137206930045721098e-02 1.020827365028742448e-13 1.199445974956299399e-01 6.417156612846862584e-06 9.822299642387574692e-02 2.992841131422258631e-10 9.332499250854351459e-08 1.789547523476016496e-03 7.550975599760283537e-06 1.032625483751139222e-20 1.522997463524610783e-06 1.333785174611721303e-01 6.357523269616529096e-03 1.152942338930023410e-11 4.591377703023989193e-08 4.948197362652656539e-05 1.382633279028062025e-12 4.238645019247767057e-16 5.182396450330092885e-02 1.594348288559711885e-16 7.036911334691089120e-16 2.286592208246588428e-03 3.948798660138555516e-02 8.427983625681586608e-21 3.215799701124896944e-03 9.250473503818744440e-21 2.534133710449710023e-16 7.740111590946411990e-10 9.728476454513855509e-02 1.088483804549627759e-20 6.276731283445256685e-22 1.055986219116227254e-01 3.113561257879047736e-02 6.075570930591770932e-03 7.937757872373679691e-02 2.203697573686485373e-08 9.154132007330100331e-05 4.063161847682749295e-16 4.790106066971366124e-21 9.891903980465505155e-08 2.209864575075468000e-16 1.108689136456712382e-01 2.285073060794655375e-04 4.784731266689975365e-02 2.228878411243893952e-15 1.165163259636332824e-14 2.309460968446411894e-14 1.036184327075431594e-01 2.842341608929133740e-11 9.193484579096319094e-13 3.840431655417414492e-01 9.124443316503201020e-05 4.907241027367847510e-16 4.188257941575104186e-10 4.244873813181462909e-16 1.050817888082986875e-05 1.292632134078490194e-14 1.880490858236576780e-14 4.677536756587621991e-12 3.940604892675155018e-13 1.225229754069263044e-01 2.462394625284828311e-11 8.485087699815349934e-13 1.051102572430802369e-12 1.697102271602639939e-09 6.651765886359063761e-19 6.660453978332937680e-17 1.816673454145487088e-02 1.904262688786072392e-20 7.124188877321381977e-11 3.804664729533425489e-07 2.378940407351178775e-08 1.411733836955506027e-01 6.034073456331093620e-14 9.046503202499153740e-02 5.299944105681618078e-07 1.455783937206422685e-01 9.702090643802969983e-02 8.907169578970934587e-02 1.884426606950256600e-01 1.355421266617338665e-07 5.428070942493338984e-19 5.794934682364230363e-12 3.287243416298150423e-13 1.304031771788203161e-05 9.735796089739085640e-03 2.988770855727857195e-05
4.530456507949595891e-06 1.000000000000000000e+00 2.230443692803275237e-10 3.792529741053430533e-13 4.787039643838454207e-11 3.562188183358765833e-14 1.412033419502071228e-05 1.814167805068769767e-17 8.009525518168157523e-16 1.756325042231657465e-16 3.702117747414400225e-09 4.652163380987444042e-12 1.163001648824202599e-11 4.074965910610168766e-09 2.146891985429268138e-09 5.048133799176911660e-12 4.844045704319658042e-10 7.074978836593777055e-10 1.735203091366346916e-11 2.338672081997954539e-16 9.858597417708981601e-07 4.939922237770086100e-08 1.929804651101077132e-12 2.729796394515618328e-09 1.382962619048767356e-09 2.992374875414003396e-05 3.850913095240491177e-12 1.343111594253899158e-16 3.927361181060615640e-12 1.835951759674236956e-08 1.775844944634075998e-11 9.016364096840727546e-13 2.620866378599785504e-11 2.118408243539486346e-09 1.523908140549277979e-02 3.414318307587228689e-09 1.443063872811428151e-02 3.149566224405891120e-09 5.043293710235123223e-15 2.446956107775589626e-02 5.394892051271036433e-07 3.710679991050132990e-10 4.173104342369430628e-09 4.291135498296914340e-11 7.432783851785221805e-11 4.610094430168415990e-03 2.171057963426025262e-07 8.877953281808973889e-14 1.841293912135749341e-04 1.262122052568267565e-13 3.117399541027468664e-16 3.194131681064315561e-09 3.536998690116013160e-09 2.204891387956680420e-10 5.295304607297011744e-09 5.523065528528402240e-10 2.657718700821952210e-09 1.888518264849587167e-09 1.686749713058441163e-10 3.309686461439396342e-09 2.493200966039493237e-08 6.382866029340509369e-14 1.507276793931887144e-10 1.129107221574873212e-05 1.814471023392313431e-09 1.397053225904375168e-10 2.011674513303365187e-09 3.382088166458538576e-05 1.818408924102558825e-12 7.374541405250418274e-18 1.332355122043516320e-09 1.769081040344537775e-12 4.114198849940211079e-13 8.997811026451535410e-02 2.194580810519705765e-09 1.141039714392700906e-15 1.356589604298393846e-10 1.907471585072131786e-15 2.981422278012141500e-11 3.972701549891288507e-11 3.420005502217927518e-09 3.209458881269464567e-14 2.391666658108073688e-16 3.962320142307154779e-08 1.270259925294673511e-08 1.147445851574274346e-09 3.510032913110276924e-09 2.150477739730022313e-11 6.162257294121902878e-11 2.430156194251261048e-10 1.036578018604230866e-15 2.346052460974342208e-06 1.630126763155314323e-11 4.796808397167835336e-09 5.614044750907815468e-10 2.408121848473196978e-09 1.363040936843955352e-16 1.829284284921121585e-16 5.159082854422797710e-17 3.750603241976724483e-09 6.750192553546315625e-10 7.694864464959667537e-13 7.902050834843349323e-08 5.301919061767108171e-02 1.566103418555179130e-11 4.148772057490880385e-09 1.921419956706711418e-13 8.771620133776191901e-09 4.116212251186634910e-11 4.202770959291624227e-10 4.083733792475833256e-11 8.671642652271351891e-14 8.876635314348529901e-09 4.793268894664475455e-15 1.739819959390006538e-09 4.209850648691485182e-11 1.991207543607351603e-09 1.705477402480396470e-13 1.015929669513709550e-12 2.536181990830848122e-09 8.901261136181192592e-15 1.562668847519620855e-10 3.250154658554656960e-13 7.079966660485340072e-10 9.132839261766732556e-09 4.673989860902691498e-12 2.816024444891156071e-09 2.123518953631323639e-11 1.151773277762407638e-08 3.257693924624414256e-09 2.776512049813419272e-09 3.574545386277938861e-07 9.656337901033432553e-12 1.579363368306055814e-12 2.971251903776646306e-15 3.166729805681653841e-11 2.079737846660675417e-09 5.073337771591345749e-08 1.662498514883327949e-01
5.859454093491574776e-03 2.230443692803275237e-10 1.000000000000000000e+00 1.592792683414857523e-08 3.183784010802186582e-08 1.067019020806329125e-22 4.587076941117248061e-16 1.342887960257713398e-25 3.440954582904521384e-12 5.884337994300999472e-18 7.952161552980859796e-04 1.616282848305046546e-09 6.332038899218172245e-20 5.461266008941289413e-02 1.602831366759138157e-12 3.305773222346169722e-09 4.957912830659592463e-09 1.314418627399095033e-19 2.270288451234945709e-20 2.545599023343114844e-13 1.861980316774039523e-02 4.309226143651795349e-02 9.343817918459587390e-10 8.189640437143219168e-14 5.985739670307741456e-01 3.824288412422357890e-03 4.130678656846271506e-17 8.713080998578270650e-23 2.379171928605967693e-09 3.254749620414949102e-05 1.494375610453786739e-03 1.743874731419359433e-19 1.610629541783153527e-06 4.614117420147596793e-02 1.258625185293022095e-10 4.919376791464043219e-02 8.724600134904645940e-07 4.821567991569541273e-02 1.805116360703333632e-22 1.812631518411299880e-09 2.781491071188478201e-02 2.431486127326089715e-08 7.975297487704501032e-02 1.480443876510674692e-15 8.681181530525106157e-15 1.075413725412131609e-10 2.171474723836953652e-04 2.720641776085843186e-20 4.310585191341664867e-04 1.730410105977693396e-07 2.204881252455734798e-23 4.359229843675800631e-02 4.752364725909151433e-02 3.841276156232404136e-15 4.730732909645873202e-02 1.167251655038455820e-06 4.809762659554848302e-02 3.749061129081836495e-11 1.632618840075376726e-08 3.541069730065066657e-04 3.999332572560528895e-08 5.270475597320527922e-23 4.685771692418327788e-09 6.021328836576794220e-03 7.101194078764292740e-03 9.486878767862353977e-14 2.382029183376248368e-10 1.028011762451868955e-04 1.465640357158399971e-13 1.020646904019842896e-18 4.684715849912533536e-01 7.044732426838651000e-19 1.722188678363305612e-17 8.985672194623814710e-07 2.043644023829459949e-02 2.274342882516879116e-23 9.235532325436263124e-01 3.294985817838216817e-23 8.874477778653988526e-19 1.664645446446649929e-11 5.056680790189877622e-02 5.256247448891907466e-23 2.366574316147093002e-24 3.762895360363266439e-02 8.365528817454098709e-02 2.651107163879190803e-03 4.854264391835554082e-02 1.376739716618500002e-11 2.967362255045362662e-01 5.243486590037235213e-18 2.284094657373384949e-23 1.307957636603357402e-11 7.027496978024693375e-19 4.617957815795726423e-02 8.979592710265413280e-02 2.887700621746584415e-02 1.079328644952617834e-16 4.201640271942718408e-15 3.516364876376341990e-14 1.168317590600413264e-01 2.751165700522755267e-11 6.678203647888892711e-15 2.853175092110618247e-02 5.702391920861401968e-10 1.593716795025256899e-17 9.606218580299052908e-09 3.209079009348166334e-17 4.446039050212603961e-07 9.552749805914299801e-17 1.326764200099312629e-17 5.276435512207702544e-10 7.404093423409636843e-14 1.254929623737080779e-01 1.461265939069453914e-17 3.129542303404546318e-16 4.574605664915510320e-12 1.557365674976556837e-07 2.121360363790510655e-21 7.330143081626478040e-20 5.816359641527342646e-03 5.578098766554766146e-23 1.457964529340529652e-10 2.882515673452322805e-02 5.462655927650897006e-05 4.708447180573798602e-02 1.553181037295299999e-15 5.286285443563312758e-02 1.234980431179633758e-07 4.568497949636909222e-02 4.844887891169139676e-02 4.765583906258206298e-02 2.509808901223686134e-02 2.515063090108168864e-03 9.451264037872126548e-21 1.569410929321166158e-11 1.564492830683096697e-14 9.552888344402306635e-04 3.516883444135220950e-03 9.313207667885489058e-09
7.719498538106314102e-10 3.792529741053430533e-13 1.592792683414857523e-08 1.000000000000000000e+00 4.494839715859863453e-13 2.231368001781548651e-16 2.909701830568491107e-14 5.108234410419100715e-18 1.128051047731636768e-11 7.904253603721833864e-15 1.061491463399909716e-07 1.827542657556015953e-07 1.795163286369572939e-15 6.581689469941263003e-11 1.771702061689058680e-15 9.484184536564907737e-12 2.378205952607137519e-01 1.083120744906466760e-16 9.930744337220113649e-20 4.442534588540563299e-13 4.623421942773893086e-11 1.334331712165672322e-10 5.557704947370205127e-17 3.275056672424655677e-07 2.489034597923350928e-09 2.494180667859551269e-08 3.820037996591340969e-12 9.303363740349175859e-17 3.426128467718483903e-15 1.315443090995858651e-04 3.080253701783117973e-03 2.393973635064415408e-14 1.900407141027816605e-12 3.697957771886094876e-11 1.149453967565714282e-13 3.467441778964280605e-11 2.621865985331443557e-12 4.266906261633455672e-11 4.189402702816366654e-16 8.956239158921294698e-13 7.318631084481597133e-11 3.586537291587383626e-05 9.578677022912358454e-11 2.638694456237460012e-08 2.492148224378788451e-18 2.221111195228707217e-13 2.650950897235409024e-05 7.532791505605662872e-14 1.708157798421352020e-11 2.406832248479680303e-01 9.879380380374354478e-17 3.421886202867936138e-11 7.401334100997771864e-11 3.582774774307635761e-14 5.083633405826707331e-11 9.475744467053334559e-10 3.922166552655376737e-11 6.859593451452492777e-04 2.931659959735292942e-17 1.821613609518204136e-09 3.729793352651033631e-06 3.347304438283887255e-17 7.532764575613608079e-15 1.128565367436044973e-08 7.666851219984778189e-12 1.296981042289273695e-06 1.198194881342152800e-06 2.867232600531077565e-05 6.007207064114130003e-13 6.768721943536388708e-18 1.397498172500981925e-09 6.130317529953520267e-13 3.369230845662603292e-15 2.288359744009888275e-10 4.389875157285039571e-11 1.318932714826131034e-16 1.064221398380537094e-08 2.409913027136801925e-16 3.303655131174930826e-15 5.801182098034468777e-04 4.930067505315060886e-11 3.680569547463021753e-17 4.118755715628855758e-17 1.149888494283856688e-10 1.667178907877183650e-06 2.689805032882348716e-09 4.195030534612938739e-11 8.555853504628922039e-17 1.846281120284639532e-08 2.180098682633014872e-15 1.709244538155963100e-16 2.943560531602943825e-13 1.700501521195597435e-16 3.330845255729928665e-11 1.003084213023291066e-06 7.046396263221579101e-11 1.103882984896286622e-17 1.180181456100268218e-19 3.392059242299718777e-19 2.121584270983970087e-10 9.658138148631775165e-09 1.361120943956091141e-05 2.248866032336574254e-10 5.738784837585429748e-14 3.603674777698358540e-13 4.826520661595645174e-07 2.951967931934290321e-13 2.458723576548081510e-10 1.041208772168007367e-11 2.640214249290941433e-14 3.585656704340585739e-14 6.368615943669723716e-17 4.725146052445935793e-10 5.802549370169972335e-19 2.565845386687073428e-14 2.744704719734616139e-10 5.692961395930381197e-07 3.895686453653236793e-15 8.143755348949568076e-16 2.050844498135004997e-10 2.006788128079647210e-16 1.336503116539331170e-10 3.117641429012282698e-08 2.193348793778223378e-07 4.091459553780827141e-11 1.041311466005971532e-08 7.169753886334371696e-11 4.175566975445340086e-11 5.695443924024780208e-11 3.971167932972135659e-11 4.281120616885276962e-11 1.175823117617480854e-10 2.352591696137887312e-06 1.985241539294248645e-17 3.732352930518870737e-01 8.895312132095587616e-07 8.512777492341645796e-06 3.940467783005541003e-07 1.518590809178894841e-12
3.144952419267384420e-08 4.787039643838454207e-11 3.183784010802186582e-08 4.494839715859863453e-13 1.000000000000000000e+00 5.443439908310457371e-11 2.508014318613538425e-11 1.708774756483675991e-14 2.193265201089175995e-12 4.516460957506477119e-07 1.925034284709711545e-07 9.851106217883713348e-12 3.566449542119705577e-09 2.842292777854207989e-07 4.684993285843112344e-03 3.372577578803321865e-10 9.297792964634804649e-11 9.501492826898796265e-08 2.883463189105082457e-22 2.955247640582040130e-13 3.523949541560513335e-07 7.034471451184374761e-07 2.515417810582067507e-09 4.978283278069023404e-09 1.245917882805363395e-07 2.269720624549882853e-05 6.447040941965568078e-11 1.143865392609096360e-10 3.465563497871054429e-12 7.701992377362228659e-07 3.681281225188049283e-10 2.747479516351839671e-12 9.847559213011474948e-10 1.921442852752793598e-07 1.255692469443552660e-08 2.730093782567735392e-07 1.909294505171974372e-07 2.931281073712949275e-07 5.142426502550673346e-13 3.476425162758642076e-09 3.928556099677865385e-07 6.061242063859239400e-10 2.901803015579230811e-07 7.935698657684555650e-09 5.089878218277686407e-16 2.174919718609568987e-07 7.201433688639137614e-07 2.040444661822393275e-11 2.437292773515590500e-08 8.748315570606239585e-14 5.648376692550419404e-13 2.283844715671297221e-07 1.805352085084843157e-07 1.424427684140976592e-09 3.161163641228790631e-07 7.392738969020195894e-09 2.600006312761172938e-07 1.009257684555202954e-08 2.353377008104083240e-12 4.871764573093792582e-08 2.965015308601007791e-09 1.036420298654579481e-10 5.401567531683180973e-09 2.862868278344536392e-05 3.059154912666487555e-08 1.387299023456556515e-09 1.626971506851705634e-09 5.486348609413998926e-07 2.558372438696930272e-12 1.456092103705430177e-06 1.664902245716800815e-07 3.632193043034050659e-10 2.414294011021335019e-09 2.273903732971644330e-08 1.667182725204707550e-07 9.472211960378981285e-13 1.540826937760603499e-08 1.853185879523954515e-13 1.087363206597575736e-07 5.172596414372035683e-12 2.583801909235575194e-07 7.589223762036091666e-11 1.077646531997856394e-13 1.700512361364551453e-06 4.062173682129731752e-07 3.120421323891644684e-08 4.201378069893483369e-07 5.006776189980927591e-08 5.188266975028957299e-09 4.306774883460129098e-06 3.303148977432955205e-13 5.022812621463346233e-08 1.333906505838103326e-08 2.839013246131884649e-07 2.468746858764222121e-08 1.820607039993834028e-07 3.678912550605090272e-12 7.094785812026374346e-17 3.662799255497009400e-10 2.542108722739589214e-07 2.961050340267728928e-08 8.096377398524128027e-11 4.545659427622588957e-07 3.411364219472907461e-10 1.093952953654901248e-06 1.322931213903347623e-06 1.651912959812529584e-10 7.151937093416764728e-09 4.197867642975893027e-09 9.440857426407897399e-09 3.069890331594534618e-09 1.272017768096306173e-12 6.244470130029135557e-07 7.387736199993688962e-20 1.124084829626623207e-06 1.673302342913601022e-08 5.182938840294810064e-07 1.475942046598481538e-11 4.740821766557569386e-10 7.025735581385295517e-08 7.078395564642040209e-13 1.234337395634046447e-08 8.473736504390254031e-11 1.417121007685125379e-06 4.361411972174729440e-07 3.243708874627823125e-10 2.926688507507590206e-07 5.883839033575971444e-12 2.972750655607571103e-07 2.043120882189225854e-07 2.986511109993507469e-07 3.754578388303791301e-06 1.042774460358786823e-09 5.466361238659334898e-08 1.317561620911162035e-14 5.745266260673650556e-10 1.253142517611159770e-07 3.562447307298591454e-07 7.253809891172061082e-08
1.625010800108949277e-20 3.562188183358765833e-14 1.067019020806329125e-22 2.231368001781548651e-16 5.443439908310457371e-11 1.000000000000000000e+00 3.930499432296951595e-07 2.186771814320492835e-01 7.497016113234208276e-17 2.514341384224268164e-07 1.133540483460303770e-18 8.307051960789559444e-16 6.412091447966873359e-01 9.336405098940421009e-22 1.192482660426439863e-12 1.038855570322548699e-16 3.215477053494888838e-12 1.643604682330028141e-02 6.401639347952455304e-18 2.438638093652133973e-18 1.886335176421898621e-21 6.663717075464142399e-21 2.793433522242708233e-19 2.006929689388082931e-04 3.007121884266250672e-22 3.823123979902866217e-14 1.520011953965395672e-02 3.195293205146421123e-02 5.643471958162607833e-23 3.261926092516072368e-11 5.367644039623397635e-20 1.391003976429604563e-02 2.884330753102258341e-22 4.912353760325058501e-22 1.694960695384440267e-14 7.098744349095146490e-22 1.642136235288185861e-17 9.084676687370172013e-22 1.483394190285513004e-01 5.230315624603090400e-12 4.831611984518072132e-21 4.550298310694967074e-10 1.053988534937869082e-21 7.177985538910842608e-03 1.481341543046407275e-22 4.845501055627545283e-13 9.634103099690972520e-11 2.969037447186449463e-01 2.361150009145091681e-21 6.131857269343227231e-21 3.189598926246374755e-01 7.158405296709690167e-22 6.022276795141849877e-22 5.503890163051777806e-03 1.107712183839340048e-21 1.361902818235732936e-16 7.028794639204362018e-22 1.016038900442724986e-05 5.158520559505515934e-24 5.681321659104079139e-19 1.738462990536158201e-10 7.410819991434712817e-01 4.567640423041912784e-21 1.883874352363070143e-14 1.858286846522494459e-22 3.875198704815862412e-04 1.028847096060646611e-07 1.509825278424048426e-10 1.171462360415916063e-13 3.450740899919488438e-10 4.083137345758830438e-22 2.433014337628115475e-01 7.149908539097002023e-04 2.523688885305762326e-14 7.203105106334840787e-22 2.084790650421430858e-01 2.544094511839556827e-23 1.973436268811280536e-01 6.066075102794351789e-03 5.940086612848333474e-09 9.255274130565303003e-22 8.945297140646899514e-01 2.588846744228450181e-01 1.631580209873769139e-19 3.068527375308956725e-17 2.940836175144466850e-21 1.254656748574607024e-21 8.224320274639293609e-19 2.247301680993913869e-22 7.788141830888020006e-04 2.457443714033204218e-01 1.481336392797433231e-11 3.346250723085491922e-05 8.593396196490587323e-22 4.100647800462311548e-21 4.641828184404971382e-22 2.343414771444823873e-16 2.399804963563653499e-23 1.038961281419660030e-13 1.261649955417861496e-21 4.385756712603387309e-04 4.684464433223888563e-08 2.658356146240204086e-20 4.547926163599177217e-17 1.912844767042705879e-05 1.314485780614731657e-05 4.253638008134683068e-02 4.764896919481370662e-17 1.002258058950912523e-01 2.153250334676314656e-03 2.911453408357619352e-10 1.516967358343881151e-15 5.105837557609984024e-21 1.017289692342904165e-25 1.057446454047122544e-05 5.710626253507924185e-04 1.057863662773880793e-07 4.968066507437509660e-01 1.377262808540904993e-02 2.325511660054806087e-21 3.511627160406406989e-01 1.451334343526930514e-09 1.574627052126822470e-23 1.458384347701910773e-14 1.456852271447857993e-21 3.816489709307825315e-03 7.586070551211616305e-22 3.571335513413670574e-22 1.778576167586770421e-21 6.950406198910109361e-22 8.293628945753422269e-22 2.496459132767120512e-19 1.010996823904627005e-19 1.429865665753404964e-02 4.500829433525091579e-17 1.529069120863199528e-03 2.828904325271241507e-14 1.485377449107648112e-14 1.157357464880753891e-14
2.684172871242578824e-12 1.412033419502071228e-05 4.587076941117248061e-16 2.909701830568491107e-14 2.508014318613538425e-11 3.930499432296951595e-07 1.000000000000000000e+00 1.431464460957349758e-08 5.059780165329446932e-14 2.725323798798401370e-11 9.947368304821631832e-13 1.113739513032103901e-12 4.964901310507910161e-06 1.126725978043141071e-14 7.706447329028770466e-12 3.512529720858209155e-17 4.228357234071682344e-10 6.190063135889651442e-06 5.849074327697400425e-15 1.438137139569192032e-14 3.440095354535529440e-13 1.017197731646274368e-13 2.804828259323051813e-15 3.631807674414804522e-06 2.636407888094850194e-15 1.282380004642742961e-08 1.020247132324787275e-05 6.620414067309828351e-09 7.575382439013596047e-17 4.937024979019839605e-09 3.809954057843647505e-15 4.823992396527446576e-05 3.447398199897897017e-13 5.217928035055850885e-15 1.423265050796838451e-09 8.083939780812254782e-15 1.866866858277486390e-08 9.283023286568534856e-15 1.325680370075194094e-06 8.213435885071322000e-05 4.045699771151981629e-13 7.996938553114898869e-12 1.048513970210576861e-14 3.235400834870557416e-06 2.535066526443436428e-19 2.969812439326070675e-06 2.677569241001497237e-08 9.761348672122431824e-07 1.423998034888793066e-11 3.910684582931841036e-17 5.024900215236996049e-08 8.327802621751822302e-15 8.521289636901194356e-15 4.555675854001809913e-05 1.311582987280967011e-14 3.559201972416935727e-13 6.655748635323941370e-15 5.934118323401763125e-07 6.407578320797173712e-16 3.114730689074800011e-13 6.729861943519308117e-08 1.602447215935847119e-07 7.490408273663114270e-14 3.339458088879475020e-09 3.955887130786021990e-15 1.844932861700818960e-06 1.323868434565895717e-06 1.283746535875875923e-06 6.695818069940233097e-15 1.313601796645147368e-14 2.989100893278294738e-15 3.990842171220257955e-06 3.988902581786920458e-08 5.331556073162695673e-06 1.209333516727833628e-14 1.306008680068022737e-07 1.996618710765060997e-16 2.379516204170888271e-07 2.677851363627530257e-08 2.200828032309249310e-08 1.000050825035167891e-14 3.123629450009427095e-07 9.530995449232879799e-08 3.475576709962837274e-13 8.948271723979676939e-13 3.356294387926618692e-14 1.012394061557669368e-14 4.712139273289767065e-13 2.791792050543776393e-16 2.879609128288158281e-08 1.216780716327921418e-07 7.923700838054648491e-09 3.836384848223834712e-06 9.913689034306193430e-15 8.132153916492042980e-14 5.747940701966456635e-15 8.549643325332814344e-10 6.780153463962423157e-23 7.820599267404590279e-15 1.023764001637073618e-14 1.850226439115003746e-06 2.029801353353717123e-09 9.780509954197320986e-14 1.131440656402155444e-08 2.958526678926713111e-09 2.459107726731665218e-07 8.756329553974236622e-07 2.980237090277854338e-11 1.548161654578185240e-05 6.977937611408374565e-09 1.309362302449363887e-12 9.560757928559429548e-17 2.969999139529865780e-14 1.808339740340718914e-23 9.924173462542926809e-07 4.402741092348371721e-07 4.305832374075209222e-10 1.948405345978267643e-06 3.295413659574360221e-09 2.769520590504280890e-14 3.456984739757144555e-07 2.566274880662896282e-11 3.625176940898238452e-18 1.899188188408811305e-13 2.155310141473383641e-14 1.578212272248203555e-06 7.503507088570600659e-15 1.032146417554853120e-16 2.485655258189533289e-14 7.183141686914095944e-15 8.752755684953999003e-15 2.106794625453905260e-12 2.363033381204089128e-15 1.871721222682954321e-08 9.131495746218101574e-16 1.319048102216880662e-06 4.124622848878239568e-13 1.782304549206935408e-11 1.049011011163809881e-06
2.952434324864678616e-23 1.814167805068769767e-17 1.342887960257713398e-25 5.108234410419100715e-18 1.708774756483675991e-14 2.186771814320492835e-01 1.431464460957349758e-08 1.000000000000000000e+00 8.697739447604844291e-18 1.435610815387756351e-07 2.683391803298618218e-21 8.798812344147604987e-17 5.439145348609272790e-02 9.259294670131600777e-25 1.620965763330736466e-16 6.420120714327662400e-19 1.214510956729076554e-13 4.215880595520781697e-05 5.843012961405661021e-20 1.256321166429473865e-19 9.495243979434748242e-25 5.475064627170651402e-24 2.895982517465030880e-22 4.490102017389956791e-05 3.258873065758083931e-25 1.440026857551993552e-16 5.418085257623386775e-02 7.399434815183003611e-02 1.475834489934429015e-25 5.502255336934322721e-13 1.702124468117827145e-22 6.720090392832070436e-02 5.115094761193864260e-25 4.754479919788755137e-25 2.419321044326495298e-18 6.591644450870569870e-25 1.809153216621737585e-21 8.733993510135923226e-25 6.140063051653351645e-01 5.644287994577635453e-14 3.001027473901052059e-24 2.738210361292172709e-11 1.029478003068853881e-24 2.459429091647902764e-03 2.051941289957920603e-25 7.881153968086902414e-16 6.210906153543380864e-12 4.274195802199822203e-01 1.271663051131381456e-24 4.831065413941143929e-23 7.971873323288566349e-01 6.831273676185599248e-25 6.760123756069367044e-25 3.608350662863490845e-03 1.048706027792592754e-24 1.475667141249369691e-18 6.794003735492039541e-25 1.143806864789468458e-06 8.152087794330437045e-27 2.802408111224017962e-21 5.658653399216354078e-11 6.702285637387750405e-02 4.100171547477139368e-24 5.728999703551308136e-17 2.050674322791063364e-25 2.552275773517671039e-04 1.078361711465230532e-07 2.582307955402155181e-12 3.892057597863609281e-15 4.652322769089613757e-11 4.637746214544403734e-25 2.052271121876205751e-01 1.576235404358014623e-04 6.448030245922512020e-17 8.501740397577703193e-25 7.262231454279800547e-01 2.404960107531409342e-26 7.994529279997276694e-01 1.026916151284939008e-04 8.927650745393425492e-09 9.330063422951351165e-25 1.423214390738615220e-01 9.321616693032795942e-01 1.972954473709428535e-22 3.175227921249672389e-19 5.074659921249999448e-24 1.207364572600007359e-24 1.568438352319060465e-21 2.969651293781582908e-25 3.661068184252258247e-07 8.401769866495433225e-01 5.584366078648855664e-14 7.551807513127977938e-08 7.792504322803196015e-25 5.909293535456639829e-24 4.509453557276618346e-25 3.324019473013764374e-18 1.547807264351704718e-25 4.720877491860197089e-15 1.413714505479952267e-24 2.763506734002955630e-04 5.809140926754371441e-09 3.258894240570263184e-23 1.481382797287010742e-20 4.831663118867838395e-09 8.665886948500290684e-07 6.888794406643389268e-02 2.530238145730218808e-19 6.448727392801635594e-02 3.033728801818178471e-05 1.281219132946186363e-11 4.817976913837319590e-17 5.420881348817989763e-24 5.033494882857002505e-28 9.898615642728481123e-07 3.632309757701425055e-04 3.359562767565033458e-09 4.972712918416697381e-01 1.144023718585466826e-03 4.365570779590783891e-24 7.521722437485033330e-01 4.345542721653803641e-11 3.114862072482504587e-26 8.423167963767309133e-18 1.320147439019584351e-24 5.725210958061318321e-03 7.400806803631984941e-25 1.400583693942758130e-24 1.782438580281890445e-24 6.638669071187380618e-25 7.966264508889337667e-25 1.944832323913793605e-22 2.838225063926342897e-22 2.713091233597505700e-05 1.482516659699807774e-18 1.021546427742803763e-03 2.938371202735069840e-16 5.166703747375196522e-16 1.165290951478112734e-18
1.328608435575365666e-11 8.009525518168157523e-16 3.440954582904521384e-12 1.128051047731636768e-11 2.193265201089175995e-12 7.497016113234208276e-17 5.059780165329446932e-14 8.697739447604844291e-18 1.000000000000000000e+00 1.017492987838170616e-15 3.266924679826691517e-07 1.726636231863069171e-05 1.823523951839268817e-15 1.363627126907699053e-11 4.426604693196473981e-16 3.589952323855677810e-13 4.001805536202922568e-10 6.602663902119063186e-16 1.241100866107582652e-22 5.978363943184170637e-01 2.188004585831624960e-11 5.726116378074788592e-11 3.480894606950393141e-09 2.074089842817514407e-09 5.082302772018659975e-12 1.400175964583521235e-08 2.903269524791402393e-12 8.589899696834831071e-17 1.496776404940117176e-09 6.621114633484694115e-07 3.576759936425868900e-10 8.797899543106657192e-14 1.833624141790102968e-09 4.319713180850434602e-12 8.451282297077438294e-15 5.106264675315343592e-12 6.037166821982304971e-12 5.984173268294382219e-12 1.700242354033198663e-15 7.222909776748439124e-12 1.404945567490693342e-11 9.083877487022352922e-08 6.652836000232926333e-12 8.229549180555125249e-11 5.271319218362600672e-21 2.357659197698019354e-15 7.882654835189520230e-08 2.860872765834767972e-14 9.049463093231564009e-13 4.737373489733147771e-12 5.829262804030356108e-16 6.054767893080176619e-12 8.590698121075193213e-11 2.179209369924486812e-12 7.853420393664094687e-12 2.224304359351036144e-06 5.437052550730123407e-12 1.703821763833229920e-10 6.777219039159898574e-10 2.374301813685434504e-07 1.255946437602167487e-06 6.753198376086685244e-17 1.988986764833232437e-06 4.782619412527005164e-09 8.243760336801491860e-10 7.777590404650852974e-11 3.530851483407823727e-06 6.990744670562040807e-09 3.761759494097005357e-09 2.088540755505888585e-17 6.884414756297714210e-12 1.399272881944691311e-13 1.820931432434520134e-09 1.570521024461585153e-11 3.770339971568257825e-10 2.360594724639743794e-16 9.398859925134189614e-13 2.104623712245389613e-16 2.777463366535347388e-12 7.986003580603191220e-10 6.052510507760509463e-12 8.204210518405085217e-17 5.546682080057572775e-17 3.975913365968455562e-11 9.656900924295960425e-09 2.768161088091279681e-08 2.518275716436537831e-11 4.177944704053748276e-07 3.086333007530455651e-13 2.718084531303229923e-15 2.447207745716283821e-16 2.833418545679595166e-07 4.915965602659146762e-17 5.331030891143356854e-12 3.917017774047659178e-11 3.917090457577680827e-10 4.174678679447455619e-14 3.262114282909234713e-13 3.833373278698194257e-08 9.483948706252435956e-12 1.797630793799082437e-10 1.839402168383216169e-09 1.213925318751453566e-11 7.052760655274382907e-15 2.355320160885093329e-13 7.138304903988640264e-10 7.705286487447785404e-13 4.065860217224636002e-06 1.149458175030016708e-11 4.153480345079530327e-15 2.066151388864680423e-12 7.680678727351508011e-10 2.665667063154364620e-11 6.852688336244881209e-23 4.719314073967462780e-14 8.019296525191367652e-11 2.965968666059722273e-10 4.618188193380993684e-15 2.156794739150388790e-16 1.681534220954279420e-08 2.710949691138485103e-16 9.845488338749239122e-21 5.094623606918831659e-14 7.652386219463714815e-10 9.749036384574714702e-12 7.647732481731220265e-10 2.411200690267705029e-11 1.373870676840510923e-07 1.068331421973604882e-11 6.169329647195856640e-12 6.593121730344113305e-12 7.232562259640244655e-11 1.204879152131970793e-11 6.867453262813281516e-17 1.505910666515304351e-13 1.365779605255905032e-10 7.118058854635773943e-07 7.471291986794425516e-07 1.198395961291842348e-13
1.155394757836271837e-15 1.756325042231657465e-16 5.884337994300999472e-18 7.904253603721833864e-15 4.516460957506477119e-07 2.514341384224268164e-07 2.725323798798401370e-11 1.435610815387756351e-07 1.017492987838170616e-15 1.000000000000000000e+00 4.227448771579648128e-15 8.939563841717959109e-14 4.389441654676194734e-07 2.777820641508316621e-17 5.133269593183787058e-07 2.454425312236507110e-14 1.002035603715305507e-10 2.550959480144429672e-09 1.995220298385260387e-25 7.161230062427402202e-18 7.438980939132936814e-17 1.173248863669960192e-16 1.695125250872505907e-18 2.103356948622440628e-06 1.519915768367321469e-17 9.288210917090327519e-12 7.444453051704794612e-06 2.283119749759385773e-03 1.665443743869366015e-19 2.196594725494514386e-10 2.733506596945443544e-16 1.391677088656047191e-06 6.077359401637227477e-18 1.306187726045593273e-17 1.430885613330943900e-14 2.041418322846222649e-17 8.170474668544629890e-16 2.364123289110778024e-17 7.663956860457297223e-07 1.034317455076368849e-11 7.654500287842709660e-17 3.118997409744183225e-12 2.651603811690681308e-17 1.774131769076237400e-05 1.327639758460481657e-19 2.872001148757781890e-09 4.854481944791757954e-09 1.910715328923205660e-06 6.117407919563109623e-16 4.650279233208886106e-17 2.365426639743676462e-07 1.594675746077021884e-17 2.298689241721165220e-17 2.706060580153179952e-08 3.177760576158856795e-17 2.075058331289403467e-14 2.074932586991329055e-17 3.944791220029735760e-07 3.931580302331219871e-21 4.303519428367166265e-15 6.892845737855145364e-09 3.923368823639283245e-08 9.067317360315326901e-17 2.937176050693261720e-12 3.079287838096987672e-18 5.185625332729330885e-06 1.582621256824125388e-07 6.560172504997575320e-10 7.682366915877624321e-15 2.174952279940852717e-01 2.089020569849503871e-17 7.309648956677478546e-06 7.085929370828253507e-09 1.332151509510123362e-12 2.210822901221972396e-17 5.323890401083669261e-06 1.280706988298621373e-18 5.415914969879235321e-07 2.688983221666917233e-07 2.170394513330779489e-08 2.396497017321160104e-17 1.074743844644771110e-07 3.747160050483994858e-07 5.173722847141081763e-16 3.979851778535624257e-13 4.552998575559351920e-17 3.615054422527911214e-17 2.125788345090129250e-13 2.423020493686088796e-18 1.018993886342075368e-09 6.922046614372055695e-07 2.102834124666643422e-11 5.719752473018280869e-11 2.236001913300079269e-17 1.699240044572801911e-16 1.711390300793173406e-17 2.090095389750281174e-15 1.932687003753879801e-23 3.767230089016829505e-15 3.200435588673788617e-17 3.335402812844224509e-06 4.550185177136768091e-09 6.073346571127934422e-16 2.040259571831578259e-15 1.454875445906198568e-11 2.462126817327458258e-07 1.882073389864509384e-07 7.669840630840115457e-15 1.533606274176910322e-05 1.376689293157557251e-08 4.243956534723742397e-12 1.672021527727401454e-16 1.177531927090253196e-16 6.033336084943331140e-22 1.877769156952231039e-02 6.030038101432987476e-07 2.307569110907393237e-09 1.109252566721222721e-06 9.304077219241286381e-08 6.799159345123547890e-17 5.129941673682336156e-07 3.426875491146349936e-09 1.050961389653444640e-19 1.431256603387613560e-14 4.959461744212100678e-17 5.391294798360628014e-06 2.725308286726227900e-17 8.318660453961665717e-19 4.069114576951909459e-17 1.366760014079682611e-17 2.375950704399040183e-17 1.218597743460864663e-15 8.075577528791314193e-17 2.212922785170645803e-10 1.597875494786665846e-14 2.712972652290236274e-06 3.208040451922962469e-13 9.860765545106903209e-12 3.026898970171407768e-15
2.843669493085809220e-03 3.702117747414400225e-09 7.952161552980859796e-04 1.061491463399909716e-07 1.925034284709711545e-07 1.133540483460303770e-18 9.947368304821631832e-13 2.683391803298618218e-21 3.266924679826691517e-07 4.227448771579648128e-15 1.000000000000000000e+00 4.041489362592480886e-03 1.860600605550103859e-16 1.267439074378137048e-02 4.340319784321402619e-11 2.998172337129643759e-07 2.408361720678816591e-07 7.680156762928794156e-16 2.041992592841355979e-18 2.145684116161432551e-07 1.129028585710543583e-02 1.075584673351592975e-02 3.145857446022152105e-04 1.544775404864538812e-08 3.184038578438683816e-03 8.813096265811315097e-03 1.042805429853935099e-13 1.171768104260936893e-18 1.137432532856990156e-03 1.860148831053529865e-03 2.820861676836100757e-04 1.194192733433332779e-15 2.459226403569325994e-02 6.612121443217088348e-03 1.811088627218366855e-09 6.883571163407223303e-03 1.061023370336313620e-05 6.869153291140848647e-03 1.829515688774658358e-18 2.841734712239718771e-08 9.219088001156498791e-03 5.369425894650595750e-06 7.603124479833694646e-03 4.284459865526606548e-11 1.270733425425778737e-13 2.465150133038827760e-09 1.539778159883022838e-04 1.206715296244900973e-16 2.544702859229083639e-04 7.534478415662300541e-07 4.214667913184001768e-19 7.136503167075631746e-03 4.891483503732436261e-02 1.076447618356196962e-12 8.400829734719283959e-03 5.889149649150729471e-02 6.709788973011818203e-03 5.991700296915850046e-09 1.720025896491145126e-04 4.804969212556796099e-01 6.331332929719840456e-04 6.382013235037227719e-19 2.455926353737765950e-08 1.370036260691189813e-02 1.073812618190736756e-01 3.135051696335179676e-10 5.394817530261603012e-06 2.294673248911109731e-05 5.067613118034894291e-07 2.283551001914327987e-16 3.805740054373384432e-03 7.798259600278859079e-15 2.857747372796786379e-11 2.943439764982780448e-06 1.002864769483090002e-01 4.353939564530879299e-19 2.525559128208839407e-04 3.648727098564260275e-19 1.902829903482040532e-15 8.292251621704345640e-09 8.887976302131620626e-03 5.843042036652125040e-19 5.142990199822831566e-20 1.189554146063535184e-02 2.281276099140597605e-02 6.675799969952104229e-01 2.085811300517168704e-02 3.051145151698881595e-10 1.441690255306626787e-05 1.873687978741890639e-14 3.482783288342543429e-19 9.663820732787436099e-10 8.620282897671391465e-15 7.405348401736380239e-03 7.708187400515285675e-04 9.518817420307809640e-02 3.314340419859319907e-10 7.713379167588983496e-09 6.845961036204256151e-08 7.997733555851786399e-03 3.417475181769610340e-10 3.696215637334353625e-08 8.131664987435434019e-03 2.186544713151734108e-08 8.270600607973079785e-14 6.756271493217450614e-09 2.520743549419399169e-14 6.471595560477517994e-02 8.782158471466803572e-13 3.484158173940405239e-14 3.001142904797948629e-11 7.302085256703859151e-08 1.122109957111746062e-02 4.589414271035042683e-16 9.386509912909901877e-14 2.156794551148831352e-11 1.995812614865209475e-08 2.138833821177831851e-17 2.013983080381255714e-16 3.320668000157769306e-01 5.326233210874586771e-19 2.690287416334593244e-10 3.666708422271172445e-07 1.130253672068479395e-05 8.216670401172113461e-03 1.602927643628447232e-12 2.336681667558294581e-02 1.245453124713859563e-02 9.215416716594437146e-03 7.165547885208943014e-03 8.524779045216973952e-03 1.151056696037378729e-02 6.348639513685116833e-06 6.998885422900225923e-17 8.878626058522891588e-10 1.908480147117862961e-11 6.333337981037292933e-04 9.440933713471559921e-03 1.364563639468375765e-07
