1.000000000000000000e+00 1.099041964843738492e-02 1.631260343862760576e-03 9.533396403539567780e-05 4.170855140376932835e-01 1.550123387556225085e-01 1.406410035086941013e-01 1.055038224652207618e-01 1.324373971754182477e-01 3.465436912432523497e-01 2.041564148891570063e-01 1.761638281817400897e-01 1.515483887253960549e-01 6.693319979794412067e-01 2.033252111923941896e-01 1.232938364433728007e-01 1.356397298167963048e-03 1.059909818450449209e-01 2.264359249560905091e-02 1.047058602011444739e-01 6.402968681492412495e-01 6.545656109237053544e-01 1.478505393857445227e-01 2.747367471747655943e-01 8.566106944013125724e-02 7.095460749756250518e-01 1.780695857051103892e-01 1.679794881335420487e-01 9.796054074951801062e-04 1.126111129955396223e-03 4.000247285317447350e-06 1.695357991963540034e-01 9.923049445350516640e-02 6.729617592944657778e-01 2.585983394957507009e-02 6.766585511859383173e-01 2.982166986951919063e-01 6.736447342301358221e-01 1.199667951716651831e-01 2.460762404771867917e-01 6.582958788396228167e-01 1.347323388562502236e-02 5.788159439973187270e-01 2.081717341693279932e-01 7.879874175595513730e-02 1.255222306960307732e-01 1.965339165754189862e-03 6.292240906721538463e-02 5.104051030383031096e-01 4.948480448851962435e-04 1.130584154143390446e-01 6.739009621741646194e-01 6.216994842162119062e-01 1.571948060336844366e-01 6.800075419403008858e-01 3.317835018494186827e-01 6.730665260591506271e-01 1.441868846429303005e-02 9.447888010415652488e-03 4.984810071079843752e-01 3.805226456043340755e-01 1.657059938748719485e-01 1.045273816293766367e-01 6.084230759046437287e-01 3.618933524421648062e-01 1.641772878946015923e-01 2.078493971187047040e-01 5.363954056007905874e-05 4.837981790210946209e-02 3.806532947057310046e-01 1.400397405239386661e-01 1.515543621473671165e-01 1.170435926389651327e-01 2.728516979777185769e-01 6.296949906927648000e-01 1.352461762917463173e-01 1.902809452683637851e-03 8.868113647545056155e-02 1.896690916489679468e-01 4.692178368556840229e-02 6.709636283565877379e-01 1.366642185619382499e-01 1.060291001166722147e-01 6.657672582765712388e-01 9.255503725250739666e-02 3.073124269528694774e-01 6.464472003853251048e-01 5.495711272537458225e-02 5.803381717606148905e-09 1.143448052339017945e-01 1.199998749123712960e-01 3.272683278049250410e-01 3.185019992458940075e-01 6.744448760238233032e-01 5.857866686617363102e-05 6.048286746119451163e-01 4.023325600660661999e-02 2.906947017969604974e-02 4.108304075059467791e-02 4.768190569497947617e-01 1.556538144411194133e-02 1.110176770979449251e-01 9.672209937616169650e-01 4.175994090292537569e-02 1.598525561204998946e-01 1.925214540746554212e-04 1.498217623649151786e-01 1.866241592537359884e-01 1.736344832901166868e-01 2.588503960735775711e-01 1.625269539076841204e-05 4.675945394072663491e-02 4.189125667617357718e-01 1.698420293469389900e-02 3.387127918143872929e-01 3.726953634774595164e-03 1.108490993882974353e-06 1.902544340424747182e-01 2.636987676058550889e-01 4.066298415085286000e-01 1.407194379268300044e-01 9.371396553789291053e-03 1.738406662008177869e-12 1.667516130996494689e-05 6.745067850055710412e-01 6.362644722012752996e-02 6.614138200675658830e-01 1.748723884622574165e-01 6.739495957450232222e-01 6.736658447808537842e-01 6.739881890789026775e-01 6.574005968175208325e-01 5.644592669861572021e-12 1.140650611810630904e-01 4.496564528520991281e-04 3.803069401261748722e-02 3.673264176656327782e-04 2.839891606338333929e-01 1.922448964870363264e-01
1.099041964843738492e-02 1.000000000000000000e+00 3.659569582910143489e-05 1.527350058577771544e-05 1.335473097225048714e-02 2.273854162932815309e-02 1.538360310707278800e-01 3.335184743899683758e-03 5.799698122968563116e-03 8.164074042174283494e-03 5.874314878008090116e-03 4.861016083726840686e-03 4.467957157013058289e-02 1.516802000228593093e-02 1.937376974887072140e-02 5.044839973311756676e-04 1.573926303300355223e-04 7.490050409433636480e-02 3.982905975508951868e-02 5.001924326704126032e-03 2.101369819275512515e-02 1.998954719269049191e-02 3.833553742446169608e-03 9.196707259674450491e-03 1.921595882412003393e-03 3.711067313231034698e-02 5.629144121450373184e-03 7.588719421451205378e-03 2.799659877880897340e-05 1.180037876474977114e-03 1.250826861007610677e-06 3.406585613856185669e-03 2.783450978223208413e-03 1.509625068902981614e-02 5.671360357644478212e-01 1.516712827159000070e-02 3.746889470279530371e-02 1.525911336885037162e-02 3.964962389955538173e-03 1.529969575964190143e-01 1.957377800205724674e-02 1.261370255976780076e-03 1.300405665344381810e-02 4.011866122002749266e-03 6.356673765814763134e-04 2.822580247715921753e-01 9.873290207774769402e-05 3.387427095686013946e-03 3.922851181694930744e-02 1.596619643147127049e-05 5.570132748914021284e-03 1.513600072911087252e-02 1.451352433354432571e-02 9.398616397936730704e-03 1.612782639091659212e-02 7.482058452933614857e-03 1.512332094517858730e-02 2.309013180446882647e-03 3.069711310873032969e-04 8.003682404577459886e-03 9.933193001465091820e-03 1.519053232133274131e-02 1.578831876743381005e-02 6.069170677270124825e-02 9.074616967587729316e-03 4.744753251617868026e-03 5.996822048449730082e-03 1.641530257922489436e-06 1.715686716469661064e-03 6.047851351130918533e-03 3.141472110160411797e-03 7.833079217684965276e-03 1.413217996959732943e-02 2.425887681446187716e-01 1.412971688992981784e-02 9.436170826297333308e-03 4.268485360378296734e-05 2.988817202051275834e-03 2.530841965988834055e-02 3.007328454071879573e-03 1.517345878609015902e-02 3.427415484107364241e-02 3.981721479675061522e-03 1.978464643143234419e-02 1.308410961589919538e-03 6.478312476282315630e-03 1.494945245530734067e-02 1.105521381410512829e-02 1.329524946384958767e-10 9.902553942532552056e-02 3.547230944403986612e-03 1.210797771178246003e-02 5.351074325419546279e-02 1.559378431956184342e-02 6.557175716018198590e-06 1.416561565390734266e-02 3.177738923939336241e-02 8.771297506264330102e-04 1.045220975931094535e-03 1.069624810286376460e-02 2.475512331893020036e-04 4.455460684367183212e-03 1.225342106290967271e-02 8.202173330909068305e-01 3.590241667989879648e-02 1.217691178900914598e-05 3.566819248736034960e-03 3.475365314458603479e-03 1.341065255110247996e-02 6.274141835683740009e-02 4.864451724203739561e-07 1.653852028970727870e-03 9.458322990106099448e-03 1.401067421159294181e-05 8.089632455718646226e-03 7.498210210912646017e-05 2.614231870136692997e-08 7.583037622250668464e-03 1.241629947927237222e-02 8.869924696710515186e-03 1.185942133022485981e-02 1.174012799191127197e-04 4.105480190833970743e-14 5.139318728278982408e-06 1.755608468061941110e-02 1.431260752239398764e-03 1.510352782829543251e-02 3.998005414309367851e-03 1.717006671836846313e-02 1.526643060072459257e-02 1.511845318692226457e-02 2.048984605395609213e-02 1.399934875088886636e-12 6.304067319203436603e-02 3.139874102680166769e-05 1.277818274641352855e-03 7.337416009073995305e-06 5.004335901722180811e-03 1.762803609917980852e-01
1.631260343862760576e-03 3.659569582910143489e-05 1.000000000000000000e+00 1.466842197292527461e-01 1.676749162154314663e-03 4.937866115497500409e-04 7.093912017504255818e-04 3.094958464724535088e-04 4.258681349554431787e-04 4.817989788304326932e-04 6.959648071874327590e-04 5.355330981503008585e-04 5.580180227022067284e-04 2.405416747183519981e-03 1.032520741518976742e-03 2.139894343384439457e-02 1.380443497207804182e-01 6.875713595315556710e-04 1.228421558551938975e-05 4.297964139732450366e-04 2.453671422694272963e-03 2.322986721877850439e-03 7.990018019607766789e-04 7.584718101271965916e-04 3.545514875466159177e-01 1.892480696722817881e-03 3.905977171239858052e-04 3.862006761432112533e-04 3.097074492595738357e-06 2.273181645569518905e-01 1.986262595915539442e-01 3.973759197381121098e-04 3.419268795067509489e-04 2.633673617684462610e-03 7.938965266047011058e-05 2.423228169936559977e-03 2.588914491327727954e-03 2.428101241131690787e-03 3.528097774497618386e-04 9.068429135202865860e-04 2.689459203137998557e-03 8.553958517125474781e-02 1.401496577633293966e-02 5.571870419224816571e-04 1.888967363528126569e-05 4.407268539750893279e-04 1.906820828179375815e-01 7.919943928948550496e-03 1.615797391268904626e-03 2.641472560524613655e-01 4.484178088742481801e-04 2.423293249594081922e-03 2.238638165226130780e-03 9.301182357724900335e-04 2.422076976462938722e-03 8.627350089460269697e-04 2.423001872542195328e-03 6.333961549498652588e-02 3.786445132475524654e-05 1.181322503941721093e-03 7.009009682468740230e-04 6.380855489225592493e-04 3.226203556905111948e-04 1.887799842758201450e-03 1.303719690631754101e-03 2.247572364502670433e-03 5.687190466292803802e-04 2.367231934541037530e-01 1.545655209778660263e-04 4.136792873598918170e-04 2.363105874336200174e-01 3.753355036997923491e-04 5.737152295438260365e-04 8.584320198736367091e-04 2.214516465844349347e-03 3.484743029471146442e-04 9.990033309947633500e-01 9.429422341231625876e-04 6.799013742753285110e-04 8.232567798788319874e-03 2.415532702952966852e-03 4.922726377957245244e-04 3.535382291061500422e-04 2.466142156440669607e-03 2.809827466794388995e-01 1.042079491836454819e-03 2.327485026775970127e-03 1.645690631844729424e-04 3.166152716270890372e-02 4.865337587497325705e-04 3.647025841188945351e-04 6.573567258142219835e-04 9.456755375761775710e-04 2.422108793226673655e-03 5.074631797640564157e-01 2.170155338242320004e-03 1.475614202514893077e-04 1.050601440773868894e-04 1.457816784464140310e-04 3.064742210725722449e-02 1.314518469193330652e-01 4.184161453254048812e-04 1.966382144792177839e-03 1.149112887116090478e-04 8.197805778948808082e-04 3.481913093459879094e-01 5.921695739366634147e-04 6.319985623483271274e-04 8.087673127564116472e-04 5.586518947886514458e-04 1.222547801120677097e-01 1.733306819929187584e-04 4.428915056479506424e-02 2.352024000440630263e-06 6.518735038508649722e-04 1.657796895061265929e-01 7.776697624478894066e-02 4.973362152356897549e-04 3.709901292475368509e-04 1.359755478140813869e-03 3.970371248789932007e-04 3.000482895838286201e-01 6.101131172999671752e-04 1.923100456147662229e-01 2.406828431475817928e-03 1.722958540950557393e-02 2.377339557258601691e-03 5.427369589925685588e-04 2.412225581962967446e-03 2.424882661021879326e-03 2.422238137768037598e-03 2.981068524765136639e-03 7.970886081990443458e-04 6.630385029108467731e-04 1.162916953035195711e-01 2.983540032365987471e-02 2.869025029232069590e-01 5.786549042056682995e-02 1.488428599101711356e-03
9.533396403539567780e-05 1.527350058577771544e-05 1.466842197292527461e-01 1.000000000000000000e+00 1.005480526226221481e-04 2.457881549588326973e-04 3.718746897054356782e-04 1.970813685668594247e-04 3.013779585702398107e-04 8.391444896113343054e-05 6.188386523495889254e-05 1.599739117954301145e-04 2.540094856450428166e-04 1.386667176447323126e-04 7.165076470494854055e-05 1.971421667544053565e-03 6.907382524766229048e-01 1.663978004514810711e-04 9.983734824163102044e-06 2.116318855982543101e-04 1.478372109116788834e-04 1.380226589935278656e-04 4.867302491446421562e-05 3.738257209761576745e-04 3.524462481417782456e-02 2.991872988769806938e-04 2.210334872712583186e-04 1.374569208361003708e-04 1.866366973356789899e-07 2.168882941688349275e-01 1.594044001129295562e-01 2.569667425180116680e-04 2.825183319513250443e-05 1.522468708961069179e-04 1.525038792516529918e-05 1.396655566896315653e-04 2.068812033969374086e-04 1.396202670266875130e-04 2.398942351334910916e-04 2.139862751751333788e-04 1.610453154915068754e-04 1.121278103036628532e-01 9.366527717702333904e-04 1.487577441518393912e-04 1.496114814980248268e-06 5.842479774995057283e-05 3.319182491368323495e-02 6.541994511910977778e-03 1.108538086362559143e-04 8.005385026104173685e-01 2.827739132255223278e-04 1.392104790928280083e-04 1.285422229059357785e-04 5.356289858156943915e-04 1.401146986928937912e-04 7.514593692004728227e-05 1.391591630607863365e-04 2.040381833240459686e-01 2.233946653674620712e-06 9.526709236219899231e-05 2.466113156599779614e-04 2.296120275928487109e-04 2.278100836364566021e-05 2.955807368982564846e-04 7.482840598774482893e-05 2.908286635764624917e-03 3.584250776098266036e-04 5.403293678815729306e-02 2.903079633618936458e-05 2.746408983748222058e-05 2.190604749075564933e-02 2.360474817604904941e-04 1.137920248509529850e-04 1.961319349582454235e-04 1.336971328353889329e-04 1.946857913223443181e-04 1.447802583305870805e-01 6.006760801730260616e-04 1.122707120438193540e-04 2.982708807965082573e-02 1.387251221272478466e-04 1.869952077111944300e-04 2.201460279753944104e-04 1.492004778971622403e-04 5.130347247212908857e-02 7.632796502801554963e-05 1.337163728130697545e-04 1.217010810695593018e-05 9.425338066383546348e-03 6.622522156327388253e-05 2.187719368902870136e-04 5.740350230061869370e-05 2.006239282119132627e-04 1.395595358680368572e-04 1.383144701389549536e-01 1.255622474000288910e-04 2.252866164532930658e-05 6.534228634235053709e-06 8.644045356293174565e-06 2.202918699375765090e-03 4.324480868018640289e-02 3.253193204081860062e-04 1.129355783835045987e-04 2.337934742922869458e-05 1.688006542546040625e-04 1.483432299683873357e-01 4.047994588424157886e-04 6.271240181491831195e-05 4.503429553563417852e-04 1.262663760533612890e-04 2.490441234022406150e-02 1.176667842583227373e-05 3.325365634227261252e-03 1.355679140057456817e-07 8.895691565541590342e-05 6.797195727114847819e-02 1.738737903169897819e-02 2.105020808957546927e-04 6.662385003683123628e-05 9.118751905109163751e-05 2.659418623591356052e-04 4.311097160643936194e-02 2.513344527836329913e-04 5.802172789915022166e-02 1.409218880694660162e-04 1.795343908144435979e-02 1.370098227184989611e-04 4.901985146515835549e-05 1.404595833662722316e-04 1.394275415649830630e-04 1.396143630620213193e-04 1.815515475308241572e-04 5.000458400532596616e-04 1.676664702670563247e-04 8.272644647610373214e-01 5.761482335347070660e-02 6.775555175410373498e-02 1.313606623942461041e-02 1.808992223589160739e-04
4.170855140376932835e-01 1.335473097225048714e-02 1.676749162154314663e-03 1.005480526226221481e-04 1.000000000000000000e+00 2.744350296223677099e-01 2.894624841890369726e-01 1.453922377460517001e-01 1.509215898696718017e-01 3.306359012769747308e-01 1.674750258948643766e-01 1.454863609481198694e-01 3.608622404882379509e-01 6.048918269475996867e-01 4.253837441940891417e-01 2.149542509537846410e-02 9.206631052027234360e-04 3.306632230798409178e-01 3.118657912682622126e-03 9.966373647669243829e-02 6.352414964311892120e-01 6.367946567180096107e-01 1.462273514379412442e-01 2.006214829426140600e-01 8.325518871888833161e-02 6.297539761077213250e-01 1.758405267345728995e-01 2.135894418875637912e-01 9.824897820314866786e-04 1.260231118278449863e-03 4.118736855022586578e-06 1.718822974829971872e-01 7.821956428160901920e-02 6.050086459419299345e-01 3.580160221954170607e-02 6.048545595559871035e-01 3.743085026494509804e-01 6.065922694320899922e-01 1.820022722159262696e-01 3.331361272534284490e-01 6.370343132687364962e-01 1.455444121210964711e-02 5.314781715380726412e-01 1.468733971873958655e-01 4.975520129157807482e-03 1.847725085401890899e-01 1.197036677458945776e-03 1.293795236808007176e-01 5.371518594624236087e-01 4.914280960831271571e-04 1.899791893990632474e-01 6.050600161464743110e-01 5.734033978238392004e-01 3.667784009266159551e-01 6.162911398807656704e-01 2.383198452565493952e-01 6.051953107151079037e-01 1.713237756183912455e-02 1.049152934917759947e-02 3.072565399709980549e-01 1.874963566907776880e-01 3.389753368195361216e-01 1.536145619605890911e-01 6.006503161879681585e-01 3.500369272218242789e-01 1.499909351813363545e-01 2.278285829332298285e-01 4.042826035610139012e-05 3.931290313556513871e-02 3.360479286940898924e-01 1.347462656349294463e-01 2.704404561963572040e-01 1.914719353021372694e-01 3.047865802680887470e-01 5.612466887207016031e-01 1.829072835945332598e-01 1.952397207727994124e-03 1.372314865883499657e-01 3.804107284911690257e-01 5.143642532568738768e-02 6.058936402467424154e-01 2.986367443109642639e-01 1.596171700833559637e-01 6.407375598532114580e-01 5.304828767310407200e-02 2.546802831145205670e-01 5.916989429067672779e-01 9.985929140001176263e-02 6.851647243464589873e-09 3.154711607973204046e-01 1.801156555202714504e-01 2.456495756746570613e-01 3.492131832670004599e-01 6.105294786377883920e-01 5.987727076960984115e-05 5.583746063894998723e-01 4.013700788316815204e-02 2.954481802042200483e-02 3.988703586176202409e-02 4.423140089940928443e-01 1.290655964206858380e-02 1.234026757417580195e-01 4.906157394077060308e-01 4.165635372802640318e-02 3.919896889764843406e-01 2.366841879758769423e-04 2.624597686202663205e-01 1.041838806599800493e-01 2.719298267360898413e-01 2.189458943585397832e-01 1.723040724032920298e-05 4.614580033981777879e-02 3.901667244529510858e-01 5.611208439115236918e-04 3.155194018143887003e-01 4.929410862291637788e-03 1.581381233783607348e-06 2.281932854517935150e-01 1.717351164594157487e-01 3.457102946826888235e-01 1.872380743290165683e-01 9.673782133916597123e-03 2.196881560959284746e-12 1.893505041730050295e-05 6.234508260393157864e-01 6.054309063719182787e-02 6.008038122924734825e-01 1.473229119286512123e-01 6.260353183323918991e-01 6.066725223008608836e-01 6.050016666286069933e-01 6.566130917199162198e-01 6.967264361491321133e-12 3.631552286720212686e-01 3.706744412613672711e-04 5.358294402114233135e-02 3.203686844257796888e-04 1.826990563200266149e-01 2.629054177907038103e-01
1.550123387556225085e-01 2.273854162932815309e-02 4.937866115497500409e-04 2.457881549588326973e-04 2.744350296223677099e-01 1.000000000000000000e+00 4.272356118524232582e-01 7.023310670924830523e-01 1.642536059188396402e-01 5.058194373252873355e-01 5.792376154792714532e-02 1.656424878529386135e-01 8.672257818973941879e-01 1.358959010580272353e-01 1.278420077683473377e-01 2.697791577283461389e-02 2.697797708814475472e-03 4.691082191637435672e-01 2.533521707250048494e-02 8.941375634927821447e-02 1.370083511705124379e-01 1.386115752396746836e-01 7.332731173062254082e-02 5.444957908436776073e-01 2.172149563636178657e-02 3.243506561979911940e-01 5.867051766524356005e-01 7.379542592904224652e-01 4.203596503144032171e-04 2.436098198551011826e-03 4.117824934200557723e-06 5.723889948977041175e-01 2.421612658994594033e-02 1.333582174699303735e-01 2.984379799179623025e-02 1.337893002367976647e-01 9.000210887526413628e-02 1.333687339004605565e-01 6.650479983536262685e-01 2.735283954327152878e-01 1.383697944444046979e-01 3.872876840669962212e-02 1.242723504973848037e-01 3.511489789065124767e-01 9.995133260982183576e-03 1.247017833154542288e-01 1.877769609615819466e-03 4.516532164725557408e-01 1.326926641728485845e-01 6.690903737664432574e-04 7.681521861470697043e-01 1.331667115444212790e-01 1.338958776461055822e-01 6.429883577735883149e-01 1.357685569153708471e-01 1.657885570349141025e-01 1.334565951716981391e-01 5.397370874358028286e-02 3.694956023313899097e-03 1.313999878579335534e-01 3.153285207154437608e-01 8.888390324935329101e-01 3.126619607942818235e-02 3.065908112880390557e-01 9.097581003348120809e-02 4.894959171077126747e-01 3.742197050887832166e-01 3.429071254388760715e-05 6.850478721858223319e-02 2.906419339590173290e-01 3.440021896924017747e-02 7.466355039087227974e-01 4.457985535367243179e-01 2.276290472033190571e-01 1.334439480733730365e-01 7.992263839554551996e-01 5.727533709834744732e-04 5.888937722582895384e-01 5.363858807779903204e-01 1.513759897359194806e-01 1.349050670883725489e-01 9.316362782075291449e-01 6.753173603424653670e-01 1.675937379532137506e-01 2.873560299154276701e-02 6.859415781979530391e-02 1.359070077025469614e-01 2.146602318120762951e-02 2.610306609986436151e-09 3.684830934662039481e-01 7.133020156567526637e-01 1.562278310892063204e-01 6.318412813638696335e-01 1.340688469122999771e-01 3.063947172856667291e-05 1.328428928313307722e-01 5.420440118115281425e-02 2.352573322146763249e-02 5.129987337311759515e-02 1.043318020017214021e-01 3.335773057871561920e-02 2.733557251744567762e-01 1.579246963052104713e-01 4.374119533385443376e-02 3.989798660481952974e-01 4.697322957109974044e-04 6.468744888035091734e-01 5.614363620482071965e-02 7.738188523599293100e-01 6.282575789962618895e-01 3.119931172076730573e-05 5.340290132725342143e-02 9.924145359804201205e-02 1.116138929879820956e-03 3.535759305476895986e-01 1.317922477981612120e-02 2.463535827103574605e-06 7.991947582247420634e-01 5.761370351600605400e-01 8.805117131377879214e-02 8.841641828303138384e-01 9.148082894110570393e-03 1.008056958293308686e-12 2.511638799718179886e-05 1.376682525604585039e-01 2.151055472733630902e-01 1.364811844008515518e-01 7.180949143831066861e-02 1.372094570638129896e-01 1.333786867717459135e-01 1.338145912825926265e-01 1.474415829260981026e-01 6.237604973245361343e-12 5.594409286531669689e-01 1.002261887194461293e-03 1.598671805963323977e-01 3.636869736519520867e-04 1.464089559455746259e-01 1.122069413358715573e-01
1.406410035086941013e-01 1.538360310707278800e-01 7.093912017504255818e-04 3.718746897054356782e-04 2.894624841890369726e-01 4.272356118524232582e-01 1.000000000000000000e+00 2.084392324768016280e-01 2.595883044714971666e-01 3.043790686127284539e-01 1.200484296878728957e-01 2.050815216876105129e-01 5.666992809708220058e-01 1.939392584343408998e-01 2.863481422761323669e-01 8.737070891376623114e-03 3.456971384636675464e-03 4.924690737397894869e-01 1.933223360518371639e-02 2.097667451690523599e-01 2.505293731865060325e-01 2.398909085208518477e-01 6.737000048807774422e-02 3.049889342632623457e-01 3.102034244418289816e-02 4.130751239239802142e-01 2.809723328534978748e-01 2.993003645503332089e-01 5.556954563796091644e-04 4.762309870968269888e-03 9.648678667299956662e-06 2.206258403002573365e-01 6.185691354561508037e-02 1.888739822941766788e-01 2.336228489058545521e-01 1.893350978590752354e-01 3.143095036730600422e-01 1.901065219722006816e-01 2.646454116890903929e-01 7.437880586864668020e-01 2.368070404642931559e-01 2.644568846167264994e-02 1.744553878683050563e-01 1.981345180302259146e-01 3.102403342098931319e-03 5.282892820922984178e-01 1.687118254150774465e-03 2.059030991352048257e-01 3.361311835702944228e-01 8.167799251921652919e-04 2.901015403021822703e-01 1.887429404967734814e-01 1.899609838095898673e-01 3.682840731426925696e-01 1.997703410590068451e-01 1.512247642917841361e-01 1.890083322935098564e-01 4.865506464719384500e-02 5.573230564061128732e-03 1.653236693713766026e-01 2.727913356046222648e-01 3.806232884188984200e-01 1.574783870287050358e-01 4.491153142625198824e-01 1.294904746174726229e-01 2.368917582457328586e-01 3.420139024493564772e-01 5.323375339906607806e-05 3.911352729542372231e-02 1.781639383648241648e-01 4.907448440309050697e-02 3.842930275082043212e-01 2.837629020339353936e-01 6.790708224349139011e-01 2.079319137235437764e-01 3.329102477400817106e-01 8.226822576180840190e-04 2.079648314464222492e-01 3.999831727847649732e-01 1.367072453135100008e-01 1.911160193917570416e-01 4.888951311054502424e-01 2.464462493112103136e-01 2.256893718389025028e-01 3.134497087830304812e-02 1.380508673585106039e-01 1.927961329208655039e-01 1.206888049087205261e-01 3.738463309630869404e-09 4.061516417480476315e-01 2.412739638251056307e-01 1.830271377640353692e-01 4.271689151415023478e-01 1.937539905854312461e-01 6.586568705873850908e-05 1.908913493872224088e-01 1.384617029551756251e-01 1.428203335379318005e-02 3.392192204529271421e-02 1.482575106393103914e-01 1.295588227496118072e-02 2.591716036306339066e-01 1.538253900528424867e-01 2.479937691812065248e-01 4.082526892477966740e-01 2.872521922400745470e-04 2.483436071507903742e-01 8.821710778216522442e-02 4.620055797327418112e-01 3.639297888158448124e-01 1.310790046012054028e-05 2.822618040756979738e-02 1.350782633530187571e-01 1.816592071379123489e-04 2.550760937080410740e-01 4.764549265186024916e-03 9.603278581873795526e-07 2.878117041703991963e-01 1.745393401678168865e-01 1.693722218438108995e-01 3.462597332679241968e-01 4.041742158188859659e-03 1.400645188547860872e-12 2.630142593911451255e-05 2.110024277015066507e-01 1.055313299756350520e-01 1.947546606108311318e-01 9.625621627376203249e-02 2.113399599374570226e-01 1.901776241991503247e-01 1.908010666840704861e-01 2.476002755820453927e-01 1.258896572179514221e-11 4.454006927184853137e-01 1.261508166206111534e-03 9.368578915725596368e-02 1.929557948182819896e-04 1.230416027954168018e-01 4.817133889571607042e-01
1.055038224652207618e-01 3.335184743899683758e-03 3.094958464724535088e-04 1.970813685668594247e-04 1.453922377460517001e-01 7.023310670924830523e-01 2.084392324768016280e-01 1.000000000000000000e+00 1.329895132475890918e-01 5.521067746978085555e-01 3.725471170195463616e-02 1.833291502086650537e-01 4.316539438154984309e-01 7.549018413418139006e-02 5.825663205197029876e-02 2.211117705734536379e-02 2.311793598478115944e-03 1.447934929124643777e-01 9.423222072823724677e-03 8.608481065125669907e-02 7.378460469852411718e-02 7.490270147864278028e-02 3.809829862329700001e-02 5.201525168742653360e-01 1.295233294532364444e-02 1.844477352357635491e-01 8.752198193147803229e-01 9.004305263638034962e-01 2.167485044260890933e-04 9.749565194970323274e-04 2.061814005412569189e-06 8.773768089102468304e-01 1.637926373105576955e-02 7.418047627353722973e-02 5.518529273965329038e-03 7.447510668417896273e-02 4.193357323590620606e-02 7.406455241032747217e-02 9.555149673901021101e-01 1.221284179516090446e-01 7.518969290854969623e-02 2.428716094498226466e-02 7.026825063386223091e-02 6.167365717834654149e-01 8.258511345135808451e-03 4.003294601603529096e-02 2.264774754428316040e-03 5.027620576598069713e-01 6.419947113585199039e-02 6.591586200282294628e-04 9.232591695774832186e-01 7.401627454737413903e-02 7.343902075121973294e-02 5.504857429372579380e-01 7.521657537423055706e-02 1.110526727846855299e-01 7.413301804851436805e-02 4.072841635563852203e-02 1.856181673909824362e-03 8.793807140029978597e-02 3.528021803168059356e-01 5.922274816146808618e-01 1.503214882533721736e-02 1.496638507544307273e-01 4.872770040798680286e-02 6.125155721186082980e-01 4.602347781787019532e-01 3.992488535921759969e-05 3.365615959560348119e-02 2.433769148229278645e-01 2.032963188442614769e-02 7.892661008338966999e-01 3.349290667311050629e-01 8.416923443174140207e-02 7.700358787186215026e-02 9.333790722124629680e-01 3.584431876961582139e-04 9.103654688017968066e-01 2.801020148483399086e-01 1.659264787462585156e-01 7.477763471449659638e-02 5.711801767326252222e-01 9.781270649758333491e-01 8.874269109749034767e-02 2.345044546577676817e-02 4.530105585804233836e-02 7.480357011269965495e-02 9.939417029078113919e-03 1.777917450384122630e-09 9.812605249385829287e-02 9.733980866271592092e-01 9.185759162556325630e-02 2.967998457773556309e-01 7.432178575838847834e-02 1.592354046590028826e-05 7.316010789525641267e-02 3.252761920149972036e-02 9.420045749319632539e-03 6.673267956988229721e-02 5.967868833926336103e-02 4.528558445847093161e-02 3.358836014768102340e-01 1.016047311523162605e-01 8.042568940341708952e-03 1.532213643581959439e-01 3.331210425986455017e-04 7.661298748836936623e-01 4.214309767459178957e-02 7.739129666150197373e-01 3.074129582353232748e-01 2.053859039184091710e-05 2.297959828877165281e-02 5.663177029505585269e-02 1.446205250240373665e-03 3.037746336325735652e-01 1.666557548194075311e-02 1.621689320013495015e-06 8.989265833645960768e-01 4.449201546557128295e-01 5.576011732410129235e-02 9.096364574410022996e-01 5.938584817831901383e-03 7.127553448958146056e-13 8.187635804986077680e-06 7.527210682884641346e-02 3.473833402816617899e-01 7.560985716634188725e-02 4.306342986546336099e-02 7.547344938677981452e-02 7.406627558782896692e-02 7.457408456166059185e-02 7.929217273715703784e-02 2.864847792142719402e-12 1.769981472774307119e-01 1.006288590283164509e-03 1.866529007435716314e-01 2.077431947915217049e-04 1.281852663722226060e-01 3.642183537262753262e-02
1.324373971754182477e-01 5.799698122968563116e-03 4.258681349554431787e-04 3.013779585702398107e-04 1.509215898696718017e-01 1.642536059188396402e-01 2.595883044714971666e-01 1.329895132475890918e-01 1.000000000000000000e+00 2.187469028390426340e-01 3.977927419879896953e-01 5.795461266626358299e-01 1.812099445578640167e-01 1.886886122843826064e-01 1.220841379550231115e-01 1.036945588814786740e-02 2.853238272223017694e-03 1.232994661475655673e-01 2.209170848623498613e-03 7.589333357935973412e-01 1.917523156446752086e-01 1.919320730825432864e-01 1.131893307733159160e-01 4.880405605087564380e-01 2.235757683974784124e-02 2.819482726120053351e-01 2.039686262057137378e-01 1.548309298962991243e-01 9.802774004709887204e-04 1.602166499900755043e-03 3.892698218839136176e-06 1.716415172206474382e-01 2.673200941949798182e-01 1.756441967862980846e-01 1.240550532154752195e-02 1.771420502295825150e-01 1.271588351242084747e-01 1.764398865271424033e-01 1.767298032270954999e-01 1.852952004024216448e-01 1.902347968383243382e-01 3.045414485989835982e-02 1.528847174259925223e-01 1.327639615169091680e-01 1.437782311025292623e-03 5.745467242891982157e-02 4.181785986793731726e-04 1.495306933492645818e-01 1.731987332536984725e-01 1.201701925939649505e-03 1.907081954271086788e-01 1.758626900778424984e-01 1.895118888266196511e-01 2.633265239752416997e-01 1.807793385634144934e-01 2.753779926107097209e-01 1.767942696932531810e-01 3.198684028180536626e-02 8.751751772722634465e-03 4.144904118228576184e-01 4.675893139058369674e-01 1.697936452024738363e-01 5.583952647296657607e-02 2.463139685648232935e-01 1.457323294427210758e-01 2.642268127302072611e-01 6.499550390508049835e-01 1.774413188507400994e-05 1.856451388025152360e-01 1.042548934795426985e-01 3.655047524843668683e-02 3.246893483341228293e-01 2.010131516981620847e-01 1.408132038251800056e-01 2.698078384248846495e-01 1.670398649747605047e-01 4.966342730140665702e-04 1.138658871413700951e-01 1.421800127993688156e-01 2.058531377850363331e-01 1.807169043804341402e-01 1.406060095433997736e-01 1.483928590777884304e-01 1.892996255056752508e-01 3.667236299390341792e-02 3.911709454125683605e-01 1.886230136604219731e-01 3.880057615275435412e-02 1.646416442839027223e-09 7.987723283289743792e-02 1.777793807765895850e-01 9.669365365558080239e-02 1.873189445801603237e-01 1.779638391026120148e-01 3.154450254837563671e-05 2.015951473712993824e-01 8.311415837569231801e-02 3.455172190735089632e-02 3.055511569410455930e-02 1.244498578696707075e-01 7.438662152851085486e-03 6.279424852647242927e-01 1.425670138364569517e-01 1.376537891236962428e-02 1.743972834228337265e-01 1.103791584818617974e-04 2.356837649354176778e-01 3.513280766595248128e-01 3.119085671854603947e-01 1.153536316736652328e-01 7.514450727375218121e-06 7.921533007370400170e-02 1.156513420521634306e-01 1.629717519102994946e-04 1.477804025764984375e-01 2.786287322436340353e-03 5.419522451528597445e-07 1.386086545425841698e-01 7.314027132701406142e-02 3.832467935821800564e-01 1.692987735259212090e-01 3.983636248900819694e-03 5.544131335185482296e-13 8.562748331941391858e-06 1.834103026161864047e-01 9.415166445568828868e-02 1.916409815933139416e-01 3.326912657658789296e-01 1.852604689728156451e-01 1.764740050405334826e-01 1.822095326049027186e-01 1.942329351693472539e-01 2.854980954627538507e-12 1.212887696885514149e-01 1.684849324482444585e-03 1.078941266459360893e-01 2.715271196312926964e-04 1.222090644349179134e-01 9.110966999987600567e-02
3.465436912432523497e-01 8.164074042174283494e-03 4.817989788304326932e-04 8.391444896113343054e-05 3.306359012769747308e-01 5.058194373252873355e-01 3.043790686127284539e-01 5.521067746978085555e-01 2.187469028390426340e-01 1.000000000000000000e+00 1.670417316365872540e-01 2.580556872772203358e-01 3.800850809932891372e-01 2.009405742324456290e-01 1.895774053893143907e-01 5.755375898955518432e-02 1.346707001002065340e-03 1.864026570176059716e-01 1.733947401975258554e-02 2.104857962038465535e-01 2.246003258388526158e-01 2.227742944129837421e-01 6.234660081303289303e-02 6.251324242493166983e-01 2.530016407442914686e-02 3.759515256368004543e-01 6.739168569629531147e-01 7.629788831605248678e-01 3.140966870032257203e-04 9.021444356433260068e-04 2.413144554402467146e-06 6.253475414008541344e-01 9.328622119350381270e-02 1.987609003632684890e-01 2.133315078629292177e-02 2.007966821713720040e-01 1.608814920883669675e-01 1.998375815064051819e-01 5.865697936723537342e-01 2.461040426887725896e-01 2.208368305159373601e-01 1.124136718460282472e-02 1.718224561743110224e-01 6.988325968529860432e-01 3.614232956626890758e-02 1.341793356512299140e-01 2.001250155632191153e-03 2.672020723049819968e-01 2.261566640756269841e-01 3.644344926334538472e-04 4.928061313017919054e-01 1.992544895049770115e-01 1.843741316363547156e-01 3.249879500544661792e-01 2.070974050005141287e-01 2.104610991828959610e-01 1.988249268488621324e-01 2.296086155235433496e-02 3.134332964571621017e-03 2.884793868193916144e-01 5.941201853756402640e-01 4.777959116108081439e-01 7.589001273988561780e-02 3.003782662478301502e-01 1.081167751167535079e-01 3.773341551327064058e-01 4.845258378761611029e-01 6.317685056441616051e-05 4.678175562403890514e-02 7.399989723555281396e-01 4.136106775096743543e-02 5.858095707566522981e-01 2.838308677370714461e-01 2.096888791338548386e-01 2.274596718427230324e-01 6.527212929905583660e-01 5.619978838729615357e-04 4.697798653565812832e-01 4.023645666883012284e-01 9.048679329509240477e-02 1.983353410842383091e-01 4.494757875701351768e-01 5.600543912070748975e-01 2.234893962427402236e-01 4.705190991461277727e-02 1.938974867564506877e-01 1.915696862363921726e-01 5.498547602415499586e-02 1.756987545590062954e-09 1.657633768231850657e-01 5.623028380623189548e-01 3.354706337787104475e-01 5.329257498541851712e-01 2.019384206128263248e-01 2.674499763167492955e-05 1.851296895247430685e-01 9.232197362856187084e-02 1.237558329424679263e-02 5.706183870757809001e-02 1.408293300955432148e-01 3.006750403031434316e-02 3.315911018272110766e-01 3.049498447093387243e-01 2.681895553804891641e-02 2.300326727657718562e-01 2.190369316996758874e-04 4.184475812242712811e-01 1.807366802996877575e-01 5.455876954506433396e-01 4.645484738181771545e-01 1.228945025505222837e-05 3.430995693880359992e-02 1.286133250159004204e-01 7.317420271870335099e-03 7.080940464760577813e-01 7.306729831718077744e-03 1.043247145962232228e-06 6.769023495598351925e-01 6.095444808277536985e-01 2.229326230213649895e-01 5.800449734366507348e-01 8.718324633330233261e-03 5.435336889862674774e-13 6.836601583545034605e-06 2.097556392754913457e-01 2.047467562473149483e-01 1.985313512611475706e-01 1.116506514115753607e-01 2.109597851197555773e-01 1.998843579895249745e-01 2.019498478253951568e-01 2.267149425881340996e-01 2.188066072939938331e-12 1.973399082192978105e-01 4.803147836306060660e-04 9.642441959697321818e-02 2.019400786824520277e-04 1.555127364698714598e-01 1.240132501986893482e-01
2.041564148891570063e-01 5.874314878008090116e-03 6.959648071874327590e-04 6.188386523495889254e-05 1.674750258948643766e-01 5.792376154792714532e-02 1.200484296878728957e-01 3.725471170195463616e-02 3.977927419879896953e-01 1.670417316365872540e-01 1.000000000000000000e+00 3.551749064504153286e-01 6.115758965994676916e-02 2.808959987503020783e-01 8.931308275362555282e-02 1.625983307010185966e-02 5.911971216439589148e-04 5.642281843889881271e-02 1.721673178498499789e-03 5.258980422394615717e-01 2.568066436538609665e-01 2.636034196213046243e-01 9.114514174929859436e-02 2.271577414650651772e-01 3.568668312679065119e-02 2.293124964422391665e-01 7.239695352818859009e-02 7.125416579152496488e-02 3.581169236439945246e-04 1.407352668993087875e-03 5.948363708684196520e-06 5.035856531839486006e-02 8.944330982774818528e-01 2.712116962082602445e-01 1.233598401772110879e-02 2.735040596584792372e-01 1.243296511569094293e-01 2.713459224679667936e-01 4.821181752113085084e-02 1.023016827679859853e-01 2.644294154682735876e-01 7.786280490286151545e-03 2.360311293185365367e-01 7.821225520587626878e-02 2.258337459557067332e-03 5.658669669927880036e-02 4.806437854018298888e-04 4.441755097980535499e-02 1.945777348393296913e-01 3.292242606830171419e-04 5.004044521649552574e-02 2.712191052874383113e-01 2.504511408020737018e-01 7.477625658866136893e-02 2.727876934019626276e-01 2.411530340999080979e-01 2.711449485533307113e-01 8.008006053434052127e-03 4.294591291839857349e-03 6.310537524770897244e-01 3.414799030106953071e-01 5.530237450577817071e-02 4.239164769211145600e-02 2.318173530761503398e-01 1.457883133712349344e-01 6.482976781880038508e-02 2.512312989901940852e-01 2.230459463916589861e-05 1.089647607850853933e-01 1.074159844288878896e-01 5.809213121965208643e-02 1.033294847028373986e-01 1.193479272842238037e-01 1.041565421117897350e-01 4.348411108652568968e-01 6.060144567211070421e-02 8.112182844320063200e-04 3.172404019613914855e-02 6.689082070906862687e-02 3.919618105754638787e-02 2.702992783260683707e-01 5.764823749588567775e-02 4.249551399905233950e-02 2.762019297594288103e-01 5.092793751520569706e-02 9.319545166563795169e-01 2.606770809537132805e-01 2.652166025803688251e-02 2.586830746916712061e-09 5.823843334524218124e-02 4.686438963226559340e-02 6.976986302260754225e-02 1.682317993235635245e-01 2.715946077332285769e-01 7.011649632148841526e-05 2.647299590644617284e-01 2.737153168312739249e-01 2.018023945575095346e-02 2.670397873035875239e-02 1.947414169676821294e-01 4.310178031919315728e-03 2.390867835231673122e-01 2.200496196391353854e-01 1.733818112821598756e-02 8.279563472479407882e-02 7.176709011405158910e-05 5.792928432856340321e-02 6.951143663837305864e-01 9.972739159600098324e-02 8.932232074955252787e-02 6.125365676991686952e-06 6.934055645029019166e-02 1.798759724357732737e-01 2.516010650974479998e-04 8.470112276747641944e-02 1.302299637625479794e-03 6.116292196707130907e-07 4.601212344464952753e-02 5.711002392981227166e-02 8.397819492258224994e-01 5.382675290997033374e-02 5.629909985842570554e-03 7.971743835641314977e-13 9.674739902837965457e-06 2.717636702200476040e-01 2.785184080929063374e-02 2.768698215323158185e-01 3.639336311288874914e-01 2.710759540973038950e-01 2.713510954596043412e-01 2.821896229325791539e-01 2.649787133899546010e-01 4.148943131852970521e-12 6.130784201246553683e-02 3.003342746937638576e-04 2.118305449374961041e-02 3.148933524624538717e-04 8.187610574494411098e-02 8.479634218870930884e-02
