1.000000000000000000e+00 6.698452053966020836e-01 9.153052854781305037e-01 7.064229747630496048e-01 6.173072737231259932e-01 4.248716966243087922e-02 2.369710298258556058e-01 2.823041117090039492e-02 4.526032811349083862e-01 1.920861850739752907e-01 9.211636281795246850e-01 7.310971359771794020e-01 7.134365261454032880e-02 9.746574409687090990e-01 3.461558035168632586e-01 8.719633419740274727e-01 7.334376543040365126e-01 7.298674696894509595e-02 3.929222721826204356e-01 4.093802061795726588e-01 9.743837650611235635e-01 9.770872558073008252e-01 6.862061033641355667e-01 5.547411517862645969e-01 9.545196136911215934e-01 9.428032680913185359e-01 1.389622067666067273e-01 6.129614941079400414e-02 7.625518237952317868e-01 6.775825148485561389e-01 7.321128137829098215e-01 6.625468255361165182e-02 8.742117894714129811e-01 9.740665549221847463e-01 7.449286639475843907e-01 9.741555253433934469e-01 8.033617712695442226e-01 9.740988750768071469e-01 3.020302719899044600e-02 6.764088496697822084e-01 9.773567476434895651e-01 5.549513604749118922e-01 9.745909783321133890e-01 1.478012935558975505e-01 7.475967035368878966e-01 6.888031175495068492e-01 7.028772250765986662e-01 4.099618536040401662e-02 9.639963682851830917e-01 8.008807504087501750e-01 3.714864953164261074e-02 9.744844590320862476e-01 9.706680209868967513e-01 5.710526921990068117e-02 9.750756526510316879e-01 8.018389679582833551e-01 9.740145095032088918e-01 6.653689654136188958e-01 7.890002714595025779e-01 9.045372010442954691e-01 7.854857561027859258e-01 2.868794797905608804e-02 7.327373287912605226e-01 9.333292837001705422e-01 9.407445522519948256e-01 5.391930873525634382e-01 5.064571048660562180e-01 4.585753002620537311e-01 4.353872101545169238e-01 1.415404825206379169e-01 9.632943772830198093e-01 8.134170757757058778e-02 9.940874420548111157e-02 8.485311017361940600e-01 9.627904563037127383e-01 6.552363234462398045e-02 9.045870139962596257e-01 3.239005176196020630e-02 5.386208462638242961e-02 5.971971174309801400e-01 9.740089311183008913e-01 3.482151064416338926e-02 3.428899304246225965e-02 9.732939285115789207e-01 9.510483363897606068e-01 9.315045641022855483e-01 9.735656999475919005e-01 3.755618406003927712e-01 8.044718147877121250e-01 9.884595098437515270e-02 4.289651025966183251e-02 3.877123394054267647e-01 7.547171204193078853e-02 9.744855810954357045e-01 8.395121455063684346e-01 9.654813942562492368e-01 6.278660630172991919e-01 4.242587358642587736e-01 4.364419500423872833e-01 9.736731655573729327e-01 1.140603176355556303e-01 4.462861921858115588e-01 9.953927915523996806e-01 8.259427215949122214e-01 8.061136573312162323e-02 1.497945534838279191e-01 3.678648173985749753e-02 8.502522912984866732e-01 1.445754524869729551e-01 2.480070572087403058e-01 2.579358896137433632e-01 3.385451269062098034e-01 9.745491129892578375e-01 6.783436782780166707e-01 2.026894960878389274e-01 1.031826764398854762e-01 1.240912279179352956e-01 4.345627976704815459e-02 8.940705612735984353e-02 9.417282385144102319e-01 5.335555708898430394e-02 6.292260155756421725e-01 7.000253418441135800e-01 5.166265955044406777e-01 9.764050772157143454e-01 4.942264300731970261e-02 9.746387558358630132e-01 8.041243071581463120e-01 9.756734332244848540e-01 9.742554278305746163e-01 9.743034992917000148e-01 9.758123232751134690e-01 6.613587980062198834e-01 4.431754767274710682e-02 6.979429536939597556e-01 4.193962255377174375e-01 6.838026325532227112e-01 9.227556587806243771e-01 7.489201882737235305e-01
6.698452053966020836e-01 1.000000000000000000e+00 6.201116646136710653e-01 5.032051133886565886e-01 4.550679374572985103e-01 7.190812294047491116e-02 4.869067074048314403e-01 4.456269760479575348e-02 3.361344042864390369e-01 1.652376052259504624e-01 6.199169481428297157e-01 5.006005379850200221e-01 1.224335294893329484e-01 6.419147619352625345e-01 3.514969189178151487e-01 5.566035929491593981e-01 5.939559532812502818e-01 1.243261558631475194e-01 5.479063395829912864e-01 3.037206648631911032e-01 7.007152845036872524e-01 6.668941768841567530e-01 4.926619065253491359e-01 5.736328608797243156e-01 6.384573212094645234e-01 8.038972092798702951e-01 1.774497844951614112e-01 7.623002812614239343e-02 5.242879276886068807e-01 5.216261485388499208e-01 5.025324787022616979e-01 1.115759738053531402e-01 5.906610603342845600e-01 6.432645074422077558e-01 8.444893789295863096e-01 6.392046094473435858e-01 8.000643108017029270e-01 6.405281164252767390e-01 4.937270387693961510e-02 9.258463199153210699e-01 6.838901675547255365e-01 4.340606135506791530e-01 6.456274903988237224e-01 1.308790319191079077e-01 4.681378329023151985e-01 7.846364231117338717e-01 5.291728243466051751e-01 5.755703326419450705e-02 7.539234021866910718e-01 5.326563111397349948e-01 5.631671964452735629e-02 6.405929803840203496e-01 6.375625625725527268e-01 9.010824916708888577e-02 6.431380897092877635e-01 5.584126883058584401e-01 6.401718356922434516e-01 7.262077525700610936e-01 5.600952403108649946e-01 6.089745424969732479e-01 6.544085697588495343e-01 4.908463478189361434e-02 6.597921459736854066e-01 8.008773651703809948e-01 6.259359269303781392e-01 5.390995227736595785e-01 5.162587465720082092e-01 4.016181264137690943e-01 3.546766862222423544e-01 1.109138308873933026e-01 6.434570977583887741e-01 9.945209674743341055e-02 1.134741332853032025e-01 9.076285017735633565e-01 6.354377586375768994e-01 9.934538523676564314e-02 6.124481309901009807e-01 5.128014255995184262e-02 7.116020746076850978e-02 6.405724247596890075e-01 6.406637010844750124e-01 5.899933703283780778e-02 5.419623133008241028e-02 6.637760801233214547e-01 6.336084293556476510e-01 6.188221895736464306e-01 6.407695563819683082e-01 3.543405358114407600e-01 5.637218815763325175e-01 1.317027986301169962e-01 6.440170358793867456e-02 3.747335106462802434e-01 1.096009859401295555e-01 6.408247414351898597e-01 5.954073251065782335e-01 6.370153511791285528e-01 5.525857569286236615e-01 3.209219267142567333e-01 3.227039403291124819e-01 6.490300551644375693e-01 1.037697306641824219e-01 3.709133297946263785e-01 6.493369303581549845e-01 8.656318172815740120e-01 1.008976826459369314e-01 1.245099033852030412e-01 5.621668191527162683e-02 6.120989875502038657e-01 1.732841165640433279e-01 3.366397060935648056e-01 2.309149379590217654e-01 2.704891859255389996e-01 6.544669635787706552e-01 3.950287161107702838e-01 2.422236251997288148e-01 1.044839358048403472e-01 9.982333341090036949e-02 6.636049564714874283e-02 1.165472856842585808e-01 6.252241437475724029e-01 8.875118446185367715e-02 4.866417879702817362e-01 4.941825237849968300e-01 4.053282967360517519e-01 6.475775016928909666e-01 4.987802763328165467e-02 6.423784341712153179e-01 5.524254300495691217e-01 6.484145509704518640e-01 6.396306534882711947e-01 6.389177409746995551e-01 6.903089662452474018e-01 4.899883639452215500e-01 7.403641042941541683e-02 5.060694822528928327e-01 4.808236770515781355e-01 4.883441058117559685e-01 6.314319333852187466e-01 8.664560662221872933e-01
9.153052854781305037e-01 6.201116646136710653e-01 1.000000000000000000e+00 7.847489940108420825e-01 6.003900570245059853e-01 4.096428919847291961e-02 2.196604742748668182e-01 2.778658565068284347e-02 4.323751121078041604e-01 1.769730126757302902e-01 8.878670879056510534e-01 7.015961709818533398e-01 6.798330651935016733e-02 9.402063233104095419e-01 3.243921407192722484e-01 7.793943705038112180e-01 7.621395351105118010e-01 7.157715517524808335e-02 3.492631911771012510e-01 3.933921481324754166e-01 9.293554152011943570e-01 9.396470617236695189e-01 6.682691763881626335e-01 5.325107984231250979e-01 9.887637323687715751e-01 8.739451328163542199e-01 1.349419769584468687e-01 5.852545129969535104e-02 7.248194073805124260e-01 7.470242671773251741e-01 8.574607179077179397e-01 6.181113063751744047e-02 8.447041351886699356e-01 9.404837724439105706e-01 6.515710111460527587e-01 9.395240017945339916e-01 7.756533732898048816e-01 9.397071288178300286e-01 2.924570422948335677e-02 6.194488227778753853e-01 9.356716284640157477e-01 5.931399801913750380e-01 9.468792502074816486e-01 1.498071357534727366e-01 5.863176613253499037e-01 6.315723052562141060e-01 7.723354095612436909e-01 4.229910862366716151e-02 8.862755556212298380e-01 8.569239941444258823e-01 3.691790397845594318e-02 9.395611972126668432e-01 9.369597747796515330e-01 5.545824057144187885e-02 9.393090166881619130e-01 7.611241420935571655e-01 9.396248191913344483e-01 6.710239770482891997e-01 7.632653450333821699e-01 8.644959244601533310e-01 7.235353389606657970e-01 2.756283921286237573e-02 6.827177577821325061e-01 8.792038871665575073e-01 9.099391255291765512e-01 5.209446685777533448e-01 4.786255027952425745e-01 5.194926204300054362e-01 4.258286316849673181e-01 1.267960510324442069e-01 9.799524197821323224e-01 7.839005453878322704e-02 9.710602184585484520e-02 7.652880214922289648e-01 9.290698926134512980e-01 6.338079478747733753e-02 9.994695912321029940e-01 3.193558636588633010e-02 5.076713712539086126e-02 5.900147762012836195e-01 9.395602429056125748e-01 3.373547323697308198e-02 3.373521019969371454e-02 9.385590508952091904e-01 9.651282181445549613e-01 8.987257722379649039e-01 9.396597529388885928e-01 3.504030666177952447e-01 9.648808623332083556e-01 9.320061445443407477e-02 4.195905538353492809e-02 3.465475934095113564e-01 7.251276974666077957e-02 9.397860593560727338e-01 9.697915786349435852e-01 9.323510538245246559e-01 6.080547122917114855e-01 4.139537260069627855e-01 4.274469761438920434e-01 9.534194199263978931e-01 1.227056896173458755e-01 4.263542595516587874e-01 9.315766757151048294e-01 7.152390341032579535e-01 7.669637088002762004e-02 1.712217565091984084e-01 3.580566082331090166e-02 8.117875785682644452e-01 1.401037452100877823e-01 2.354981697184282408e-01 3.011367312120628581e-01 3.302905943922996856e-01 9.527331142323867130e-01 5.164756964890918622e-01 1.913615824195117887e-01 1.151604629470679569e-01 1.487172890805820991e-01 4.180718176112010326e-02 8.517913698903051278e-02 9.082017735145827553e-01 5.199172565467897328e-02 6.600075210191391761e-01 8.993598607361926733e-01 6.110286832163779325e-01 9.395704261305380944e-01 5.058387461580222955e-02 9.408204737015247732e-01 7.638056046388246312e-01 9.401347033457130298e-01 9.394725727221086009e-01 9.405509493471316818e-01 9.392390069309600742e-01 8.475099199764792868e-01 4.237094133597592294e-02 7.415695613469384107e-01 4.218092800251332375e-01 7.649934662722751577e-01 9.084441146232800079e-01 7.470984893331582555e-01
7.064229747630496048e-01 5.032051133886565886e-01 7.847489940108420825e-01 1.000000000000000000e+00 4.564712069825912488e-01 4.172037990783719619e-02 2.037262932848627195e-01 3.238866771427198477e-02 4.149524980172140665e-01 1.827409807512337947e-01 7.296156341468753581e-01 7.610377540642284666e-01 6.358630587227200037e-02 6.974271960218502153e-01 2.599617204009346261e-01 6.943081861197025750e-01 9.601423025519291166e-01 6.158770145383628269e-02 2.999124974191301751e-01 3.588384580653487532e-01 6.975614441755675355e-01 7.033291254993794261e-01 5.364700144159642026e-01 6.036340047402058984e-01 7.563684152477947453e-01 6.959849707129213137e-01 1.575171381634292433e-01 6.634779674375411440e-02 5.695590806125132577e-01 8.498856562146945848e-01 8.876535097814048925e-01 6.886079085036961311e-02 6.613735318518624284e-01 6.992139529755662108e-01 5.329618060828509307e-01 6.946744715127262104e-01 6.194811219834496230e-01 6.960961896047306308e-01 3.296509888628770119e-02 5.298431349303710514e-01 7.008068547225915212e-01 6.834177220720659696e-01 7.084666446523267824e-01 1.803663479736144770e-01 4.864606039243005164e-01 5.154191839235180428e-01 8.369829981266397878e-01 4.891568820445216931e-02 6.827123503864738208e-01 9.023465190788595436e-01 4.248442195579309189e-02 6.959697510755556982e-01 6.969118404085848928e-01 5.390226898626328950e-02 6.956496272290627614e-01 6.389580208107309423e-01 6.954263879827867756e-01 7.793275438295348412e-01 5.898626741009386221e-01 6.962021617383278294e-01 7.513091766133003224e-01 2.644462551695525923e-02 5.330112966942308628e-01 6.882953334322667871e-01 6.828218344958449926e-01 6.314436869848164546e-01 5.242599260227813751e-01 4.903156242981557833e-01 4.050952932776970550e-01 1.162655992007023964e-01 7.468655834608775024e-01 8.984754833857136469e-02 1.007776348694381235e-01 6.351381326601193145e-01 6.921420287294346441e-01 7.198771148244421936e-02 7.838526234447020791e-01 3.688340529774669641e-02 4.656742556042826886e-02 7.303913562214952027e-01 6.968687436970393279e-01 3.339009342355076654e-02 3.944071572908553619e-02 7.043043014921976930e-01 8.223793088997395362e-01 6.908643302604418057e-01 6.986037865363566857e-01 2.766715918761318838e-01 7.841427562489569070e-01 7.910004111678836658e-02 4.845529693417453820e-02 2.910651331999883906e-01 6.603970685653484662e-02 6.960191686472720907e-01 8.438046860583954256e-01 6.941958725607246805e-01 6.297781029133039388e-01 3.334646497415899580e-01 4.081351931799878097e-01 7.145719891957429404e-01 1.270465854479033430e-01 5.516678097782281576e-01 7.059199225548677958e-01 5.827953582879156214e-01 7.027823355086464108e-02 1.772932959948862741e-01 3.776254148822040524e-02 6.718888713517956468e-01 1.579847349930256772e-01 2.120217907093620846e-01 2.698946003178276376e-01 2.866189193859038919e-01 7.181155101069546243e-01 4.354084957656092492e-01 1.772602315588306665e-01 1.179083920348504982e-01 1.412857961998642553e-01 4.479086565022983440e-02 8.027554886366454479e-02 6.855095612580854869e-01 5.699972056173933932e-02 5.984432975034018609e-01 7.582912732397710798e-01 5.841187351296478480e-01 6.975618729670849394e-01 6.022624103688747205e-02 6.986028502133094786e-01 6.218496494947334252e-01 6.982716766454309942e-01 6.955488869155128651e-01 6.972485478674156356e-01 7.068083971322717263e-01 7.851209179577366415e-01 3.651300703355020438e-02 9.862223038472416325e-01 5.140253787560722376e-01 6.830567189287951591e-01 8.187137671256132787e-01 6.109681201009835583e-01
6.173072737231259932e-01 4.550679374572985103e-01 6.003900570245059853e-01 4.564712069825912488e-01 1.000000000000000000e+00 1.543456349642237380e-01 3.371322126828995569e-01 1.130266649156632525e-01 6.270625272323071542e-01 5.520506458918440496e-01 6.104613252406416724e-01 4.964807863138587241e-01 2.312152260969418394e-01 6.330383489468150993e-01 6.474273973990611886e-01 6.359007351939011121e-01 4.912500200427973862e-01 2.268959720442358385e-01 2.223523402471635491e-01 6.151254456940620230e-01 6.316246147300959013e-01 6.470850237076763989e-01 4.804289869907459321e-01 6.321916086764797216e-01 6.258448764667160491e-01 6.743076444860008900e-01 3.244718443666796404e-01 2.271033375296256374e-01 4.946760233482557223e-01 4.890192470436417471e-01 4.755600165685697212e-01 1.738310157229229769e-01 5.750754779661363392e-01 6.432618147651179008e-01 5.142363289325851960e-01 6.288659963965186339e-01 5.587831295697801570e-01 6.353046017250923994e-01 1.153265300900928464e-01 5.549790498666009597e-01 6.367174658544479948e-01 4.046196788214911355e-01 6.440279579419929679e-01 3.777488896505328264e-01 4.058146622661458758e-01 6.442206999539688006e-01 5.713520827720616202e-01 1.498170756066392051e-01 6.173978043037626762e-01 4.916454086613893937e-01 1.338317251701320876e-01 6.306867016111720181e-01 6.279581361724363431e-01 1.536534488942240262e-01 6.335108753662970216e-01 5.332209748779170866e-01 6.307133374445412777e-01 5.199579647808655336e-01 5.212329293354751591e-01 5.857695717321894646e-01 6.116541416448848523e-01 1.183932376614277859e-01 7.543238077793052998e-01 6.658981383205874183e-01 6.065328168856859437e-01 6.533511295440332933e-01 5.850369611495221944e-01 6.606856628687777233e-01 3.086654821729011289e-01 4.438103339877439990e-01 6.340128728931704316e-01 2.716079259072585739e-01 2.408943664544082874e-01 6.120375792679817462e-01 6.270507846819521891e-01 2.137902584805912443e-01 5.971935859528240131e-01 1.245876144502185562e-01 1.988661304341071689e-01 4.292527711914568833e-01 6.313225882700482794e-01 1.378135523924062522e-01 1.310694710707551724e-01 6.638717010744681346e-01 6.249206689317381436e-01 6.021303101492472276e-01 6.372716054766143223e-01 6.343888930697947348e-01 5.447013707093819601e-01 3.096818117848611496e-01 1.541745345865883354e-01 6.047843746274503829e-01 1.987663180346177505e-01 6.333162395292185609e-01 5.611553072829497113e-01 6.233991931558501287e-01 5.031540285129842971e-01 2.866713803512400682e-01 5.229307029238583482e-01 6.403832369486877063e-01 3.122995655033845575e-01 5.682012578524122670e-01 6.280024532771556478e-01 5.235613587549157177e-01 2.468712624018651602e-01 3.521264158288748281e-01 1.153358163639566364e-01 5.671467957252833703e-01 3.686635889618905537e-01 4.291016745729144821e-01 3.554623537877101280e-01 2.500718120696231450e-01 6.504032405515839388e-01 3.492685578338353136e-01 5.071257182013212406e-01 2.913531595326370738e-01 3.011835493398859476e-01 1.548151625994116376e-01 2.444914266460946062e-01 6.178862441543041539e-01 1.708092542011052928e-01 6.859657084171273400e-01 4.735663793916066178e-01 3.676928342658238313e-01 6.363792804006284110e-01 1.773077163898701958e-01 6.344316687247539832e-01 5.150680333074101336e-01 6.332510964948728782e-01 6.327881110417170607e-01 6.329999451170127411e-01 6.514558442207613043e-01 4.557342744464046302e-01 1.612390959472736474e-01 4.484387539737145212e-01 5.398206281677540019e-01 6.433233843800592044e-01 6.664831203419077088e-01 5.325935898306325411e-01
4.248716966243087922e-02 7.190812294047491116e-02 4.096428919847291961e-02 4.172037990783719619e-02 1.543456349642237380e-01 1.000000000000000000e+00 4.404326407716405156e-01 9.514151750342986213e-01 2.299427063985087505e-01 4.536177555938316619e-01 4.400715801313713482e-02 4.997984744000902313e-02 9.606839636019360862e-01 4.220487064229010155e-02 2.896064149218343653e-01 7.408554530179971287e-02 4.520721130552131373e-02 8.812958108307185068e-01 6.921963734555504344e-02 2.376833790361973509e-01 4.211202325995710288e-02 4.506840681451115826e-02 4.972238946145807886e-02 2.350260590454327503e-01 4.256957171091564629e-02 8.023004837365500796e-02 7.842321363568868220e-01 8.688991076763482591e-01 3.939321321470661691e-02 4.786431436203854306e-02 3.597827988401249011e-02 8.711743180525968189e-01 3.862113331143540024e-02 4.453794448142067708e-02 5.578821022104067662e-02 4.139176561499258167e-02 4.204740264335738581e-02 4.275935296992048468e-02 9.409398127057523320e-01 1.244410121142306147e-01 4.287346973127416361e-02 6.327681739788829085e-02 4.460767882671249490e-02 5.564979468189193978e-01 3.153044568345157034e-02 6.090775242731951561e-02 8.642781768050189495e-02 9.256835748879259640e-01 4.226012656913118865e-02 3.945337887124725912e-02 9.559551822940329791e-01 4.176870940161531154e-02 4.124312711504606738e-02 9.069774044675887881e-01 4.233765191834584773e-02 4.828350222704669986e-02 4.173495264200457328e-02 9.310071474703596195e-02 3.890631142525856345e-02 4.190483233159377624e-02 1.019249814989215824e-01 9.656458205324196520e-01 1.203764507767885183e-01 7.607429744775605351e-02 3.999741057432978919e-02 2.315845151141866787e-01 2.741913631420775932e-01 2.256051559975726095e-01 4.613822756049548029e-02 4.599367151175626223e-01 4.345106409818374343e-02 8.619036367938287535e-01 6.735876497190647072e-01 7.407077406025681932e-02 4.190467536834239365e-02 9.408122912039266206e-01 4.102507495875109406e-02 9.545376055078254041e-01 7.606284429972155481e-01 7.578470697230370312e-02 4.206922114151826625e-02 9.891007122553590047e-01 9.570000387053980706e-01 5.128384172022904669e-02 4.943912560750906432e-02 4.028199792457249490e-02 4.299499647814943037e-02 2.621396828677395874e-01 3.964376636388071418e-02 7.864052644977664874e-01 9.483752449731954748e-01 3.075723471542328724e-01 8.108486791926344806e-01 4.217437288763786069e-02 3.958529044521392343e-02 4.083350683376948953e-02 5.821026832466079382e-02 3.344742336085387846e-02 1.687410531897775845e-01 4.452549422834159443e-02 6.477202861058058980e-01 2.366111114013376149e-01 4.300195629960984478e-02 4.786621153280350149e-02 7.074713212018852726e-01 4.542634529371911700e-01 9.090092820290044395e-01 4.582777019215664854e-02 7.541715635511516691e-01 5.998683427138408186e-01 2.157132044838675489e-01 3.984182868064287814e-02 4.638915412866113919e-02 2.655902259689763706e-02 5.956928761984041643e-01 6.948853565485535455e-01 4.033571621462248569e-01 9.795978714163454670e-01 8.752740634889520921e-01 4.201651559679525638e-02 9.722412134436687614e-01 8.480230432475756308e-02 3.496730441215771534e-02 4.470463223437137062e-02 4.289338978220387510e-02 6.562723332208303395e-01 4.230010947498260426e-02 3.789736122206569663e-02 4.214825446258395336e-02 4.217625583238199943e-02 4.223907739522190369e-02 4.703504839945013560e-02 3.820748437316919682e-02 9.415669696562467550e-01 4.199882171457662572e-02 3.454010400695762262e-01 1.184730840118376483e-01 7.099203618388490178e-02 5.113354018126232969e-02
2.369710298258556058e-01 4.869067074048314403e-01 2.196604742748668182e-01 2.037262932848627195e-01 3.371322126828995569e-01 4.404326407716405156e-01 1.000000000000000000e+00 3.317263059160818206e-01 4.165478029972113916e-01 3.635246033797262522e-01 2.415236308966307865e-01 2.242734706724204274e-01 5.652497988683424790e-01 2.321142261163793019e-01 4.303602958445967852e-01 2.622255229625743977e-01 2.388650765385908759e-01 5.118241967553699423e-01 3.788201307334284618e-01 3.976963126077281419e-01 2.458942923991006835e-01 2.456941181979129807e-01 1.938287600756428697e-01 5.251379429564005941e-01 2.291149508655969669e-01 3.922346234965413680e-01 6.280902190606223456e-01 3.668163102867365022e-01 1.953767930725067437e-01 2.179480740029276220e-01 1.830013978969463051e-01 6.028761167333562820e-01 2.232096263213214915e-01 2.380085921377199099e-01 3.181718746025964939e-01 2.292834345145469965e-01 2.776880717731453618e-01 2.332063492291721885e-01 3.768647127468843783e-01 5.684236174606955849e-01 2.438585654566720329e-01 1.964446861161972535e-01 2.387613239753172134e-01 3.686021446294424631e-01 1.601904253461962913e-01 3.218692090689622143e-01 2.646836716816190482e-01 3.534555306793131235e-01 2.595555966813601900e-01 2.016586539541629919e-01 3.671172563498089070e-01 2.305652591272214225e-01 2.303242809989895223e-01 5.035610658309804810e-01 2.329523943749743919e-01 2.177582205325674647e-01 2.302564226606278741e-01 4.222390997370726873e-01 2.111621315998714610e-01 2.331032105344418848e-01 4.091063544191265167e-01 3.418293664458714187e-01 4.149407571493031743e-01 3.835859108322992039e-01 2.279348735210711130e-01 5.348015611387256785e-01 6.490472377914024982e-01 4.164376693989639278e-01 1.451970521795656055e-01 2.735680358358669739e-01 2.329122292365790325e-01 4.359661015238827098e-01 3.687662746005428427e-01 4.176898861607156177e-01 2.336078155255771616e-01 4.856515071546719242e-01 2.176962204400834655e-01 3.682581553568102239e-01 3.134915541564960439e-01 3.769904083205505296e-01 2.316778586256184602e-01 3.852313447932980695e-01 3.726470020483826917e-01 2.596696895955605267e-01 2.447925971038408532e-01 2.298206140134163022e-01 2.339927541015691392e-01 4.420818644689309407e-01 2.021480451535238865e-01 4.549893540289505767e-01 3.917653281056425185e-01 4.658488650064370740e-01 5.336944517990001025e-01 2.318878021337718032e-01 2.109476481387591862e-01 2.303072524721900272e-01 2.874920210423053124e-01 1.159948272761361365e-01 2.773072821898690532e-01 2.396618679171028665e-01 3.261303461348213917e-01 4.092644324556279356e-01 2.337813519876648649e-01 3.166554028012356081e-01 3.911101597056014789e-01 2.714684135652511432e-01 3.912810688075042953e-01 2.474048756826752182e-01 5.204748570513813011e-01 6.508074016781044691e-01 2.339830662390008920e-01 1.104940824705535202e-01 2.449973911595232090e-01 1.320943757944912922e-01 5.496591794804916997e-01 3.449276830917608061e-01 2.171954797077572941e-01 4.095498896759141583e-01 4.639424938147808652e-01 2.338647654140068310e-01 4.906196431863960039e-01 2.307442145912147746e-01 1.731555652662769562e-01 1.476668270406161498e-01 2.354936471787650587e-01 2.696235350237745632e-01 2.329098145358292626e-01 2.080049434131498454e-01 2.334721570046726924e-01 2.316155991669151537e-01 2.313297810556014522e-01 2.553386135105594201e-01 1.716763097103082836e-01 4.117708700341861094e-01 2.072415063601614760e-01 6.226061768805877250e-01 2.940185395713440508e-01 2.902232757964759435e-01 3.298771151715697569e-01
2.823041117090039492e-02 4.456269760479575348e-02 2.778658565068284347e-02 3.238866771427198477e-02 1.130266649156632525e-01 9.514151750342986213e-01 3.317263059160818206e-01 1.000000000000000000e+00 1.964877772158749314e-01 4.245600639659774522e-01 3.008990140194593016e-02 3.885528152420476139e-02 8.521287378475841390e-01 2.825035217363542142e-02 2.236380986542829685e-01 5.209826330742212130e-02 3.437064512593215188e-02 7.566136375642128487e-01 4.385472871474332957e-02 1.998451868188028946e-01 2.776351264070554478e-02 3.013222750485495052e-02 3.428693924865001269e-02 1.923651951245966829e-01 2.872717232988925007e-02 5.436241018988444140e-02 7.548622143124850137e-01 8.898100903811462237e-01 2.648899952909216857e-02 3.362490555940635811e-02 2.504430147331627998e-02 8.376925937101238340e-01 2.574147532538774083e-02 2.992155171833961458e-02 3.523576018015948247e-02 2.766855498918285167e-02 2.680035863413524413e-02 2.864703702278260933e-02 9.781861826018799499e-01 8.419786127882493421e-02 2.843531791819619778e-02 4.952740130509340755e-02 3.000358430859398004e-02 5.495358465827153704e-01 2.037427593377099180e-02 3.893796784943108491e-02 6.608746219300283553e-02 9.637663037835716429e-01 2.739698924192929610e-02 2.999269007740299961e-02 9.863999094553644875e-01 2.794278031292087711e-02 2.756683900764781217e-02 8.748806134400713974e-01 2.832705096988937660e-02 3.364985523942479184e-02 2.791886639651624397e-02 7.013360668254782493e-02 2.596466418596777084e-02 2.866033601291887584e-02 7.840207306497200268e-02 9.259926061523754415e-01 8.432975324366885628e-02 5.120614032330628174e-02 2.666590945538389879e-02 1.943515043732266245e-01 2.325184561021239327e-01 1.837155543087052867e-01 3.410861901856881290e-02 4.210650677350399884e-01 2.932422269753951621e-02 8.587420589863257181e-01 6.253896894893627989e-01 4.849041347218643189e-02 2.803228563831389880e-02 9.311667951229836149e-01 2.786698615681725347e-02 9.946257488336194275e-01 7.069049971844315605e-01 6.086041814437317954e-02 2.817242340024871464e-02 9.418260245861048707e-01 9.943689452293213993e-01 3.463674290367792230e-02 3.475457799899481920e-02 2.705644240861986016e-02 2.882811683521495361e-02 2.027305991526177631e-01 2.718957406136180907e-02 6.783382543028835254e-01 9.814446959363284373e-01 2.375587307566384143e-01 7.015383882992318743e-01 2.822949376223269149e-02 2.700036749290608482e-02 2.725899838611746742e-02 3.899169817404223720e-02 2.312542261299268750e-02 1.315528490223515645e-01 2.993394232013861164e-02 6.438208022061143732e-01 2.120357691522107846e-01 2.871817407937960268e-02 2.987368032429427167e-02 6.278319890102627143e-01 4.239531618687304437e-01 9.372137049080877524e-01 3.088415854892747822e-02 7.233996296979114948e-01 4.762669042173573453e-01 1.757058981716592694e-01 2.857718483047679697e-02 3.125198197443448955e-02 1.728963091362287902e-02 5.097472873168015228e-01 6.877685126374849522e-01 3.825313776051922354e-01 9.730480052247542089e-01 7.803673507010655541e-01 2.815349889450212070e-02 9.487933452803458678e-01 6.290899097962866782e-02 2.423400508567082404e-02 3.167773454177352788e-02 2.869016067011928572e-02 7.142386337090035342e-01 2.829831875711859637e-02 2.578445646401109764e-02 2.817694742229628901e-02 2.823113118511048208e-02 2.829493526131256556e-02 3.137307140598242367e-02 2.666223137148101760e-02 8.390849492983981639e-01 3.303596923501474214e-02 2.998158251512804684e-01 9.047282687713710525e-02 5.225494754020714588e-02 3.251020348647192665e-02
4.526032811349083862e-01 3.361344042864390369e-01 4.323751121078041604e-01 4.149524980172140665e-01 6.270625272323071542e-01 2.299427063985087505e-01 4.165478029972113916e-01 1.964877772158749314e-01 1.000000000000000000e+00 6.186673964860942565e-01 5.484315452917245537e-01 5.805723568798842882e-01 2.968582171636658940e-01 4.604140802928363141e-01 6.337551970088995956e-01 5.478499841877332299e-01 4.344565726144655748e-01 3.041055160947248592e-01 1.808779581978038065e-01 9.832080492449895015e-01 4.553668172771772604e-01 4.739972197843743129e-01 4.542269522442755059e-01 6.946774787808714935e-01 4.520450562312051113e-01 5.320906265924821854e-01 4.990645778529073096e-01 3.403942795865846915e-01 5.008463215803986568e-01 3.872972750795922181e-01 3.706988054118193765e-01 2.994021516879362688e-01 5.271970662807459185e-01 4.691609898218732089e-01 3.690409922584225733e-01 4.543879901971499269e-01 3.986648003180008337e-01 4.609365502103071055e-01 2.121735268183274348e-01 4.761260957477507216e-01 4.613997250791092020e-01 3.835372259399542072e-01 4.700380918306202305e-01 5.794497681241317366e-01 2.995309035387047625e-01 4.069153601129357201e-01 5.053428527702324979e-01 2.636755539567346984e-01 4.450147947394060277e-01 4.467290400599749356e-01 2.365373203722002382e-01 4.561470008171474855e-01 4.765157412306031404e-01 2.729158376674669095e-01 4.596866186427353007e-01 5.253273459116185595e-01 4.555523522263595915e-01 4.304311045558924520e-01 5.230909697978646244e-01 5.456617127721008487e-01 6.721478032504727418e-01 1.844445115139367875e-01 6.553258442487100988e-01 5.082203895840520236e-01 5.026489716355772019e-01 6.269992690957302273e-01 8.032146503746430133e-01 7.350023347460000744e-01 3.221544236480960999e-01 5.110035939933856852e-01 4.595457260881782857e-01 4.022089739443479584e-01 4.041248590509564087e-01 4.858017187736465847e-01 4.930884177863720241e-01 3.190928379527429581e-01 4.300515800370579012e-01 2.178118764699159271e-01 2.906929439062636567e-01 4.273565134159715284e-01 4.581556708176172665e-01 2.042123715969136610e-01 2.248508500967317525e-01 4.919738010164894093e-01 5.123713644582142956e-01 5.202533859839195696e-01 4.705079751250635378e-01 6.916864971835690046e-01 3.924561410807179684e-01 3.879761787068350953e-01 2.601595378992445085e-01 6.789510210577648364e-01 3.171608431314403842e-01 4.587029351728387772e-01 4.137065964674485063e-01 4.833932735704037920e-01 3.989000000784616584e-01 2.813492448532536883e-01 6.205385376554188870e-01 4.675177587873886043e-01 4.827521087084217788e-01 7.736698888444236699e-01 4.589027016842626150e-01 3.852130462916213971e-01 3.654266223054448148e-01 4.812905554382723161e-01 2.265035112522298388e-01 5.607059637866886881e-01 5.301355672748125913e-01 4.582131890837722321e-01 3.735344142161060033e-01 2.458439408120113578e-01 4.762737144530452826e-01 2.630820332179003018e-01 5.879938325451116166e-01 4.428239956224982454e-01 4.199354647510320504e-01 2.547406211601185300e-01 3.308128552591439453e-01 5.183498815034295326e-01 2.631427094950472001e-01 4.133846425927477641e-01 3.419702692536692457e-01 2.808187965895529992e-01 4.617182947540117155e-01 3.483838738587735628e-01 4.644205344798679191e-01 5.343147979186672059e-01 4.585821141266683276e-01 4.583532097568804864e-01 4.593124109165376834e-01 4.742022273122794007e-01 3.372582309245781285e-01 2.241144496500011851e-01 4.153720795196987337e-01 6.201824427127921036e-01 6.372486225407953953e-01 6.017151215789641183e-01 3.845688014262938492e-01
1.920861850739752907e-01 1.652376052259504624e-01 1.769730126757302902e-01 1.827409807512337947e-01 5.520506458918440496e-01 4.536177555938316619e-01 3.635246033797262522e-01 4.245600639659774522e-01 6.186673964860942565e-01 1.000000000000000000e+00 1.952677370716857652e-01 2.077139931030190234e-01 5.261099547633445450e-01 1.872980044925943999e-01 7.014958153667023577e-01 2.753614442098356596e-01 2.094623073656983747e-01 4.985995686687906270e-01 8.627606021112217694e-02 6.314382151671381616e-01 1.895836850322590861e-01 1.982528067498106616e-01 1.578985156241429766e-01 4.819281737705979896e-01 1.856054812247336649e-01 2.538654773451113345e-01 6.694150439133488284e-01 6.832771873876258839e-01 1.523549134984343578e-01 1.625771575072352537e-01 1.481738877148785216e-01 4.548179183276019888e-01 1.713046861231917739e-01 1.942050599643060926e-01 1.946765827855576336e-01 1.845350026525008347e-01 1.904614818269064203e-01 1.890129598589095905e-01 4.293875477750897507e-01 2.708475834795981418e-01 1.916522771598324903e-01 1.723559211951607717e-01 1.949889071387648498e-01 8.330095826638169720e-01 1.417688401952619248e-01 2.537299046045471962e-01 2.612681074012206395e-01 5.079313430545991936e-01 1.952137923999666125e-01 1.895937182171431312e-01 4.513161863241150207e-01 1.858144529259140032e-01 1.849247950138725172e-01 4.004292724836172046e-01 1.878180600263645028e-01 1.800229752852995635e-01 1.856051341310551994e-01 2.404470563908337466e-01 1.587593684792271143e-01 1.855619355806358284e-01 3.146515071505495698e-01 4.043632027734916923e-01 4.267868747052761536e-01 2.352808539095674334e-01 1.776607425569323440e-01 4.934339165510217562e-01 5.212520028345131173e-01 6.087188229155352515e-01 1.216970204647236792e-01 9.099790408325187929e-01 1.893142327670027936e-01 7.181157389063511642e-01 4.724213052626450859e-01 2.464537420558955416e-01 1.862389090119934976e-01 5.746288062577297184e-01 1.768469634640350840e-01 4.473213534849778683e-01 5.866859886147923753e-01 2.190485211106766306e-01 1.864630947228306246e-01 4.313021542801177000e-01 4.647017740317794243e-01 2.103023368819461891e-01 2.136510644711063500e-01 1.811985821931855478e-01 1.901629983294405579e-01 6.820855303277912896e-01 1.640115552779725649e-01 6.635312000626649720e-01 5.021155074300990284e-01 6.838848451795001004e-01 4.559373094404504112e-01 1.875806275768732712e-01 1.686947348423570026e-01 1.829252676909966513e-01 1.641193020526741930e-01 9.062688177487787655e-02 3.456233983735954030e-01 1.927480010835015412e-01 7.036468963130122489e-01 5.753030115823279944e-01 1.913433406210377496e-01 1.857864882144503738e-01 6.215761542619004931e-01 6.115812305877937893e-01 3.838593909044048513e-01 1.866770602549339686e-01 7.422721119875017592e-01 5.057160963901744521e-01 2.915934182637442973e-01 9.140660128303976228e-02 1.990079941515081885e-01 1.246823743819177877e-01 8.680199852781650405e-01 6.352213132642490212e-01 5.273790591024102303e-01 5.035393692415160993e-01 5.348769683918140894e-01 1.861987202874155478e-01 4.739405685816510116e-01 2.701884987268329263e-01 1.418293467896773741e-01 1.208335014440578420e-01 1.896749362300104158e-01 6.627197561257429648e-01 1.877774382560626620e-01 1.627889933781602183e-01 1.872893865760628107e-01 1.873195000185557679e-01 1.875815254530836529e-01 2.016507386515797307e-01 1.390291417037164967e-01 4.307934118006504498e-01 1.946970686283294172e-01 5.158922276289874542e-01 3.364269131270514190e-01 2.726751584405151529e-01 1.900560749207618749e-01
9.211636281795246850e-01 6.199169481428297157e-01 8.878670879056510534e-01 7.296156341468753581e-01 6.104613252406416724e-01 4.400715801313713482e-02 2.415236308966307865e-01 3.008990140194593016e-02 5.484315452917245537e-01 1.952677370716857652e-01 1.000000000000000000e+00 8.602942445680866745e-01 7.280182709488396131e-02 9.411636825473690404e-01 3.371054314178524858e-01 8.093873795655969205e-01 7.362679857225731261e-01 7.513807242008035958e-02 3.271196593296633592e-01 5.013775573815117959e-01 9.342784632902003672e-01 9.415466842216717591e-01 7.758619553029605376e-01 5.869277791364734265e-01 9.224603931267715273e-01 8.897767969616835471e-01 1.471585667724176205e-01 6.482001449308687213e-02 8.893008693555801703e-01 7.444491981664242974e-01 7.580489220949140350e-01 6.925875859346670993e-02 9.866759449462458864e-01 9.396687207534464292e-01 6.652313205996791545e-01 9.377682453623638059e-01 7.588487361456537350e-01 9.379454416751549228e-01 3.256140828964506490e-02 6.452875026808840841e-01 9.388933769202867374e-01 5.948039322239687676e-01 9.402506158828799476e-01 1.573451756804517265e-01 5.975865309364063460e-01 6.536096980697597703e-01 7.197550693571417302e-01 4.441486516264113449e-02 8.976888673679392916e-01 7.814734435919717948e-01 4.024507935816988569e-02 9.381127915196921796e-01 9.629170334882227733e-01 5.984876711248067471e-02 9.390602714888852676e-01 8.963596480120934462e-01 9.376354204364448774e-01 6.514716570387697470e-01 9.303399422743301450e-01 9.913120351649685746e-01 8.355461719432101253e-01 2.954396787204316074e-02 7.052678861150486478e-01 8.921691605471669950e-01 9.881940955467494181e-01 5.509386344200701835e-01 5.605110776764312686e-01 4.696842685927218319e-01 4.920660407260890046e-01 1.375437355126090666e-01 9.316125515966168225e-01 8.765749236654543641e-02 1.140462996048570571e-01 7.934453825722592724e-01 9.751294178733423967e-01 6.940183955152723350e-02 8.771460838931310899e-01 3.480952080337081089e-02 5.437736600022015365e-02 6.050707250521578651e-01 9.392386222232055326e-01 3.606224326615458525e-02 3.673902945069756898e-02 9.399174789153943443e-01 9.311788527428280782e-01 9.941562870081964709e-01 9.483828359219907966e-01 3.701801711993856214e-01 7.845040511868877076e-01 9.870885798220148388e-02 4.613408738194459818e-02 3.628664512376626461e-01 7.692394096293184158e-02 9.380431506629813843e-01 8.417329017160400939e-01 9.718894119248647767e-01 7.301778720894497310e-01 4.938736108135619030e-01 5.183225166016305341e-01 9.402771497550399538e-01 1.194971534810440050e-01 4.992947844630422627e-01 9.332124140748638830e-01 7.375011963933914005e-01 8.162620136348960886e-02 1.564381690526072954e-01 3.908188841261837215e-02 9.635998938730291341e-01 1.557203305965216555e-01 2.338013377002213511e-01 2.605084925725451028e-01 3.866751776771290561e-01 9.423729974770453932e-01 5.263977480464820946e-01 1.989497218796703049e-01 1.110714950806837714e-01 1.298848626231583203e-01 4.497722969739367804e-02 8.636253441073847570e-02 9.903469406371030459e-01 5.544719643534856690e-02 6.220678481954649008e-01 6.874616663351610368e-01 5.317976724622531792e-01 9.395034665475343605e-01 5.342414854772491867e-02 9.458517519019562503e-01 9.395137260438101157e-01 9.402102972482775378e-01 9.377485267939942304e-01 9.384828491642381865e-01 9.373035872427777360e-01 6.742790170992132293e-01 4.503651541653744955e-02 7.006551064044874710e-01 4.310310213874276042e-01 7.107411135825941750e-01 9.212851814824064567e-01 7.058741037717342071e-01
