1.000000000000000000e+00 3.513966514591124746e-01 -1.394424125079069543e-01 2.130901363538134988e-02 -1.862261793005932364e-01 -1.117970039376205704e-01 -1.181767328599938327e-01 -2.913339370069808476e-01 -2.029937353825787827e-01 1.704984871195668328e-01 -1.194291597793549764e-01 -1.745365114957878883e-01 -1.104018983907724127e-01 1.071510777716968704e-01 -4.087122448248837331e-02 7.384345381487205096e-01 1.820611491502635293e-01 -2.270017337719798522e-01 7.545123104996495078e-01 -2.034429114088514567e-01 1.522293408860364294e-01 1.919402810929759506e-01 -2.277920303627877785e-01 7.561194129862036650e-02 -1.410883005864994877e-01 8.095619328895478084e-01 -5.858968324362618524e-02 -1.606287033014726084e-01 -8.713832972606666560e-02 -1.338869938613807542e-01 6.853860188125746045e-02 -4.362115197799950467e-02 -8.373496998072513242e-02 -5.176819314692761020e-01 3.825590605529773369e-01 -1.005519576427487544e-01 7.639839843229760674e-02 1.582895028587380515e-01 -2.771844552014613439e-01 4.604073151641638328e-02 1.391211281940728794e-01 -3.139756466286379721e-01 -2.569942174549069702e-01 -9.342042014934784366e-02 9.793742093742491273e-01 1.485958988305012274e-01 -2.573194763101588900e-01 -5.058371956665245195e-01 4.688913728313668372e-01 1.336506298051378383e-01 -4.404370734213221561e-01 -2.555612598363637966e-01 -1.246719367043827298e-01 -3.675056983755413120e-01 4.101460379973339010e-01 -1.356038957172134851e-01 -1.466581114527773233e-01 2.905721946743697326e-01 -1.418809153146183832e-01 -8.120401163602142258e-02 2.366249747782195323e-01 -1.540767773610973168e-01 9.874786491574973069e-02 6.742455795211333980e-01 -1.354931583104291848e-01 2.067468170725781651e-01 -1.035491084428489111e-01 -1.857918874664170605e-01 -1.521430559352041634e-01 3.252867744123403293e-01 -1.409042808116966194e-01 -2.039689155569427148e-01 -4.964589617590525750e-01 3.915511791528478169e-01 -1.409748863742438241e-01 -2.261849358949962752e-01 -1.363131450239602471e-01 -2.647819168198015105e-01 -1.075044768193958306e-01 3.392396399623935632e-02 -2.056843107051816166e-01 -1.733483122020378631e-01 -3.454353853248335882e-01 -3.551898966298564497e-01 2.150215000639913443e-01 -1.107128832410882585e-01 -2.227343775779532797e-01 2.882319021071504464e-02 -1.440247447571945949e-01 -1.267815930144654095e-02 -3.473237912795409388e-01 4.581258348609939524e-01 1.095961570864301959e-01 4.443059830708497304e-01 -1.040464152584014840e-01 -1.272743669534024680e-01 -8.618143289179186484e-02 -2.222948216672833432e-01 -3.035892932673269762e-01 -2.625145458364965267e-01 -3.203417067918252759e-01 -2.213046518683537411e-01 9.815361204231821679e-01 5.980344576570458814e-01 -1.523074162163855771e-01 -3.452125828486560244e-01 -3.514539547674007114e-01 5.740694074358557858e-02 -4.963665350819872479e-01 4.187640923564350803e-01 -1.786364209571060513e-01 -2.267950999988542771e-01 -1.376384796343535499e-01 9.760223226948550046e-01 2.134783445609275410e-01 -5.636762746022072612e-01 -3.731141239182252378e-01 -1.133548434943002919e-01 3.382660325303870064e-01 -1.210828068695704168e-01 -1.540708688329882892e-01 -2.526849670164185713e-01 -1.503712652995554955e-01 -2.621110390459241435e-01 2.533523505750184257e-01 -2.065417549428051336e-01 -1.487758049820557538e-01 -1.091238309803303497e-01 -5.874854029502397934e-02 -2.883723935738820125e-03 -1.135950044118050895e-01 4.966348944530051684e-02 -1.811957433093503156e-01 -1.717885676834425279e-01 8.639642587946054497e-02 -1.080653361531647288e-01 -2.799592320061947692e-01 1.373843760603317143e-01 5.972367951167076305e-02
3.513966514591124746e-01 1.000000000000000000e+00 -1.601264098185413154e-01 -2.400774892252113268e-01 -5.504838804127220458e-02 1.085927175039717862e-02 7.137762795787526704e-01 -3.122930551693861578e-01 -2.306812506463983004e-01 -2.124872828426934424e-01 -1.832731485961196227e-01 -3.055532554399236211e-01 2.685413826317738506e-01 -2.079526234975817567e-01 5.600932866508576691e-01 -9.588023332108308594e-02 -1.719315248391713180e-02 5.136026723579962816e-01 2.640848639015351829e-01 -7.440364013981763669e-02 8.837181597146288592e-01 9.137246118991099175e-01 -1.946399432653755091e-01 -3.013505659820836513e-01 -1.421268986097397047e-01 5.643437699308374578e-01 -3.956966104220328018e-01 -3.639479541378643490e-01 -1.229973561710702989e-01 -3.287307779774625294e-01 -1.840761248482253309e-01 -2.957005642169423243e-02 -1.162857306377746563e-01 -1.139343948367954468e-01 8.729487659486251383e-01 -3.101014017613212825e-01 8.883301300574667492e-01 -3.745818590129266767e-01 -2.318647202860869561e-01 6.910118928200108535e-01 8.956600277469938254e-01 -4.173273870724423240e-01 -7.258403302262363133e-02 -1.996277975059766452e-01 2.016571962537991591e-01 8.573250728931359754e-01 -2.353016427826976342e-01 -3.530642523480367334e-01 9.291055038606791383e-01 -2.351016848117011560e-01 -3.840813253602641253e-01 1.317849664765591289e-01 -1.001902912571715626e-01 -9.171713030224792895e-02 9.376971389862866213e-02 -2.329223593377786894e-01 -1.028021897506044141e-01 -1.777850470318606546e-01 -6.186940876795188338e-02 -1.690801798015094670e-01 -2.806679888903059195e-01 1.796350861815558531e-01 8.785849703865252769e-01 6.256525044547348591e-01 -1.244843794243215979e-01 -4.287661226945417292e-01 -2.761278382283890998e-01 2.246600656322026712e-01 -2.214438814606951855e-01 -3.621791219421548495e-04 -1.352879540134193925e-01 -3.141997841754473608e-01 -2.293495140639275620e-01 9.714143154978320815e-01 -1.107726726134628248e-01 -3.172779367461284750e-01 -1.477703329551655065e-01 -3.098530340586351239e-01 3.985186629127397961e-01 -2.108685690572610349e-01 -1.863131117766124722e-01 4.371491286072760191e-02 -3.135175260504310391e-01 2.208563006517743343e-01 -2.709773081621428270e-01 -1.466592357990252615e-01 -1.767591730012635365e-01 7.652225506786308751e-01 -1.441076173493682222e-01 4.019063666602797902e-01 -3.933921222009754692e-01 8.072768696342408346e-01 2.774583111254647072e-01 4.010454122279660250e-01 -1.007323707398733448e-01 -1.172269975504732220e-01 -1.955488799917861620e-01 -1.991428542101732757e-01 -3.000404435244600765e-01 -1.694324725041588542e-01 -5.210295611556597928e-01 -2.194463200495235244e-01 1.950774678614666802e-01 9.376643873088771342e-01 5.612943537325849608e-01 -2.509885244713880859e-01 -2.891991765872358178e-01 -4.909309401665704758e-02 -2.836366379332915244e-01 2.792563348492453357e-01 -2.876402334617619294e-01 -2.184195777332195443e-01 -3.953941426047621194e-02 1.731670296651538765e-01 3.640675183446985264e-01 -5.316106548220945749e-01 -3.549326916184497027e-01 -1.396733859339362345e-02 4.348315761586733774e-02 -1.119441683237595020e-01 -1.279974579905372167e-01 -4.595123797335831650e-01 -1.636725112100727852e-01 -1.589551722698020475e-01 7.470602525104720337e-01 -2.828864164549256266e-01 -1.245538534523234625e-01 -1.490242010346056745e-01 6.023795253760189095e-01 -2.591825893217779286e-02 -4.978498506140796032e-01 8.725278520364661006e-01 -1.728080174464148300e-01 3.175637596843616239e-01 -1.775394709276850724e-01 -3.119847745466619027e-01 -3.969894263561472569e-01 -3.848576441685885308e-01 9.080014067232093922e-01
-1.394424125079069543e-01 -1.601264098185413154e-01 1.000000000000000000e+00 5.809673468872430524e-01 -1.489012762270373880e-01 -3.667692406191496723e-01 -2.870687389621798258e-01 -2.477685688165384981e-01 -2.225497077784397981e-01 -2.737011639964176402e-01 -1.482559018326670142e-01 -1.246809922627145767e-01 -4.004576735549896238e-01 1.574373188570844101e-02 -1.832556588995015723e-01 -4.577344291950589256e-02 4.737091717920188239e-01 -2.246689026538048473e-01 -2.682439791406253729e-02 -2.165514787763687665e-01 -1.093937892561828717e-01 -1.238347578068562382e-01 -1.427513066582604406e-01 1.612051023560938379e-01 9.993618273624078618e-01 -3.032192199840969549e-01 -1.158419853692568974e-01 -3.528569729891744555e-01 -1.107693458106342038e-01 7.665908746722628342e-01 9.183996234601402575e-01 -3.087213559592584255e-01 -1.084643144593800679e-01 4.726533717429713954e-01 -2.110325835870845435e-01 -3.130593194784208610e-01 -7.312369552799684314e-02 1.541881086790250766e-01 -2.477987688246058584e-01 -2.251021769081219259e-01 -6.478307935093344239e-02 4.331902829038658531e-01 9.233625826963606231e-01 1.308625609302278558e-01 -1.135595787712304211e-01 -9.906470142460785389e-02 8.313544302152198195e-01 -1.973594929121599145e-02 -1.522670645794357847e-01 5.539772164350486028e-01 -2.267162584473651488e-01 -9.757364508236034129e-02 -6.258293968820713427e-02 -1.135569441450797051e-01 2.916586667482928830e-01 -1.470521142176775264e-01 -9.562052721145979095e-02 3.301894592936632233e-01 -9.336538421421082534e-02 -1.107565515743061668e-01 -1.924980728338455405e-01 -4.280232225633430754e-01 -1.509151461072635036e-01 -3.770892315703207043e-01 -6.064302131084051140e-02 3.336052301309611057e-02 -3.045503697190272141e-01 7.828522808132032385e-01 -1.292992354692253376e-01 -3.048848687558532444e-01 9.993435946373804279e-01 -3.821151287031556154e-01 -3.849847358146480936e-01 -1.751252004093034331e-01 -8.969625769016462136e-02 -3.610887913388294845e-01 9.996139621775547157e-01 -1.746150682207674443e-01 -4.122289618328676131e-01 1.693386911590449295e-01 2.244245208118046120e-01 -3.946986726893286779e-01 -2.594143614270905673e-01 -1.942459123838579382e-01 6.841626514853410557e-01 -9.936931235893635417e-02 -5.560483854593693126e-02 -1.876354840801624790e-01 9.993402572258898164e-01 -3.437979329941709961e-01 -2.865176068265626319e-01 -2.828079102042050375e-01 -2.189383463378114791e-01 -7.450136821260507081e-02 9.775452951500007703e-01 -4.781340056507191183e-02 -1.428505337091426075e-01 -1.384734457643697070e-01 -2.074782142631935444e-01 9.818192611795224511e-01 5.076847047111385791e-01 -1.899476109767073706e-01 -1.074586860661862903e-01 -2.016742365872414011e-01 -3.522795070537424467e-01 7.863130841666071680e-01 -3.716860740034415300e-02 -9.262412673100110794e-02 -3.607143286478051158e-01 -1.088487310709312372e-01 5.764579590810645637e-01 -1.097284978795874250e-01 9.863434684167166067e-01 -1.150354338940547533e-01 -1.127327275193337197e-01 5.332135459439807379e-01 6.577339874157313027e-01 -2.902534455903350019e-01 -1.367348680836745767e-01 -9.032195678817935003e-02 -2.851684136651199131e-01 4.244052733473699934e-01 9.996294849926858905e-01 7.208920421040967419e-01 -7.798103776169416912e-02 1.152569795302495759e-01 6.710833448843867011e-02 -1.151532662213249902e-01 -1.593816611243643877e-01 8.285693971174534767e-01 8.930511825734666065e-02 -8.102413340112067652e-02 9.759814364924368491e-01 -3.626906846645205906e-01 4.848413423981990378e-01 1.587896583496368752e-01 7.863533540998326465e-01 3.104868886518475368e-01 1.953909212699577597e-02
2.130901363538134988e-02 -2.400774892252113268e-01 5.809673468872430524e-01 1.000000000000000000e+00 -3.030122959932537996e-01 -4.986584173996008729e-01 -4.044822511919713981e-01 -2.882739287060499533e-01 4.130298131361758163e-01 -1.466334885204818306e-01 2.012080045063534828e-01 4.955001130635003914e-01 -7.053660386323807874e-01 3.086599536781554215e-02 -3.038326633410102229e-01 1.066101777119860816e-01 9.547936572223726381e-01 -5.163938386596756969e-01 -2.654819623692878522e-02 3.579195926403235806e-01 -1.676298818540636060e-01 -1.130949014372349543e-01 -2.481522755375111522e-01 7.757856603286757968e-01 5.631445724766327432e-01 -1.869735988712795671e-01 1.574720762405468211e-01 -2.766395526361027368e-01 -1.727732795113143538e-01 6.161179321358409844e-01 7.080897201129492391e-01 -2.254681503953441524e-01 -1.671086300195371854e-01 -2.291254302851207861e-02 -2.473564383570198977e-01 1.459314741283718742e-01 -1.551334413966916626e-01 7.803088252816012815e-01 -2.446176404770643298e-01 -3.550489229050761697e-01 -1.395226567883105784e-01 7.219813243165893457e-01 4.334277635100253767e-01 4.081390315618359521e-01 -4.573160273233090392e-03 -2.299525601702666622e-01 5.407556497200255441e-01 1.050717440333254066e-01 -1.555479917145470847e-01 9.921406235844615340e-01 -2.765766053461539697e-01 -2.416649370946517827e-01 -1.315000134419566369e-01 -2.640840046066423308e-01 -2.085538096505909142e-02 1.326986432233160165e-02 2.510261420190608717e-01 8.708130163530186651e-01 -1.705255454088739631e-01 3.661270196108937919e-02 4.643957475435873672e-01 -5.937275721176559218e-01 -1.535587340314493454e-01 -2.765973922507403149e-01 -1.387190750367932046e-01 4.515307647925946855e-01 3.901382005114972240e-01 6.227390811778188429e-01 -1.067836966149232278e-02 -3.598585385387859659e-01 5.665765704292694549e-01 -6.976826603382861591e-02 -3.305774074728635714e-01 -1.491257879180133417e-01 -1.521893256519834259e-01 -3.385031626276872041e-01 5.751578757955496668e-01 -2.259571315333771535e-01 -4.783247362707280792e-01 7.099150740178505892e-01 -1.029868840133672386e-01 -5.791463601147971429e-01 -2.259346791894546735e-01 -5.315024733912794286e-01 8.546596555165422160e-01 -2.015139067290756467e-02 -1.860746179636591502e-01 -2.181826714392818001e-01 5.693705400736250866e-01 -4.795348772150357375e-01 -2.220733924417583605e-01 -2.725567391923536253e-01 -3.565326025603089977e-01 1.349061372149273352e-01 5.576673061318949687e-01 -1.156660366024342829e-01 -2.626420010392900295e-01 -2.363280462332287002e-01 -3.481471727912648917e-01 5.761783332800631818e-01 2.241341265170976871e-01 5.635750302552906543e-01 1.965906926114282388e-02 -2.027317435078352659e-01 -3.252744037054974280e-01 4.341043238774586199e-01 -5.741181349518072186e-02 -8.987247943641817061e-02 -3.089185622647609188e-03 -2.942158035502134283e-01 1.395202469390335043e-01 -1.937020210172002710e-01 5.719737632407243533e-01 1.435642955866101717e-02 -3.488532061357690339e-01 1.874781559161204647e-01 3.779704111760647800e-01 -3.417667079606985792e-01 -3.071062798569496599e-01 -1.253828438050194616e-01 -3.992195752989728952e-01 1.806496777750183635e-01 5.690410337328364321e-01 2.858447504016364826e-01 -2.108086097132908787e-01 5.802425144690263048e-01 -8.213031634685549753e-02 4.540792568237798921e-02 -2.792737218844734137e-01 5.859399002697693870e-01 -1.421701243351803645e-01 -2.015739300934557832e-01 5.342801719174961050e-01 -5.792260674555843591e-01 9.890093929048284771e-01 6.590640500019870895e-01 7.238807522638369685e-01 8.287397747633115097e-01 -1.152195705675987808e-01
-1.862261793005932364e-01 -5.504838804127220458e-02 -1.489012762270373880e-01 -3.030122959932537996e-01 1.000000000000000000e+00 4.502217972524428791e-01 -1.360431888551461299e-01 2.423381627493113588e-01 -1.972873813887661698e-01 6.203107298883283605e-01 -2.329771385591337396e-01 -2.758953406686853183e-01 5.168333154173803123e-01 -1.688473524872916021e-01 7.182702983938291652e-01 2.025166842750085183e-01 -2.930991564812839845e-01 4.835270097518036270e-01 -2.870835347105551438e-01 -2.043555304098077785e-01 4.631471025581129775e-02 5.189195048339360905e-02 -2.090145553022933478e-01 -4.229490538220905815e-01 -1.244685348206668041e-01 -2.889396908477653847e-01 -7.664177994825506490e-02 5.069222148010787965e-01 -1.863418057865831312e-01 -3.156987143801783802e-01 -2.740893589609460501e-01 -1.673774100207588711e-01 -1.505624225502712188e-01 3.915693079784392933e-02 1.847784514074223700e-02 5.052304044358300050e-01 8.541591781260697569e-02 -4.194892974079436065e-01 1.371203775809777536e-01 -1.231170927358786193e-01 5.937172473744808943e-02 -3.925056990868900919e-01 -6.496900807119426746e-02 3.383005115579929556e-01 -1.706170840291900137e-01 2.577643763366039287e-01 -3.755689469980942330e-01 4.342323071929120593e-01 1.664170377791510461e-02 -3.134574727190876930e-01 2.085050989768800211e-01 -2.495598938173245462e-01 -1.657984213557574249e-01 -1.241932187806338433e-01 -3.430737828794268029e-01 -2.568085310095907792e-01 -1.089507974633247556e-01 -3.146809187383507456e-01 -1.516233517016242482e-01 -2.122611242117360686e-01 -4.555286575288788331e-01 4.922491441952729918e-01 1.684902477592020997e-01 -2.696133898796971851e-01 -1.505336753253609938e-01 -2.464297455623511712e-01 -3.698324479267419140e-01 1.153891414905692386e-01 -3.414937037648379525e-01 6.789096555061369109e-01 -1.375097973711979227e-01 4.686561224664915759e-01 1.675381143767133056e-03 -7.970208980628855355e-02 -1.437480712102078284e-01 2.902056993047223421e-01 -1.351833964262964261e-01 1.395995720122935324e-01 5.685054615602543882e-01 -3.860616283604899612e-01 -1.513678736036252470e-01 5.194880274122564146e-01 2.044541957885847028e-01 -1.006167821516599642e-01 -3.559498800257040463e-01 -1.870195266130914580e-01 -2.020869163766732604e-02 4.632720701868150437e-01 -1.230065672795880027e-01 6.918857569105394401e-01 2.257453298891031190e-01 2.285872537731821197e-01 3.145507567167311058e-01 -8.175002457632725150e-01 -1.734597973982914820e-01 -1.403874889388816438e-01 3.096490456154940563e-03 -2.449485325254778245e-01 -8.379671326223549210e-02 -8.006661075684773365e-02 1.711326022985417972e-01 -1.331980103856949815e-01 -1.874166012873100251e-01 -4.467483679864864970e-02 5.561199944123176309e-01 3.106498415418106895e-01 -1.554633847471900698e-01 -2.187955178221116237e-01 3.359474865084624007e-01 2.254672044962143240e-01 3.024145705289291511e-02 -2.572709961181721128e-01 -1.225231634801547537e-01 -1.764481922333479003e-01 4.425983767252846257e-01 2.638467184442644387e-01 4.107358229454634579e-01 3.067978064021303353e-01 3.883831136405521134e-01 -1.447991952601219989e-01 2.090629378806583283e-01 6.509545494553425904e-01 -1.372500548743546545e-01 -2.493689709490806150e-01 5.969995820153436300e-02 1.231556952187890380e-01 -7.283571289066977095e-02 -2.113618503242342406e-01 1.388516502711769317e-02 -6.996886439478108843e-02 -1.345160141832511536e-01 1.248691798848794443e-01 -1.940074837478735492e-01 5.364715846827629031e-01 -2.797192358460055539e-01 -4.411319173384727899e-01 -1.067258317131461048e-01 -4.956887787715282268e-01 6.251882285774222614e-02
-1.117970039376205704e-01 1.085927175039717862e-02 -3.667692406191496723e-01 -4.986584173996008729e-01 4.502217972524428791e-01 1.000000000000000000e+00 3.413149509003421955e-01 8.451449656120761933e-01 -4.801804190700244002e-01 3.324104552767776499e-01 -6.374434700329083547e-01 -6.161336210700317784e-01 9.216757236031904998e-01 -6.444384814389499949e-01 2.081805936212318964e-01 -1.525949512923066853e-01 -5.215440808075134660e-01 6.069532780031401398e-01 2.340095285973469719e-01 -4.946477003673637740e-01 -2.789402289688066583e-01 -1.736829354963713712e-01 -5.017618899905598173e-01 -6.319194108076854333e-01 -3.579015792385834005e-01 1.329141987128781843e-01 4.702458508692019534e-01 6.038495533958526673e-01 -5.787502466735249262e-01 -6.899131180976666444e-01 -6.052892508437895946e-01 5.910979838118723961e-01 -5.511310000389892938e-01 2.938048083063291016e-01 -1.106757310247557247e-01 2.055468326759726794e-01 -1.675975029618839984e-01 -4.562272059653212364e-01 7.443855886135334332e-01 -3.246783238080044182e-02 -2.356826302853881339e-01 -5.214749679796805149e-01 -2.550686719844671435e-01 3.790381735579811256e-02 -8.028715801947705621e-02 -9.498880500815992667e-02 -5.672509390621081060e-01 6.972435662343586804e-01 -1.865561956728908066e-01 -5.149298470356094004e-01 8.217319930082932489e-01 -9.641826163209979428e-02 -5.788175871275375028e-01 6.080630599463282548e-01 -6.661041148683898294e-01 -6.491510300221130514e-01 -7.492138057796882133e-01 -2.880716036401858027e-01 -5.728450737740059528e-01 -6.317739828276337510e-01 -4.894734023269404211e-01 9.295902515789121745e-01 -1.000221557492384367e-01 2.914251413163733151e-01 -5.644987114931636629e-01 -1.002501952014055731e-01 -2.315794408373893498e-01 -3.294288067825876243e-01 -5.274050057300239125e-01 4.101824804146759762e-01 -3.586579921166820339e-01 5.320910518930946909e-01 2.054913006411790699e-01 -1.002415941147116046e-01 -5.452183819899824035e-01 7.341168104017496976e-01 -3.490136825242580731e-01 7.735204317501346294e-01 4.983771343555974953e-01 -3.195940878219632464e-01 -6.688691123673720096e-01 9.797969361473293226e-01 7.807623558007054099e-01 3.576674162423959524e-01 -6.742810222686249633e-01 -6.106914945600042666e-01 -5.216794859678232088e-01 4.352457992334021059e-02 -3.595709549236160707e-01 6.066377466670817009e-01 7.475376491882507191e-01 2.114338337487279423e-02 6.498422456014938398e-01 -5.690665610712694056e-01 -5.043766210518854098e-01 -5.723681380996034074e-01 -1.598544504911563746e-01 -4.571701811689966588e-01 -2.404679589591984801e-01 -4.137492421390977504e-01 1.656513387145349958e-01 -2.785391421048995508e-01 -8.487551349440006221e-02 -1.347473581948422094e-01 5.790214172058287811e-01 -7.484225138217998063e-02 5.877035576590872168e-01 -6.106775890156246334e-01 3.124516620789429266e-01 5.136849271272528883e-01 -1.661534594744168147e-01 -3.801296514654410319e-01 -4.121740927321493331e-01 -5.889482149802215127e-02 2.165540571375369205e-01 2.586488502763427677e-01 -1.874008142266302482e-02 9.342382831942940280e-01 7.194488949610536865e-01 -5.648692699747970281e-01 8.932229243460668711e-01 2.126406256188570765e-01 -3.691690679214940096e-01 -4.802854908481987151e-01 -4.626100423679519458e-01 2.237910421928408222e-01 -5.786308290662620646e-01 -6.461285122036329875e-01 -4.454133018563612989e-01 -6.027205680781683172e-01 -3.663894949789902045e-01 -1.476928785747115835e-01 -4.831407992174090449e-01 7.830328908203481042e-01 -4.742805364226408971e-01 -1.585457877161975393e-01 -5.963534864846268269e-01 -7.052895622407061582e-01 -1.363284107243921128e-01
-1.181767328599938327e-01 7.137762795787526704e-01 -2.870687389621798258e-01 -4.044822511919713981e-01 -1.360431888551461299e-01 3.413149509003421955e-01 1.000000000000000000e+00 2.270529566911877184e-01 -1.184680573989609909e-01 -1.764504647091550971e-01 -1.483955493045827634e-01 -2.686150855573664065e-01 5.204399496731192398e-01 -2.892892441800684611e-01 2.886025193361105856e-01 -5.275643521300289462e-01 -2.813722109601938248e-01 5.223335468787737579e-01 9.536467252996135013e-02 8.292141489832430962e-03 5.545513975475778734e-01 5.725730624202719499e-01 -2.279065527963821947e-01 -4.962574853547606080e-01 -2.794697500560963666e-01 3.964921577622914084e-01 7.893412003929818621e-02 -4.938596483339847271e-02 -1.370592641454031202e-01 -4.821753927837715836e-01 -4.182668284210924736e-01 5.331852540397181706e-01 -8.056494978146855335e-02 7.406548242815857996e-02 4.127834795374965560e-01 -3.408655039216253457e-01 6.060453082146370907e-01 -5.467768404373342106e-01 3.721366498028282344e-01 6.335782663484966770e-01 5.820514901253248663e-01 -5.213442717577962959e-01 -2.281077242801467231e-01 -2.666275203265531246e-01 -2.344820656078152876e-01 5.350685421342445958e-01 -3.058595361689613323e-01 6.309234781687773908e-02 5.015655462389415620e-01 -4.424999111034461641e-01 1.878075421383222088e-01 5.603806912576240196e-01 -6.444699690738650566e-02 4.840744024401752443e-01 -1.963747942886396869e-01 -2.611375806361015961e-01 -1.896332687938588890e-01 -3.125322488892006145e-01 -4.453411178162271916e-02 -1.476878527566543031e-01 -2.075904011706820040e-01 4.017550544273255642e-01 5.935573233038788921e-01 5.850688724460507695e-01 -8.382977330994433041e-02 -3.875157179417130782e-01 5.164263090745158102e-02 -5.170587678731097510e-04 -3.682215107372457386e-01 -1.289691576633740511e-01 -2.705058748706529737e-01 -9.138544237393185499e-02 -2.433385080905412293e-02 6.607435965156341906e-01 -5.134139202431693000e-02 1.626404866876377808e-01 -2.804717096321179270e-01 2.670549478336466942e-01 2.708870452950653540e-01 -1.105250983258406622e-01 -1.654219033751464230e-01 3.287272632030624475e-01 2.434422528620784898e-01 3.663658475597518227e-01 -5.140371277797365357e-01 -1.173311613066123082e-01 -1.403959587703156597e-01 4.872166919850167699e-01 -2.811459766561478224e-01 2.420038157523170808e-01 1.580276293334611781e-01 3.136185082866158602e-01 3.993874389465109642e-01 1.286390586243799927e-01 -2.724435672777001383e-01 -8.705330721596869770e-02 -8.949229465181493537e-02 -2.680709036356067054e-01 -2.394003269201976369e-01 -2.972178914057223564e-01 -2.692909195630440178e-01 -1.908901451555253259e-01 -2.309178660227871605e-01 4.948831155990440211e-01 5.076712992246668055e-01 -4.433325513022289832e-01 2.794886072693713031e-01 -9.089411019856721841e-02 1.277256185017659057e-02 -3.256815525126403182e-02 -5.312979319546825563e-01 -3.241303573282210415e-01 -2.238157822141496611e-01 -2.512872904279682684e-01 2.427697217031961618e-01 -2.166680741019489931e-01 -5.005619415221811419e-01 3.696471307547853913e-01 -7.248532531568677162e-02 -7.389732734977344508e-02 3.589034632111272050e-01 -5.171390738685052169e-01 -2.929314690138222210e-01 -3.776660934376636636e-01 3.174981783641099287e-01 -5.552864038821478387e-03 -1.132402815737187513e-01 -1.395133226550527572e-01 4.795132360026195806e-01 -4.608883094728767893e-01 -4.108867620145528199e-01 5.832150048604010095e-01 -3.375875975360627113e-01 3.715630945118125750e-01 -3.692361332936711094e-01 -1.110268271813937002e-01 -5.559857478318002144e-01 -5.098515988581693303e-01 6.387761872020019105e-01
-2.913339370069808476e-01 -3.122930551693861578e-01 -2.477685688165384981e-01 -2.882739287060499533e-01 2.423381627493113588e-01 8.451449656120761933e-01 2.270529566911877184e-01 1.000000000000000000e+00 -3.327083392316789179e-01 4.381654362609679332e-01 -5.542670846392204753e-01 -4.314871576415451049e-01 6.979474734566543104e-01 -6.140391248669819779e-01 -8.126674184495372155e-02 -3.409839813505377015e-01 -3.510005919691556175e-01 2.004462680192290458e-01 -1.202117970517216361e-02 -4.192660737991523168e-01 -4.919707112861423370e-01 -3.969426300790958040e-01 -5.312113961759794556e-01 -3.405140565462239644e-01 -2.517298353765378693e-01 1.882451933095143776e-02 7.781545956460836910e-01 8.054514809961628163e-01 -5.984140656674291625e-01 -5.309157544796543338e-01 -4.914516340318121346e-01 8.066947383067444299e-01 -5.483027458354639005e-01 1.510562494328017424e-01 -3.996149067428342860e-01 9.064523164127118171e-02 -3.681479704540533415e-01 -1.944264651495069829e-01 9.582414293975136665e-01 -4.726185625549086250e-02 -4.422832393917195959e-01 -3.223169863152364201e-01 -2.284534945801076078e-01 1.304014052719175143e-01 -2.581404058857045825e-01 -3.213327736161565862e-01 -2.850301143748640853e-01 7.842507959148261598e-01 -4.413114833378418700e-01 -3.208409391070848327e-01 9.735376280676140137e-01 -2.144035017188332393e-02 -5.709625781853030491e-01 6.984682499966217151e-01 -6.812921196934416113e-01 -6.124409545486831918e-01 -4.994565840413193181e-01 -4.102469621200966615e-02 -5.897604358514277889e-01 -5.822732428398481597e-01 -2.283133463442880984e-01 6.852946083173658831e-01 -3.110831361786748350e-01 1.468549366533161982e-01 -5.601793198617014413e-01 2.467765647848630950e-01 1.286405653345539801e-01 -3.347420630502765393e-01 -5.240969890496118833e-01 3.278709698185267585e-01 -2.482717036784367060e-01 6.103698131105862457e-01 1.219951935877877786e-01 -3.442423435786173269e-01 -5.394594544952150406e-01 9.482252744830671487e-01 -2.390873218412127021e-01 9.832562715383676988e-01 2.390580992634430413e-01 8.962698893504061903e-02 -5.054908641410019721e-01 8.023812177176393723e-01 9.838507850988266190e-01 1.237005818426366588e-01 -5.167375207527454828e-01 -5.809601202729161029e-01 -5.289973738039684958e-01 -2.105053342808793915e-01 -2.559917152267052742e-01 1.708295475383999062e-01 9.742046297208063477e-01 -3.118919031468186942e-01 2.660639309782140693e-01 -5.938503059137087980e-01 -4.093347018870193699e-01 -5.717993694983075637e-01 -1.020299820801772173e-01 -4.897447677688416823e-01 -2.151063163056940175e-01 -2.775828402011044638e-01 3.652945876511647927e-01 -1.035663709958709183e-01 -2.453685919501220891e-01 -4.438122882054180707e-01 1.973359441212945709e-01 -1.065557961127006348e-01 7.680296975739450138e-01 -6.273256562159299499e-01 5.301406888466427825e-01 8.385210259899833485e-02 -2.432490524971887003e-01 -4.097227294037332213e-01 -3.465973415269680280e-01 -2.231462301816486693e-01 1.713835255613578024e-01 4.091566276491195309e-01 -6.012764295628511557e-02 9.310267788793276100e-01 3.609251166933754029e-01 -5.616833761314607987e-01 9.685721948415380034e-01 2.252858724380190636e-01 -2.554999548446412749e-01 -4.523205413991382429e-01 -6.637838224587547797e-01 4.474993480969927107e-01 -5.793617279145143462e-01 -6.042269971848633903e-01 -5.267173014219010962e-01 -6.410051393177115253e-01 -3.200842474847307439e-01 -3.620751221534278530e-01 -3.826807011570099726e-01 3.886648925915530683e-01 -2.771619481625270387e-01 2.752230882192294170e-01 -4.721385241166439761e-01 -4.326376343288005355e-01 -3.583139375378577851e-01
-2.029937353825787827e-01 -2.306812506463983004e-01 -2.225497077784397981e-01 4.130298131361758163e-01 -1.972873813887661698e-01 -4.801804190700244002e-01 -1.184680573989609909e-01 -3.327083392316789179e-01 1.000000000000000000e+00 -8.078440129280703430e-02 8.895603175925868022e-01 9.682173475360127402e-01 -5.730682148202346227e-01 5.860331761098657166e-01 -2.094420367237561087e-01 8.559907989401623063e-02 3.693012529390068410e-01 -3.667199143804266703e-01 -2.622210909887060515e-01 9.799528635265609688e-01 -4.188119887363888488e-02 -1.071859821814989400e-01 4.003927782814601932e-01 5.120585109233248833e-01 -2.405149145122935095e-01 -2.367473402163867424e-01 -8.230061018066468781e-03 -2.277605802681001435e-01 5.507802794160361337e-01 1.904362211205344324e-01 5.357476965373688532e-02 -1.291750151933554747e-01 5.645238840487162291e-01 -3.196973417313982435e-01 -2.910978599722399696e-01 4.727002806037349791e-01 -1.295349562745650163e-01 4.507213508127604351e-01 -2.039650193191301364e-01 -2.480652380553882985e-01 -8.814888957449688867e-02 3.753446559372534130e-01 -3.209964500002978616e-01 4.308423091631671115e-02 -2.124574167654093848e-01 -2.069520042682236050e-01 -6.690475975249143836e-02 -3.763631667697093369e-02 -1.755329072989781358e-01 4.121908587383248390e-01 -2.867707727930674522e-01 3.516742562161886410e-01 5.856227110520545454e-01 -1.250978417833786827e-01 6.641057726095579705e-02 7.126079474718909346e-01 6.851399043098567176e-01 2.564325828100223470e-01 5.693382364689515418e-01 7.508921999416036108e-01 8.072887577064071785e-01 -4.720648200139975215e-01 -1.058428145296800155e-01 -2.384867990749092725e-01 5.775084127144745061e-01 5.899676076967448612e-02 7.630132560412511422e-01 -2.248538768760554099e-02 3.969943280677726838e-01 -3.132525439412732760e-01 -2.452748573425731493e-01 -3.199668735268289960e-02 1.061538433949212046e-01 -1.355312073031318398e-01 5.916795276790607350e-01 -2.887920177588674808e-01 -2.416941125186968797e-01 -2.966702329432580609e-01 -3.640212908891342636e-01 4.179085785298417011e-01 2.782735588908120117e-01 -5.261653406644927200e-01 -2.612863465763153314e-01 -3.189210008223992143e-01 3.760997434535532924e-01 7.051625393784527462e-01 5.373211152027882465e-01 -1.154369203526455501e-01 -2.292404889840383431e-01 -3.348312449007821434e-01 -1.926850106864520518e-01 -3.026419689153115322e-01 -1.489275521439002159e-01 1.821358156708214049e-01 -1.180113699338945776e-01 5.906680758900885175e-01 7.368002756749539306e-02 3.055758396540117494e-01 1.103694390647805834e-01 -1.705722260041433180e-01 -1.002619316325271681e-01 6.854542360196722584e-01 -1.997899722806454614e-01 -1.995615973611254701e-01 -1.840797886276719919e-01 -2.913969510050441469e-01 -8.915678424051649842e-02 5.903379891455853290e-01 1.370834947711423446e-01 -6.079997264867841311e-01 -3.278484307139176157e-01 1.740133588436108547e-01 -1.998136220254499440e-01 -2.180635427756280054e-01 -3.877669979633648345e-01 -1.217577009495211804e-01 -1.420343596715926693e-01 -4.919930103800015386e-01 -5.578782187387028024e-01 6.117098701559531282e-01 -4.414463506289870165e-01 -2.114032897102396391e-01 -2.226027365157784432e-01 -1.840418296059438685e-01 -1.534033409495324032e-02 3.622379116932703536e-01 5.366284820452558169e-01 7.641977250569218505e-01 2.342940285012267698e-01 -7.051211020125049134e-02 2.774480215470010447e-01 -1.613903095572719049e-01 -1.593913199520510526e-01 -4.322888783635717158e-01 4.279442794168488717e-01 2.789467459308863639e-01 3.165617673313548819e-01 6.771372777023176859e-01 -1.671015682736535779e-01
1.704984871195668328e-01 -2.124872828426934424e-01 -2.737011639964176402e-01 -1.466334885204818306e-01 6.203107298883283605e-01 3.324104552767776499e-01 -1.764504647091550971e-01 4.381654362609679332e-01 -8.078440129280703430e-02 1.000000000000000000e+00 -2.088089369668157946e-01 -1.658667349242700650e-01 3.300188038215574049e-01 -1.072020934550104165e-01 3.778471417170002344e-01 3.561224444895930707e-01 -8.570916563209819705e-02 -8.891244684576939117e-02 -1.363806102054505587e-01 -1.928543141088534529e-01 -1.198826253372181905e-01 -9.495879766435558200e-02 -4.253890862179466881e-01 -1.161384422398570315e-01 -2.671829609254436355e-01 2.078351837040944561e-01 3.802330636161391775e-01 8.273181077086949609e-01 -2.910536057971391810e-01 -4.687305231117772086e-01 -2.943301294915213751e-01 3.179073532365282451e-01 -2.294580677152014414e-01 -5.730485400610259017e-01 -1.013538592875356248e-01 3.988921356729610013e-01 -1.025673956825156330e-01 -1.993670126669171497e-02 4.490364500203266607e-01 4.279740800536074863e-02 -1.099592514826454037e-01 -4.760999507699700817e-01 -3.451545431017249421e-01 2.197980848479647586e-01 1.595015667729804687e-01 8.755505637292082532e-02 -2.857402166129341392e-01 3.658156772168455473e-01 -6.000524476166381634e-03 -1.109009905057832951e-01 2.809953432214187807e-01 -2.291451223530563408e-01 -2.475209802605224940e-01 2.171537925128506213e-02 -1.735587430493253924e-01 -3.282104819480110014e-01 1.287361329351947303e-01 1.018262591265300526e-01 -2.783126668737598286e-01 -2.119872044699142033e-01 8.931672106239914311e-02 2.589871933373764645e-01 -5.104141062635993153e-03 1.395112093692050526e-01 -2.509370135725036421e-01 2.418722147836617486e-01 1.587387637809589136e-01 -1.455334162689609911e-01 -4.752877927735896235e-01 9.079511272501331609e-01 -2.755128149763448886e-01 4.347170057220736128e-01 -4.607088551230653084e-01 -8.723594343314680644e-02 -2.336610426835956100e-01 6.228160288698766367e-01 -2.703240447027729365e-01 4.300491704597037557e-01 2.973755024612083075e-01 2.428229764441720562e-01 -1.539767699539261736e-01 3.302914925269366808e-01 4.143037740504209587e-01 -5.871824802872906979e-01 -1.819968514098224133e-01 -2.361003058663914411e-01 -1.935798571146297165e-01 2.114634601626458610e-01 -2.710720016488116779e-01 2.049318369472030443e-01 5.073916883352216356e-01 1.255033894042507092e-01 -1.703064783875040192e-02 -6.019024778727746217e-01 -3.172655158359220517e-01 -2.401209875820489725e-01 -1.370146624609287211e-01 -4.602529685436907436e-01 -3.823907507299855180e-01 -2.617952682704103307e-01 3.172056640302134967e-01 -1.035018357382342796e-01 1.742443497755208903e-01 -5.278506881210581064e-02 5.858768509105872352e-02 -1.558061493400159092e-01 8.848569982195106376e-02 -2.295220759599697069e-01 3.527271775969040291e-01 -1.418564670406193551e-01 -3.287290337801143103e-01 -4.859016039310298796e-01 -3.321848699148626793e-01 1.705973398796060969e-01 6.853451598631457031e-01 1.540736996557129368e-01 7.718181767446040051e-03 3.808496682862664851e-01 1.097368950266424392e-01 -2.301880913559513908e-01 4.181473742937276694e-01 4.864033061086046605e-01 -2.765927696996713370e-01 -5.595367707594942619e-01 -7.164094748894971054e-02 4.064020831940853284e-01 -2.037425086983552236e-01 -2.417801718373331910e-01 -8.584299705956822957e-02 -4.098396299792771980e-01 -2.715445294972120838e-01 -9.371265855356014640e-02 -3.847041653600582478e-01 -2.709191714668618672e-03 -9.079253719966284830e-02 1.131508822838806494e-01 -2.960010944962958579e-01 -1.249204905142504568e-01 -1.686695860636850675e-01
-1.194291597793549764e-01 -1.832731485961196227e-01 -1.482559018326670142e-01 2.012080045063534828e-01 -2.329771385591337396e-01 -6.374434700329083547e-01 -1.483955493045827634e-01 -5.542670846392204753e-01 8.895603175925868022e-01 -2.088089369668157946e-01 1.000000000000000000e+00 8.947619134845188338e-01 -6.370487723061817320e-01 8.665885983143859495e-01 -2.524244943213200809e-01 1.946343905148238407e-01 1.549892571585031187e-01 -3.990817417202048856e-01 -1.999282891732563627e-01 9.085907570813681611e-01 3.175056549893938429e-02 -1.077535966891802338e-01 6.711363700649195518e-01 3.328238584461444272e-01 -1.618967784680247213e-01 -2.347520685688419817e-01 -2.529203495070261321e-01 -4.289039876304618359e-01 8.552788875371102328e-01 3.495644112861469588e-01 1.601252767951565625e-01 -3.052239940295457532e-01 8.722670371351618490e-01 -2.624336144739645715e-01 -2.520084812762207194e-01 2.473494385202146539e-01 -1.072803165141860554e-01 2.030924641372275907e-01 -4.175987150885635546e-01 -2.513198806792861784e-01 -3.436630607382912261e-02 2.404007504628947745e-01 -2.682151357500029420e-01 -1.162752644603573388e-01 -9.522424606106209832e-02 -1.676195324169855727e-01 -2.497088635863953590e-02 -3.801036925868418459e-01 -1.156714258204430273e-01 2.194621061608094392e-01 -5.042870392833508353e-01 5.251839185873834470e-01 8.787405182050197494e-01 -2.730246011650181437e-01 4.231277134295714504e-01 9.198423275832007251e-01 7.097244354818008638e-01 -5.949586275325255413e-03 8.668058669999998411e-01 9.656633889775816382e-01 7.188001322881140132e-01 -6.138625732396114643e-01 -1.256884762222074958e-01 -2.670003519269035230e-01 8.749643003057010482e-01 -1.061291606550423955e-01 5.378408665108420639e-01 -8.678507397268324375e-02 5.219898958533867317e-01 -3.579498597025304041e-01 -1.694690105626991405e-01 -2.522713216730351760e-01 1.201503628469146601e-01 -1.243486477609791752e-01 8.805846904419805110e-01 -4.997861073978731028e-01 -1.710444689688686848e-01 -5.051945187824082861e-01 -4.948685942452809017e-01 1.220342547926114435e-01 6.235592346713690892e-01 -6.652945703860628779e-01 -5.061703197849787284e-01 -2.430237350769863525e-01 3.840333573639327924e-01 9.462521843602320626e-01 8.345203681958657249e-01 -1.578733436000506751e-01 -1.522894384380923116e-01 -3.992217566962489306e-01 -4.523474261561106768e-01 -3.016648894727334551e-01 -1.465441582798679698e-01 2.835095420160141932e-01 1.893220850301046213e-02 8.820008200677328380e-01 3.262587806696883863e-01 5.368156008002572532e-01 3.610367657723650425e-01 -1.080096612670123357e-01 -1.847397070511091755e-01 4.188203934419864050e-01 -9.582275514900848168e-02 -1.135039717522392244e-01 -3.446553758912582199e-01 -3.096305952220284041e-01 -3.154840994964605572e-01 8.865358565499876775e-01 -1.333258375643387172e-01 -5.783797304117656024e-01 -2.157320730374297779e-01 3.463553709563093053e-01 -1.110309972374796811e-01 -1.191027517391280294e-01 -4.004550864805215826e-01 -2.144737636663045788e-01 -1.967583296753729893e-01 -7.143230784704942549e-01 -5.717167384653784046e-01 8.945007760155435639e-01 -6.300044458228225563e-01 -2.979754473484836352e-01 -1.419366998256254564e-01 -2.770497355878026938e-02 1.757740123891598227e-01 -2.492063909083207587e-02 8.402681273007820417e-01 9.706839603931599614e-01 4.251100820834431415e-01 5.470520764828659677e-02 6.108764531190739033e-01 -1.297704825161626885e-01 -3.088475454739222567e-02 -4.905919730482823926e-01 1.884227204270153833e-01 -5.271112634399433700e-02 3.365621459097363211e-01 5.740122814146160213e-01 -1.474696913516830854e-01
