1.000000000000000000e+00 6.882593210156001673e-01 9.181144926794231331e-01 9.664373020888449295e-01 -7.541642999665221225e-01 7.733958436811759762e-01 8.113669756482213558e-01 9.644766456761098006e-01 9.487595700549942279e-01 9.631278245537117089e-01 9.468592956018707651e-01 9.442968057319254260e-01 3.918842175818644802e-01 9.100348956483601537e-01 -3.524666422437820468e-01 9.687209381590586865e-01 9.754449096557170629e-01 -5.095393785409919191e-02 9.886128391001368643e-01 9.380508885780637351e-01 6.445312681580454006e-01 7.578549548848957373e-01 6.263287890059501262e-01 9.617924996726333609e-01 9.089479305377842211e-01 9.910668107707939489e-01 9.834148511636567891e-01 9.411577942606408342e-01 8.835666010469246379e-01 9.387449657088637878e-01 9.542745123507043736e-01 9.917308375409398247e-01 9.361323980848140769e-01 7.809482709626746066e-01 3.275950279055934167e-01 8.477106735096082146e-02 3.454709967529084325e-01 9.522662786142285229e-01 9.761679549021178293e-01 7.364096598661773463e-01 5.729628796560960469e-01 9.340220378857536643e-01 8.973480966994853425e-01 9.748997828057112125e-01 9.871478834285178916e-01 5.222279849444153577e-01 9.322864255765218600e-01 9.416577869298492498e-01 8.798680147495796522e-01 9.718903905510142271e-01 9.360818795399260539e-01 -9.696324139222921579e-01 8.888248344074225482e-01 8.456780107182558792e-01 8.487339018096197174e-01 9.200192376388760529e-01 9.387012741164795226e-01 9.799576223785726459e-01 8.127538865329456685e-01 9.406169848217214025e-01 9.723712133962540971e-01 3.428418180541077387e-01 4.503735598622452541e-01 9.640041553207675529e-01 8.648814988395792103e-01 9.806966114381272526e-01 9.714195479728546800e-01 9.326273889343663637e-01 8.834635264400080290e-01 7.379372963873862545e-01 9.160423709265540504e-01 9.716213019694505126e-01 7.321845890748283070e-01 8.927002054375215989e-01 8.964584303969006518e-01 9.544251920087959418e-01 9.046715331438116570e-01 9.755002787957518517e-01 1.360411212366308964e-01 9.739565907568337177e-01 8.729371715496596629e-01 4.632518572381488231e-01 9.666980561989061416e-01 -4.027486496930758331e-01 9.641472267273977215e-01 9.450460549350936379e-01 8.050052097563109577e-01 5.532419198542844196e-02 8.689057081138693572e-01 -2.609817638087750247e-01 9.549603695101351875e-01 5.874752127522111511e-01 3.805638477106260131e-01 9.573777959050872033e-01 9.408561242895602250e-01 8.980295652675596152e-01 9.258864492896434761e-01 8.143580630766363848e-01 7.184971897553030784e-01 8.939507549173787426e-01 9.342989602399393023e-01 9.610510330734813866e-01 9.992827740922749502e-01 7.536527114057024468e-01 -2.811247749364535753e-02 8.656007579864429813e-01 9.679877814565814864e-01 9.326256639804633153e-01 9.430962288765761814e-01 7.661869677540056323e-01 7.502618265210778681e-01 7.922218559166971374e-01 8.939857542305917892e-01 9.984959572946965345e-01 7.023933355958361657e-01 8.908585355006009010e-01 8.388824571846807965e-01 9.196687680175023027e-01 8.105942606828456798e-01 9.208396117875936593e-01 9.506471371656636249e-01 8.950644061689806419e-01 8.836787342327919736e-01 7.934395017105974057e-01 7.133798227531962244e-01 9.772341149265846294e-01 9.234481999255720330e-01 9.242531358723480306e-01 8.656717673941161095e-01 9.728396908123206899e-01 8.513327740578856551e-01 -1.403475623956143836e-01 9.044573490620173573e-01 -4.689816510643036174e-01 9.718043088640767602e-01 9.749720117756790483e-01 9.174622534355608705e-01 9.573090948696290070e-01 3.407359618757411224e-01
6.882593210156001673e-01 1.000000000000000000e+00 6.160305519007769348e-01 6.197731550975392745e-01 -7.024032573644654887e-02 9.808354546600410728e-01 9.791454653611009196e-01 7.973375707712835325e-01 6.844743406252923323e-01 7.995413269591770122e-01 6.806207182336170280e-01 6.425836920129953667e-01 9.256852354734487198e-01 6.745705128803194395e-01 4.057283744636662748e-01 7.323737034569258730e-01 6.506803826563533066e-01 6.833470634349269046e-01 6.993174249142324328e-01 7.060202508756802109e-01 9.723456120575805217e-01 9.546161012922677047e-01 8.206230890837089564e-01 7.376823263870715408e-01 6.361126545954649547e-01 7.763046855390596246e-01 6.488922227987273805e-01 8.428828777595620547e-01 7.869079954957622913e-01 7.186603123717615338e-01 6.719099442277594036e-01 6.779669805264925131e-01 7.060861882064389805e-01 2.081821744848847133e-01 9.026603386633097470e-01 5.351695698987931626e-01 9.050116552896261268e-01 7.325605606365511724e-01 7.613114168316431618e-01 9.815048915611687130e-01 9.660977173203417756e-01 6.800868638104877739e-01 6.874038995533375829e-01 7.345246301762657914e-01 7.913949536307141042e-01 9.559669565370730870e-01 7.135441039953825948e-01 7.845796404170244376e-01 9.341923388379776982e-01 6.098392644478929370e-01 8.163781282653582716e-01 -5.289499046469373633e-01 7.452531851999444346e-01 8.949374901265388926e-01 8.998685172059879278e-01 7.294139018517786788e-01 6.689908440081406837e-01 6.525008707522159668e-01 8.382627545499339305e-01 6.887031415534087264e-01 6.245858017901555481e-01 9.087124923430217605e-01 9.361964711481018941e-01 8.521238781923285988e-01 7.803535293574020981e-01 6.043512350983993864e-01 6.160559371391488570e-01 7.733759663835835241e-01 7.883117338703843346e-01 9.449094566455975563e-01 6.013889095528242024e-01 7.692057665053269044e-01 8.522449771325861789e-01 9.292153911171772140e-01 7.140747302745242830e-01 8.147196571863730696e-01 6.677345099249900606e-01 7.458503499254915958e-01 7.934426351849439563e-01 5.663785885918626306e-01 5.864842915208604568e-01 9.500894554141610104e-01 7.874844849598533481e-01 3.798424093975236171e-01 6.189847767980363180e-01 6.714996854091536127e-01 7.846397272559111347e-01 7.368132490315326688e-01 7.227581968559102510e-01 5.137727763255617308e-01 7.931987832346001355e-01 9.784921671252487796e-01 9.214350773522431703e-01 7.835971634374671035e-01 7.096508439089781461e-01 7.544302336192724168e-01 7.364135582900659394e-01 8.063275012340130887e-01 7.589908987546941654e-01 6.264581141697270761e-01 7.300628675597217176e-01 6.602324371507480860e-01 7.132041438299342451e-01 9.951636506647391078e-01 6.943465008337743605e-01 8.076373609019606992e-01 6.795701605140735957e-01 7.474021833758239808e-01 7.939808559453097603e-01 9.882144137884536494e-01 8.467826769068127479e-01 8.135507280002405306e-01 7.699532607269146123e-01 6.872033948304563378e-01 9.710870523983252678e-01 7.409878770900920619e-01 7.911820807049201321e-01 8.945949128327461697e-01 9.767872733235433147e-01 7.206640750151456221e-01 8.475528348290830571e-01 7.455173132789537638e-01 6.754380286901660035e-01 8.214932259340993470e-01 9.760041666868732868e-01 6.438675787786738436e-01 7.081612624745207141e-01 7.371268412428576555e-01 9.046642077443187713e-01 7.624125733473396949e-01 8.070810221121120787e-01 6.094867783450796939e-01 7.256927338640545289e-01 3.098482630907987700e-01 6.120845607784471953e-01 6.601098870522090767e-01 7.220218162370564130e-01 6.387246979288755400e-01 9.073599354597372546e-01
9.181144926794231331e-01 6.160305519007769348e-01 1.000000000000000000e+00 9.831723900566351482e-01 -7.121116073390173495e-01 7.261656618849983147e-01 7.453372314601326432e-01 9.368145335729999301e-01 9.715047204864520891e-01 9.447549482367061380e-01 9.615050360502968019e-01 9.729784935403605894e-01 3.634080171212376031e-01 9.427862687752688320e-01 -3.085187924616628607e-01 9.707114930400752018e-01 9.801324382024453330e-01 -2.816188428779620515e-02 8.655781290521764593e-01 9.629822372842347100e-01 6.661830935980567192e-01 7.859812331962130472e-01 7.455919074537841196e-01 9.665279637817676406e-01 9.989600726331473446e-01 9.128497430366504517e-01 9.515873416523761286e-01 9.304110535716064723e-01 9.337476291076772794e-01 9.830805140410869836e-01 9.900264409553710676e-01 9.183378395308114950e-01 9.492065643251651474e-01 6.177412835814840575e-01 2.893098791585949625e-01 8.465568127900935380e-02 3.633853284948372897e-01 9.438155066357910572e-01 9.475934975213829992e-01 7.286417677907606194e-01 5.957495827355550055e-01 9.861589884402066630e-01 9.914338978677701419e-01 9.617115273889074167e-01 8.945833298164830305e-01 5.328260488053115917e-01 9.889998813968482461e-01 9.653562917979636726e-01 8.538719056971754151e-01 9.773625491634326812e-01 9.371845053746465926e-01 -9.362015805748468145e-01 9.522841067338596588e-01 8.602376675354381774e-01 8.624369273542498160e-01 9.579770824063814638e-01 9.828641755255497214e-01 9.751883550845372728e-01 8.848966763661747503e-01 9.659424545593867650e-01 9.533306571407907937e-01 3.254038265655466167e-01 4.336581123520837910e-01 8.749363262943071762e-01 9.326901599934035447e-01 9.605680158660255819e-01 9.629579032252456594e-01 9.753065279840321677e-01 9.383422282596813879e-01 7.198755612207091703e-01 9.996508392273972810e-01 9.404357978978986621e-01 8.118400203722212494e-01 8.577528464874267788e-01 9.456281248088790337e-01 9.381133454256843640e-01 9.957904765659296720e-01 9.553116788715482199e-01 1.575936712398834927e-01 9.582422992558619068e-01 9.526000478740292987e-01 4.174595456058433629e-01 9.355291314632968591e-01 -3.479950616139434461e-01 9.827605167381178175e-01 9.590910810123455255e-01 9.056413127433777799e-01 5.346728211061546610e-02 9.774420167602982934e-01 -2.654116737487047795e-01 9.485823871353773473e-01 5.648661738502118723e-01 2.827241873032975139e-01 9.532277067463661435e-01 9.905870133494977248e-01 9.535094123320357884e-01 9.231766588332511736e-01 8.958952790838170532e-01 8.285242554392352465e-01 9.938588804038293034e-01 9.851376738441428582e-01 9.717971962700953092e-01 9.206497200920215063e-01 6.834079918811495347e-01 -2.954016874825693070e-02 9.489134506615160003e-01 9.647264153627370664e-01 9.482634816824170310e-01 9.522527802843336886e-01 7.173062443471334149e-01 8.678266103583343050e-01 8.793234840861253732e-01 9.716533774813644886e-01 8.975593344616878966e-01 6.918284806256934649e-01 9.767692062577028045e-01 9.443767765981825324e-01 8.824559331076867741e-01 7.233097922423298298e-01 9.600731796092809578e-01 9.106758081852457387e-01 9.786720742950169027e-01 9.906951902413089206e-01 9.065355656542178897e-01 6.943115111397191175e-01 9.746865454788377070e-01 9.569337689528125690e-01 9.628188275075317826e-01 8.859705945562552643e-01 9.290857958943983252e-01 9.262527861939383600e-01 -1.052966221626748106e-01 9.847212903166951969e-01 -4.742897218537098225e-01 9.789029178900690020e-01 9.765449243269291868e-01 9.842423113248711664e-01 9.810919448479317184e-01 3.415255983470444900e-01
9.664373020888449295e-01 6.197731550975392745e-01 9.831723900566351482e-01 1.000000000000000000e+00 -7.865232962916816062e-01 7.272945447581713463e-01 7.594259594859360529e-01 9.601301489113100995e-01 9.881481300780734500e-01 9.527578391115065770e-01 9.839944786519383424e-01 9.906745187208900738e-01 3.285633285559575456e-01 9.622792064717825555e-01 -3.942205288630188376e-01 9.875833292663021012e-01 9.988188353697786681e-01 -9.122321977713662711e-02 9.360594761411535902e-01 9.788504685409614714e-01 6.320933480313553066e-01 7.555605580847801761e-01 7.048451777378167415e-01 9.839919939373830138e-01 9.759223270056676114e-01 9.543454447708844546e-01 9.902493206006334203e-01 9.387739388412723596e-01 9.321038981891709430e-01 9.830619936212817711e-01 9.951651776754916190e-01 9.710717092253956517e-01 9.723788102475170447e-01 7.338003958895386036e-01 2.534094384255801691e-01 1.534283440851810787e-02 3.107269300921263189e-01 9.542338594686697872e-01 9.738655788570388383e-01 7.092565210760680694e-01 5.555049709018087256e-01 9.871488261436950351e-01 9.627240994989708645e-01 9.852622549668980101e-01 9.417662944371610889e-01 4.867216257479690666e-01 9.809923668939126706e-01 9.662577178496563057e-01 8.543111810181224230e-01 9.993869936992646474e-01 9.491235779354130209e-01 -9.812556199119911726e-01 9.479113348403506167e-01 8.557409400907011188e-01 8.381142557517459180e-01 9.667664679807260741e-01 9.850053102303374386e-01 9.978471472541466936e-01 8.664731956322437867e-01 9.827576292345975295e-01 9.912739651150608289e-01 2.882596337699251388e-01 3.902417989256836695e-01 9.145778141642114667e-01 9.232653235125074520e-01 9.947170187321775492e-01 9.953609994830968644e-01 9.660207975299401895e-01 9.334203733335961761e-01 6.909168727558685497e-01 9.820201012819896880e-01 9.700846121872493955e-01 7.893082775434092646e-01 8.633085150636666816e-01 9.534305783692000880e-01 9.551479391563014731e-01 9.696130101951686564e-01 9.790173615204139645e-01 9.188895029881076482e-02 9.929335112937729413e-01 9.567151141225568312e-01 3.961625849287035428e-01 9.624750692063893664e-01 -4.174505172683681820e-01 9.998574990066620982e-01 9.831877086740188343e-01 8.799184413366213375e-01 -1.047400733590811081e-02 9.381543922341147868e-01 -3.237278301542326209e-01 9.639330082583786874e-01 5.349869093488996974e-01 2.896819597592512618e-01 9.593882820297575664e-01 9.844844513118132800e-01 9.513675415619869957e-01 9.531395768109272026e-01 8.780484982001969252e-01 8.058750843042186141e-01 9.622279107272257992e-01 9.783476735112713873e-01 9.941417188556384010e-01 9.656983333254894886e-01 6.920352187794572840e-01 -8.919660772220788791e-02 9.162673065204796075e-01 9.889498600106012560e-01 9.656652071186627717e-01 9.627883170189052153e-01 7.205209355625766809e-01 8.132738737981831667e-01 8.580864629705087232e-01 9.425811295838798509e-01 9.550594748807653689e-01 6.623803888863504241e-01 9.529713896920898319e-01 9.030071803968990896e-01 8.970768968596607440e-01 7.453134731889037301e-01 9.689698085513963610e-01 9.338963610811077398e-01 9.502681010885516422e-01 9.589471987669417885e-01 8.601656580336611846e-01 6.691283615554621811e-01 9.980896271058307123e-01 9.702239025171945919e-01 9.691722952570799299e-01 8.745596062097207302e-01 9.476606960911270194e-01 9.052961543647967124e-01 -1.791485911604900894e-01 9.643169031435385730e-01 -5.297995988455055372e-01 9.994842060377605586e-01 9.979341881179341067e-01 9.728984157981113157e-01 9.974405882195289674e-01 2.943426615728885198e-01
-7.541642999665221225e-01 -7.024032573644654887e-02 -7.121116073390173495e-01 -7.865232962916816062e-01 1.000000000000000000e+00 -1.986994288736103065e-01 -2.629463486117140647e-01 -6.301209069383884032e-01 -7.314431926997679856e-01 -5.934351384291876030e-01 -7.399870137972791584e-01 -7.640117485983813905e-01 2.915234521561227976e-01 -7.155449564056642897e-01 8.749520325894293293e-01 -6.983229237582879723e-01 -7.674973049675291037e-01 6.649769401639649136e-01 -7.495151682704435103e-01 -7.056494428359707527e-01 -4.073486299063525801e-02 -2.013298131365625077e-01 -2.183558465596588671e-01 -6.916043000467138047e-01 -6.797599325274159554e-01 -6.701608886226615436e-01 -7.910966784358072212e-01 -5.498249013923536266e-01 -5.695999715648828454e-01 -6.739567357842373152e-01 -7.272971458223624897e-01 -7.721511505550503474e-01 -7.114704884129080531e-01 -9.144061854865260797e-01 3.614946489026509835e-01 4.559054915510158401e-01 3.224637328441678497e-01 -6.487671655451044961e-01 -6.752200300063093685e-01 -1.467805052068141547e-01 5.517102433167746234e-02 -7.059313776094637838e-01 -6.207895384191447485e-01 -7.036235682110840717e-01 -6.563157250653803843e-01 1.418188062370999147e-01 -6.605603464066438502e-01 -6.093879507864816691e-01 -3.816763395663223535e-01 -8.011940462406834662e-01 -5.867597453422029874e-01 8.709495035850760569e-01 -6.107529113365787188e-01 -3.950158031363062983e-01 -3.438495301119808834e-01 -6.647154604897759222e-01 -7.108756873733963477e-01 -7.712937552241007078e-01 -4.313915562957170713e-01 -7.234805555111151198e-01 -8.098346542926120328e-01 3.303007577024347774e-01 2.374275139319595995e-01 -5.696836446438966473e-01 -5.508151102032449176e-01 -8.186700473407252376e-01 -8.100954689536914444e-01 -6.010879449867511104e-01 -5.638768900927797478e-01 -1.273390049838785676e-01 -7.189062798876239002e-01 -6.723008158411344359e-01 -3.235839087223164601e-01 -4.031576533926335415e-01 -6.588444143991321056e-01 -6.031582249831741738e-01 -6.461538659622236835e-01 -6.867511295045939379e-01 5.307877949066446277e-01 -8.429745962709077611e-01 -7.417683906717952302e-01 2.072300530457414636e-01 -6.456552480834544250e-01 8.543268008463854590e-01 -7.876462285479218783e-01 -7.480401680161788969e-01 -4.699547489628839725e-01 6.090469241491422991e-01 -5.513404868232958389e-01 8.173153195822771000e-01 -6.245392555475639540e-01 7.322963111215911869e-02 2.590133824685366126e-01 -6.128878639257112626e-01 -6.707653786603958723e-01 -6.126057131868827277e-01 -6.799397905609245729e-01 -4.669997000564530265e-01 -4.070206853664455338e-01 -6.543660107859610164e-01 -6.477052238281342245e-01 -7.630163719153549851e-01 -7.314672887759999798e-01 -1.665233148784651951e-01 6.659876111792046860e-01 -4.806131305876383819e-01 -7.427194414340037021e-01 -6.663127523823639820e-01 -6.167605393076747156e-01 -1.927572022044801436e-01 -2.988233039201251828e-01 -4.330907496304531312e-01 -5.424772190043749553e-01 -7.572535564461837509e-01 -7.839310376879833620e-02 -5.819563538299133976e-01 -4.615800589422554556e-01 -4.776090680716954529e-01 -2.592360337507478296e-01 -6.736635993844505288e-01 -5.666110742713913462e-01 -5.670400126591983447e-01 -6.198709447991298527e-01 -3.849794330606340353e-01 -9.282876737155627833e-02 -7.779910905324218806e-01 -6.913115335692497920e-01 -6.582516082477073427e-01 -4.071698917916846683e-01 -6.308481563491672439e-01 -4.925880355575228409e-01 7.362738668011645782e-01 -6.128168431576814790e-01 9.191355738865738534e-01 -7.970154520041301538e-01 -7.643245651695312892e-01 -6.408101532921011145e-01 -7.711162097508236224e-01 3.344947874738550819e-01
7.733958436811759762e-01 9.808354546600410728e-01 7.261656618849983147e-01 7.272945447581713463e-01 -1.986994288736103065e-01 1.000000000000000000e+00 9.937384680332344011e-01 8.820561677390357236e-01 7.809184177327329612e-01 8.809321905929287100e-01 7.741878423115440278e-01 7.448020786638035462e-01 8.791757252849543569e-01 7.636925467644716248e-01 2.873574349536718864e-01 8.218698283613355970e-01 7.537087410484352157e-01 5.858067663183798013e-01 7.753780686981643910e-01 7.974923740523216509e-01 9.624259777925849857e-01 9.727913302082653590e-01 8.502712070653054566e-01 8.271318379404409837e-01 7.431578511956795641e-01 8.502578258089626972e-01 7.525403072506205993e-01 9.182312265633374437e-01 8.589774795894320469e-01 8.118596337920540584e-01 7.724672476634243390e-01 7.735229974707948930e-01 7.935701985433328831e-01 3.020252499876526220e-01 8.321558786887648385e-01 4.533743041537895424e-01 8.460304357046224411e-01 8.131921617520513346e-01 8.520272830530458696e-01 9.886588469382505684e-01 9.429258096702305414e-01 7.801616402494756519e-01 7.851346173843436471e-01 8.268259171626382020e-01 8.572375991810401441e-01 9.259883002591865475e-01 8.092682846299599220e-01 8.718093670016217045e-01 9.693307986540419252e-01 7.172511899627632692e-01 8.971188253517354827e-01 -6.435950205032435756e-01 8.263617867325795396e-01 9.585896967556615245e-01 9.352201205309345067e-01 8.156894829622559628e-01 7.729086758972902871e-01 7.557162620731208147e-01 8.925692693659197374e-01 7.821895177716028380e-01 7.268639129211901251e-01 8.576310518070815458e-01 8.885393771501249871e-01 9.111854337495848277e-01 8.521970882058899077e-01 7.127533389789935114e-01 7.223637847164090520e-01 8.578021817939500693e-01 8.623634029473684626e-01 9.617265743239591380e-01 7.129306803035545537e-01 8.561309955136066074e-01 8.973252329387214621e-01 9.683486709359673261e-01 7.991880344324021612e-01 8.950657539799845575e-01 7.695329567737313470e-01 8.406951608824962952e-01 7.187852467272046741e-01 6.785287864603234409e-01 6.907113920390307582e-01 9.162789677010194644e-01 8.734967150480328346e-01 2.627587021611823004e-01 7.263281127781006097e-01 7.659034367742351135e-01 8.510860632576423557e-01 6.429569294820056680e-01 8.129458055046046017e-01 3.933685132955217489e-01 8.792646891428400613e-01 9.527835460426848924e-01 8.567001131883881238e-01 8.606404129737612596e-01 8.043631333151047835e-01 8.342889260694553721e-01 8.178977521809824847e-01 8.679039714224791036e-01 8.165599445390251399e-01 7.326429587271147126e-01 8.253572024632020998e-01 7.617079939128602595e-01 7.953299416842100067e-01 9.889002413758984922e-01 5.961056495957208767e-01 8.831001972353634821e-01 7.879732274115089918e-01 8.288433433016189067e-01 8.761880409476283660e-01 9.969734266558597513e-01 8.991154512912742369e-01 8.718714194094591141e-01 8.531027566009260488e-01 7.692464911797293192e-01 9.761411201592364861e-01 8.338463379766775097e-01 8.675354267127720620e-01 9.543279183939575860e-01 9.927760687909770176e-01 8.075782104027539043e-01 9.188941349226930067e-01 8.377552323765372622e-01 7.752316779674152114e-01 8.832208609151002143e-01 9.738435337041118078e-01 7.503946265834477991e-01 7.950884235291216795e-01 8.224780718468871488e-01 9.482933071890515819e-01 8.431943617176465011e-01 8.749842526091126116e-01 5.010075005713270357e-01 8.170470883965182951e-01 1.796628063511146733e-01 7.200047315630553335e-01 7.635142941718833232e-01 8.145554990305609033e-01 7.435916504880735189e-01 8.452158651873749040e-01
8.113669756482213558e-01 9.791454653611009196e-01 7.453372314601326432e-01 7.594259594859360529e-01 -2.629463486117140647e-01 9.937384680332344011e-01 1.000000000000000000e+00 9.021427550299688791e-01 8.125295690841336516e-01 8.950265147770052332e-01 8.094357943979562098e-01 7.786633202175304858e-01 8.433296489631727511e-01 7.999287481763838192e-01 2.227887514977938965e-01 8.503647472890807357e-01 7.847964910968063812e-01 5.351794101411231352e-01 8.196199403662280947e-01 8.285914272747006981e-01 9.520540752860420231e-01 9.677427548496251308e-01 8.503718942683682336e-01 8.552371107784697557e-01 7.589661700308915071e-01 8.815233034993661398e-01 7.877049484435285631e-01 9.308682076998228139e-01 8.813751541315562044e-01 8.354030673839570875e-01 7.994440499381265663e-01 8.098618622638029674e-01 8.285432232496372507e-01 3.728208990737814643e-01 8.009089144804879545e-01 4.184038064953373715e-01 8.145854566976347133e-01 8.377189579431727484e-01 8.754654256945667568e-01 9.819115202538106768e-01 9.269586697960241484e-01 8.053629902216365988e-01 7.972929050325517908e-01 8.543702660407737071e-01 8.913969209070855548e-01 9.000579363274193723e-01 8.288063076271759977e-01 8.875816491862749125e-01 9.796393353262400350e-01 7.516186717469406364e-01 9.139991938462099785e-01 -6.856533716011304902e-01 8.498931731487830987e-01 9.572381454075131746e-01 9.385692479573345404e-01 8.439215225055055614e-01 7.962395420980018512e-01 7.871600907921981749e-01 9.052585735833135194e-01 8.149002120663990656e-01 7.669241671006122862e-01 8.205251617556175159e-01 8.590299815633958280e-01 9.357923843302249356e-01 8.723176252527019559e-01 7.492625962035884823e-01 7.597862703984245014e-01 8.737254748541037896e-01 8.824186333368313484e-01 9.431308588282225625e-01 7.323295073963128621e-01 8.820732956595356278e-01 9.014442754321845275e-01 9.794531597563154168e-01 8.286730966754840555e-01 9.136700523169152266e-01 7.830657512188524683e-01 8.635649625319664624e-01 6.686876379720948504e-01 7.170861148767553317e-01 7.234513675073973582e-01 8.848590934933885377e-01 8.955490062952015107e-01 2.064307678823253944e-01 7.590254570012504587e-01 8.021867049540868377e-01 8.633729100691821534e-01 5.931922118022260326e-01 8.189732468244260710e-01 3.379230950419562785e-01 8.981307915562705135e-01 9.333616257406315286e-01 8.399599237329579138e-01 8.815228441236876433e-01 8.255822611592912308e-01 8.583482180578112519e-01 8.521493612471917611e-01 8.824532592884243298e-01 8.286614173070596667e-01 7.446672669669871514e-01 8.429124453071666911e-01 7.948337042695028387e-01 8.313008777893585721e-01 9.933013276162843130e-01 5.436561062636930952e-01 8.867771547361653628e-01 8.128288517560955384e-01 8.597796672014258457e-01 8.968851603975646070e-01 9.966378158442485979e-01 8.909785652097244046e-01 8.836768715890561676e-01 8.608289992071518348e-01 8.098833613573123147e-01 9.588911012464615968e-01 8.436495966847611383e-01 8.686250963881175791e-01 9.651565263469434885e-01 9.974709725476688105e-01 8.368644644624597673e-01 9.368240687166459191e-01 8.443550604084654188e-01 7.868161909201603077e-01 8.825244745830840287e-01 9.630404024102491300e-01 7.812758445645806571e-01 8.274033976446496519e-01 8.497029602108595592e-01 9.591709110643310554e-01 8.625882611016566504e-01 8.872815152360287172e-01 4.474398594843758681e-01 8.322288933505871400e-01 1.209383395184215615e-01 7.532761024661416283e-01 7.942518167174988930e-01 8.336502778321728258e-01 7.758070664748671907e-01 8.136504211763579963e-01
9.644766456761098006e-01 7.973375707712835325e-01 9.368145335729999301e-01 9.601301489113100995e-01 -6.301209069383884032e-01 8.820561677390357236e-01 9.021427550299688791e-01 1.000000000000000000e+00 9.740348755277775661e-01 9.864008296208195414e-01 9.701469441091601364e-01 9.620054172185703578e-01 5.541380954912592527e-01 9.505976503544958378e-01 -1.832652859116333244e-01 9.887070663409790461e-01 9.701429140191415446e-01 1.467835787138039028e-01 9.538051422292403991e-01 9.741354830865099901e-01 7.849797362657370270e-01 8.737312747023413539e-01 7.926373056495062963e-01 9.894884185923129571e-01 9.364079691865146993e-01 9.850793785969657046e-01 9.732008780143482918e-01 9.937975010373106821e-01 9.602851997378979432e-01 9.763993477184872427e-01 9.703615779017606968e-01 9.736706659979662559e-01 9.703846929831734247e-01 6.497542065864051475e-01 4.795032349219897627e-01 1.487348122232579894e-01 5.177623868518330674e-01 9.600022881785111872e-01 9.979599119957835995e-01 8.537909263794517534e-01 7.238034320038356784e-01 9.677903996857238900e-01 9.417845862995086748e-01 9.931725482560904705e-01 9.802125230356721897e-01 6.696569059872652385e-01 9.713953085395712339e-01 9.909683647715682442e-01 9.486698324829623274e-01 9.572610717760139387e-01 9.946901879345939612e-01 -9.259279139382082802e-01 9.571730421047209836e-01 9.543046991980761451e-01 9.133563480140993729e-01 9.705582982805822656e-01 9.648714344316776659e-01 9.720665049151935300e-01 9.235833890608430297e-01 9.706611206124143854e-01 9.621190343660622757e-01 5.187387085314972834e-01 5.901214146972828534e-01 9.827251639861342980e-01 9.489430048245397487e-01 9.577237474755191382e-01 9.615368307282303739e-01 9.792381143670265686e-01 9.618092400683002641e-01 8.284145419915829311e-01 9.303059738177690274e-01 9.979124481502844590e-01 8.757963990849164659e-01 9.570483231924142853e-01 9.551285252882268928e-01 9.988189887739524764e-01 9.412219390613495440e-01 9.963545059276810445e-01 3.202618277745059028e-01 9.430105962786335949e-01 9.141875647484428713e-01 6.208548034226970547e-01 9.996162224474447466e-01 -1.980394823054139053e-01 9.598173472951279095e-01 9.670486726023447277e-01 9.145720881150941617e-01 2.190458909939620169e-01 9.327140577084092055e-01 -8.315362064256218155e-02 9.984293053041989330e-01 7.180596048328320435e-01 5.329796644878245226e-01 9.800501646635357833e-01 9.714485676389631452e-01 9.630651502852710655e-01 9.707496884673812998e-01 9.225154981295197176e-01 8.549320487206164554e-01 9.192580855854126654e-01 9.773059791971282495e-01 9.728265523632839695e-01 9.714540137353662175e-01 8.503222614800146628e-01 1.526303774890548082e-01 9.486878023069107435e-01 9.842157650493728038e-01 9.774397661672040716e-01 9.934303390067132922e-01 8.741799629146504991e-01 8.783311424137532075e-01 9.101019007144900419e-01 9.546896690421451392e-01 9.586252949816725932e-01 8.144829158989221884e-01 9.585734115470593286e-01 9.308880192011387278e-01 9.821777403776550397e-01 8.968737861776885367e-01 9.685389714333166866e-01 9.959482730552251528e-01 9.559782951237011384e-01 9.349501403513089670e-01 9.057990567319028630e-01 8.168702022760742087e-01 9.714712787686974327e-01 9.656561384294397588e-01 9.734698123005495196e-01 9.504859094392189567e-01 9.697973644862525333e-01 9.421269285585576192e-01 4.805902103161554390e-02 9.585338841493167283e-01 -3.022290025967978022e-01 9.580626509283053371e-01 9.754541110672899640e-01 9.668322284642869580e-01 9.653220665756625518e-01 5.085941442935464352e-01
9.487595700549942279e-01 6.844743406252923323e-01 9.715047204864520891e-01 9.881481300780734500e-01 -7.314431926997679856e-01 7.809184177327329612e-01 8.125295690841336516e-01 9.740348755277775661e-01 1.000000000000000000e+00 9.501319379643683449e-01 9.990049896560717624e-01 9.984032634234119019e-01 4.061574111249304786e-01 9.907694630683949732e-01 -3.203616749614879855e-01 9.940593114240144912e-01 9.878379065774275380e-01 9.507385703710336672e-03 9.306436015952427310e-01 9.986249783343865705e-01 7.024185296592161398e-01 8.072855440263793092e-01 7.942185574265752113e-01 9.959257263627908641e-01 9.670247046435992422e-01 9.526170981975361496e-01 9.837231792341550873e-01 9.571828649854399185e-01 9.734435568130379579e-01 9.941164603292278468e-01 9.935225252801110907e-01 9.645146974993372702e-01 9.961268504611974217e-01 6.923932295815788951e-01 3.312228208648672623e-01 2.368111205409869149e-02 3.964164873705431358e-01 9.494293408951746116e-01 9.801849887638892644e-01 7.656166508250431546e-01 6.307611908019233882e-01 9.961084957657831973e-01 9.631655910197125525e-01 9.911271790634715861e-01 9.440771928066320484e-01 5.529779729315688064e-01 9.879011945238628245e-01 9.810031990242334965e-01 8.870321296322568605e-01 9.845280801160666284e-01 9.751103700020298248e-01 -9.565802895030997011e-01 9.821451678846153666e-01 9.037632282975293085e-01 8.574753599208937427e-01 9.938985478985169486e-01 9.862738555342867031e-01 9.862391370592086259e-01 9.243518774076632250e-01 9.993633039605954727e-01 9.884503899695084028e-01 3.756257160624644764e-01 4.531363068081476486e-01 9.276023109082451867e-01 9.665065429254282581e-01 9.784082077942595213e-01 9.889337173883364640e-01 9.768110447841246158e-01 9.731063837073434808e-01 7.160071397240367341e-01 9.670095218498058198e-01 9.828651416002320840e-01 8.660734815247339569e-01 8.939750607973017127e-01 9.875966337859667377e-01 9.733782207940876452e-01 9.653966764761062747e-01 9.830618338425598512e-01 1.758023783852477595e-01 9.722404711827448143e-01 9.779471818396934246e-01 4.740842117522648946e-01 9.766709495196752577e-01 -3.076333557291090481e-01 9.899551750060999744e-01 9.983608349193089371e-01 9.332151780408027841e-01 6.393100532755024989e-02 9.466716925698553942e-01 -2.317150052585400521e-01 9.804681311233089946e-01 5.963136510641831034e-01 3.876792235825938238e-01 9.610830788689666004e-01 9.870548232896260155e-01 9.842170477288677555e-01 9.866725064562819059e-01 9.345381059382306121e-01 8.818455570723956471e-01 9.472206885861734760e-01 9.869619901595727551e-01 9.981349250301286835e-01 9.516058041867293538e-01 7.505262735747914027e-01 -1.212423102362660682e-03 9.404809016954375211e-01 9.896678711813829965e-01 9.933515731554601880e-01 9.849497049327530229e-01 7.799335394617100681e-01 8.605191089734888221e-01 9.194732129718450331e-01 9.532786968200342992e-01 9.390758031346021495e-01 7.058263974465290858e-01 9.702320367286041414e-01 9.298124632875560680e-01 9.253927380159769900e-01 7.961076576076124844e-01 9.947841348542560969e-01 9.551761357183732315e-01 9.592047966414467552e-01 9.629810157124555348e-01 9.016309446946979556e-01 7.128773822934547644e-01 9.873934955338856678e-01 9.954434543130576962e-01 9.940383779353725302e-01 9.150158306171861655e-01 9.335269563645824942e-01 9.451828816745968531e-01 -8.665249884954524806e-02 9.765797005521136276e-01 -4.414659165160304544e-01 9.840250369446563727e-01 9.914488276843419490e-01 9.865824315471343198e-01 9.961785455249236865e-01 3.787968673361508665e-01
9.631278245537117089e-01 7.995413269591770122e-01 9.447549482367061380e-01 9.527578391115065770e-01 -5.934351384291876030e-01 8.809321905929287100e-01 8.950265147770052332e-01 9.864008296208195414e-01 9.501319379643683449e-01 1.000000000000000000e+00 9.405263651768045463e-01 9.363933263227518511e-01 5.733838926004407588e-01 9.089033807823333477e-01 -1.355183698863283159e-01 9.773865370772739647e-01 9.652508911657199375e-01 1.620576495810206463e-01 9.332648936481884316e-01 9.456308273960198907e-01 7.928463358484514334e-01 8.857124980565065364e-01 7.532821312093693766e-01 9.724916029496559755e-01 9.473155585727487393e-01 9.813866861950152343e-01 9.540417996328438566e-01 9.902333288885852847e-01 9.312466755139491292e-01 9.657633333576692847e-01 9.643229370603219053e-01 9.538644562141647132e-01 9.353367779209791344e-01 6.036783913560779258e-01 5.064870050687330094e-01 2.481694837325852387e-01 5.382969752334039182e-01 9.669657317256430407e-01 9.856673118495170582e-01 8.632287615698444050e-01 7.354422625660284041e-01 9.531567919784953435e-01 9.530506137649333853e-01 9.790064271525822370e-01 9.735843415985497851e-01 6.981699607535288843e-01 9.680862546616729736e-01 9.847510851437039081e-01 9.564052997322944893e-01 9.498760724138294309e-01 9.764234953542058060e-01 -9.093347757063502401e-01 9.300537589578519171e-01 9.359198536723214445e-01 9.443712137126045736e-01 9.414147061578963527e-01 9.567555941759889881e-01 9.661923913938504915e-01 8.967805921219406118e-01 9.428117023097681848e-01 9.369630973162644816e-01 5.295129650703573887e-01 6.282549836787424402e-01 9.767676342758906394e-01 9.212384485069087248e-01 9.456738476164852081e-01 9.409305678909618553e-01 9.818600695429363645e-01 9.357315103117507249e-01 8.721061490658466031e-01 9.405805482632720871e-01 9.787428298420669526e-01 8.372193613350432662e-01 9.627290949743984028e-01 9.179000273594940529e-01 9.864628118246581145e-01 9.532817072516732715e-01 9.849467976564082461e-01 3.521096248348702940e-01 9.309047709227871170e-01 8.753862508102006057e-01 6.293300226321489887e-01 9.825684211300522719e-01 -1.999948514917745945e-01 9.500921626172588175e-01 9.354034670618529557e-01 8.871940458125512352e-01 2.648012558232005209e-01 9.466681315702648591e-01 -6.049180661035848811e-02 9.847078223410544728e-01 7.433866875528050144e-01 5.159054833146765606e-01 9.888426799531164768e-01 9.717977198726561738e-01 9.375446465862447010e-01 9.270966046599055099e-01 8.913312995608803080e-01 8.038774940691769677e-01 9.409694389797812475e-01 9.733984923293169667e-01 9.510262871168325693e-01 9.709225097921032610e-01 8.499098363800958733e-01 1.818303584925391458e-01 9.553617239885541235e-01 9.656144525041089333e-01 9.467427954085796404e-01 9.767993325669720450e-01 8.693495871692645816e-01 8.843126527000365611e-01 8.775492094598543735e-01 9.677295301502817360e-01 9.523220361172340942e-01 8.448771133337430461e-01 9.559089382118146627e-01 9.374974632297016219e-01 9.758028312294486639e-01 8.886670774102504167e-01 9.396565101668687969e-01 9.839557269807170936e-01 9.655572862338975826e-01 9.421461896685243698e-01 9.071941043162828899e-01 8.468504305396487020e-01 9.624933011694106755e-01 9.339919199695057017e-01 9.489154418393475066e-01 9.489647946837751480e-01 9.877895448306773796e-01 9.283538709938865541e-01 7.729212995970080602e-02 9.581829307110135696e-01 -2.850245488048365750e-01 9.521185518994095265e-01 9.651571303693420312e-01 9.595530482049929866e-01 9.490156274900194422e-01 5.298006301872579815e-01
9.468592956018707651e-01 6.806207182336170280e-01 9.615050360502968019e-01 9.839944786519383424e-01 -7.399870137972791584e-01 7.741878423115440278e-01 8.094357943979562098e-01 9.701469441091601364e-01 9.990049896560717624e-01 9.405263651768045463e-01 1.000000000000000000e+00 9.978743985581846054e-01 3.954200319972211441e-01 9.942601342225596550e-01 -3.341963726893249498e-01 9.907860218747500669e-01 9.833395264913259437e-01 1.099057798479118617e-03 9.341940394046135410e-01 9.985642424339774559e-01 6.945338571241883585e-01 7.976633049501417050e-01 7.934054106115666638e-01 9.935426906661082302e-01 9.559570029193715790e-01 9.502286947980852494e-01 9.828896949897444335e-01 9.504682802903671179e-01 9.726200498911229397e-01 9.892503798728496944e-01 9.882278944349418559e-01 9.649053171211833257e-01 9.982734689661267868e-01 7.069616559684404056e-01 3.216630884111815747e-01 2.899852065235218341e-03 3.864988390091766979e-01 9.420256124019090738e-01 9.763876646299620710e-01 7.571829098143527670e-01 6.222123521124510725e-01 9.918671731185860763e-01 9.519059291269496015e-01 9.882442029944105144e-01 9.433263423459354868e-01 5.404523427062914998e-01 9.807669280144426516e-01 9.743680674497905425e-01 8.803143374959372380e-01 9.809336110384954122e-01 9.713607488691716751e-01 -9.561817191123950233e-01 9.806706060226124677e-01 8.975839331559356538e-01 8.452459974324726399e-01 9.935740138438349245e-01 9.802467458992207838e-01 9.820986048985553829e-01 9.221501896807391407e-01 9.994416409088092701e-01 9.895004546126195955e-01 3.663841480576808807e-01 4.399089915412147112e-01 9.252369630713997983e-01 9.649043455142303216e-01 9.762980404083169139e-01 9.884015140772405283e-01 9.686284953529615827e-01 9.711873236660178987e-01 6.992926453503085504e-01 9.566546733314493789e-01 9.810122384509746274e-01 8.650979555065740900e-01 8.876160047356412841e-01 9.889012384932219790e-01 9.690741357088801244e-01 9.539926836305572255e-01 9.787463317731462942e-01 1.624460208507613745e-01 9.703553958358703824e-01 9.790654156737073066e-01 4.652818242961525019e-01 9.737409940230562500e-01 -3.116987393140220330e-01 9.863027042971428404e-01 9.998161030362532342e-01 9.302476724041806033e-01 5.008164701205396196e-02 9.339181887812071370e-01 -2.394375505396775794e-01 9.761068865301975039e-01 5.853709549710943705e-01 3.885690352009629200e-01 9.534346439347592961e-01 9.797145435089851251e-01 9.826204289952953363e-01 9.906904717751963130e-01 9.330408015541135081e-01 8.836712184816534199e-01 9.338638674503925152e-01 9.796176445632048813e-01 9.969837868151393279e-01 9.492047696172107862e-01 7.472551460290187686e-01 -1.209275760726204012e-02 9.294818381402744079e-01 9.862027215063486896e-01 9.942427229930919097e-01 9.814653265785641123e-01 7.754857540987838416e-01 8.486607827350313160e-01 9.178666109228119652e-01 9.414919978150009250e-01 9.388950504788553530e-01 6.922172567717910230e-01 9.611286799868303810e-01 9.181972211111257831e-01 9.199516386109006794e-01 7.931457832929731389e-01 9.945465688114125680e-01 9.514195122750512823e-01 9.473915088402842244e-01 9.519802659235507836e-01 8.913733029476208491e-01 7.007945256403994572e-01 9.835001138140478938e-01 9.963619052466646808e-01 9.927291177126763566e-01 9.088486430796843818e-01 9.245893011529978667e-01 9.393442164638671210e-01 -9.688295990866661878e-02 9.681498073817073058e-01 -4.469867296957868441e-01 9.799483636636543427e-01 9.878367996533785611e-01 9.801201008419061500e-01 9.935908181210191259e-01 3.691269763438754237e-01
