1.000000000000000000e+00 -1.769824835870141277e-01 -1.255704349600069991e-01 1.266321242033412175e-01 -1.490512470777183018e-01 -1.720675101913630989e-01 -3.228035782177754442e-01 -2.999512320064697257e-01 -1.498113237411554666e-01 1.349229216450124891e-01 -1.647668757741800050e-01 -1.166482406633447683e-01 -1.850352390518867074e-01 -1.228435925358963288e-01 -1.052404001566524250e-01 8.896226700931083586e-01 6.070237304635593689e-02 -2.161068497297614910e-01 7.444138892470716362e-01 -1.869588321693633759e-01 -1.168548826263482859e-01 -1.356870950665978737e-01 -2.166569472097649440e-01 -2.355780919104092930e-01 -1.262123954370916457e-01 4.773275118664703776e-01 -2.183368166290607926e-01 -2.393294870440689226e-01 3.619297964291735923e-03 -3.527785083177246983e-02 2.279965445230154597e-01 -1.192283300019540832e-01 4.667168765053240215e-02 -1.294863228408680289e-01 -9.141643031887840276e-02 6.550605895659188382e-01 -1.412102117954609215e-01 -8.896563186902123332e-02 -4.038368424148560121e-01 -1.523836418088321820e-01 -1.152834598864898585e-01 -2.085308249988327978e-01 -1.313429519543888313e-01 2.803775827036185300e-03 9.891289667443280420e-01 -5.853985395497230543e-02 -1.631754546340110912e-01 -5.144990948102384776e-01 1.482973490619442503e-01 1.815501676833120581e-01 -4.196174869121204742e-01 2.298263586375678125e-01 -1.253190587886545415e-01 -3.836526904230952439e-01 -4.516861105039982061e-02 -1.649910529552242877e-01 -1.243786468410417595e-01 -4.125273405653270831e-02 -1.429040513960327663e-01 1.147834870233572085e-01 1.620616892487004024e-01 -1.454963526691216980e-01 -1.793404642688497252e-01 1.818802213290537650e-01 -1.259862317105995277e-01 -1.198087991682225267e-01 -2.863254175468659679e-01 -2.429475233541200097e-01 -1.819519346888340272e-01 5.523951289224668937e-01 -1.260959430842358286e-01 -3.296227834893272757e-01 -4.634134405247504196e-01 4.264632471767235145e-01 -1.212774112512254449e-01 -3.303927486916977685e-01 -1.260733078331226775e-01 -3.934252682513298405e-01 -7.052449029580906692e-02 -2.195112000289423937e-01 -1.243465771298262190e-01 -2.551044841265245888e-01 -3.819970255270498938e-01 -2.674430677542801726e-01 2.345785435663784169e-01 -7.479472911517014155e-02 -1.258946862421869151e-01 -1.814503531869000874e-01 -1.309570199151351144e-01 4.917291171702727060e-02 -4.498186241780475214e-01 4.988949030659919348e-01 3.513946624043057243e-01 -1.118105130048808737e-01 6.128170544125177699e-03 -1.261062613374760444e-01 -2.003327045673552742e-01 -2.422623156645966336e-01 -1.984091458439996847e-01 -1.262497146288206196e-01 -2.237051155954951631e-01 -2.773998145381418867e-01 9.933457693723010129e-01 3.782555339000653882e-01 6.725387102398824868e-02 -2.534438791670740598e-01 -3.749137784332785550e-01 4.925521877022425166e-01 -4.306757993806519802e-01 2.270081253933433629e-01 -1.531093562014822218e-01 -2.981526878920823243e-01 -1.389780164576184529e-01 9.933546276072043879e-01 2.263107261279144189e-01 -4.474183413036968981e-01 -2.854839567796440547e-01 -1.429395189359217166e-01 3.700886003506796418e-01 -1.308853715476446522e-01 -2.808856719816260061e-01 -3.070420359507864405e-01 -1.367875535716752411e-01 -1.916342728908027593e-01 -3.008117171905653336e-02 -1.326098582481235189e-01 -1.229491517328684530e-01 -1.334985752752032018e-01 -1.212991092692887046e-01 -8.427842196799954777e-02 -1.211849446011072778e-01 -1.742601118272214256e-01 -1.545358904681324308e-01 -1.825924014675630869e-01 1.707546914536433869e-01 -3.039791798897787944e-01 -2.452593899020698576e-01 -1.404134333461776185e-01 -1.945988662377343970e-01
-1.769824835870141277e-01 1.000000000000000000e+00 -1.806839505941095769e-01 -3.478229918128975529e-01 -1.300040394684211231e-01 3.736156410865920097e-01 6.485149800879198567e-01 1.575107931721658194e-01 -3.253142785184997554e-01 -2.344955216942641307e-01 -2.512646815571695780e-01 -3.044011889966828921e-01 4.304417163430240834e-01 -1.542681630567723505e-01 1.876560284910839815e-01 -2.767308256819738799e-01 -2.857100090333841158e-01 6.012148765237550485e-01 4.007927805622262252e-01 -3.690383541770654308e-01 3.164702237617115221e-01 2.949874922869662464e-01 -2.045689850281393607e-01 1.224808167067224229e-01 -1.805012150211167121e-01 3.468564427826368868e-01 -1.593851441594817606e-02 1.170055603546354822e-01 -1.717645116117451909e-01 -3.387672951870279170e-01 -3.008609606669450098e-01 1.619343443877792332e-01 -2.033756748424922489e-01 -1.869897378482937300e-01 9.734644022960809995e-01 -8.991260976649730063e-02 3.004310257563310715e-01 3.180224698977318076e-01 1.795192251131074168e-01 8.330908386978290725e-01 3.169804062001322920e-01 -3.396441373726683532e-01 -1.891676202824351116e-01 -4.579182544971605595e-01 -9.248952120076039951e-02 4.272693210416066423e-01 -3.432965730060630327e-01 7.299013920668713518e-02 2.728005369983299566e-01 -3.060383052932076353e-01 1.624747784643714721e-01 3.032190211360146215e-01 -1.526505083273226315e-01 4.040923138408418214e-01 3.053834095629998635e-01 3.690712367699139351e-02 -1.410258473510428712e-01 2.841784971066603771e-01 -1.085478357426899881e-01 -2.187292238109903308e-01 -7.784880345196349902e-03 4.024650646276049515e-01 1.218496219604164460e-01 6.002135343223634623e-01 -1.526809620971554537e-01 -1.821356440457432280e-01 -6.551136357921354819e-03 -1.705272994695228861e-01 4.842519752502392194e-01 -2.640099307278632734e-01 -1.806095750717057746e-01 1.021454750767894631e-01 2.842474472452462542e-01 4.916255014483348340e-01 -1.505939381270931798e-01 2.634127042430070009e-01 -1.804971568745459276e-01 9.148955199397280913e-02 3.097131265347399243e-01 -1.771300150019166839e-02 -1.520885537773114249e-01 4.100294689703605777e-01 1.607208436434025278e-01 5.980536178281817827e-01 -3.317746898263033151e-01 -2.281991443722133639e-01 -1.534527394862524041e-01 2.263407133802377083e-02 -1.823968768430870857e-01 5.444811502239880197e-01 1.805877824100635409e-01 7.202595778755641574e-03 3.267853129662386946e-01 3.174319821964308730e-01 -1.849771809073722240e-01 -1.540359152136509258e-01 -1.689015432189070465e-01 3.276754025433237794e-01 -1.649674179436437516e-01 -1.797514274407366053e-01 -2.545461081636440914e-01 -2.731482909316724217e-01 -1.568565008870400901e-01 7.849844358757942508e-01 5.357020396031410281e-02 -2.690220453560275837e-01 2.574108295308449312e-01 -3.376805095743583007e-01 1.111015373556290819e-01 6.805033839773904081e-01 2.219411961873686279e-01 4.551738202508763820e-01 -1.954709345741517390e-01 -1.568879602472426082e-01 1.075410025825896815e-01 -1.904485822948707441e-01 -5.676215192031795059e-03 2.288036809700956797e-01 3.695871580799706124e-01 -1.576458773451139550e-01 3.360845461975601745e-01 2.638303350756065480e-01 -1.644270626173612304e-01 -2.167157497396446364e-01 3.522375094730474387e-01 -4.519189676027392522e-01 -1.529707142360852978e-01 -1.371028467882958179e-01 3.104347618235403505e-01 3.211893435848373057e-01 -1.535393738478143810e-01 2.840638731021805086e-01 -2.349290451568341875e-01 5.247462040100647762e-01 -3.129895490559426730e-01 -5.221196278749210690e-02 -3.237491122269686716e-01 -4.656719545038626729e-01 6.486037171526984890e-01
-1.255704349600069991e-01 -1.806839505941095769e-01 1.000000000000000000e+00 8.149288643597265569e-01 -1.326570631118024757e-01 -3.424518438508464824e-01 -3.951776409286592573e-01 -2.711252631854679795e-01 -2.072101500034481403e-01 -2.382590783706240167e-01 -2.401550668097385821e-01 2.414278278011275022e-02 -3.717123687592580605e-01 -1.078868644338485949e-01 -2.273592158210330505e-01 1.045195160404516765e-01 8.131367483878614300e-01 -2.517186104480945152e-01 -1.996487879664675391e-01 -2.318858708710963279e-01 -1.089874584827906362e-01 -1.284503644979162196e-01 -7.989120284018957907e-02 6.025827130278210014e-02 9.999996919287875707e-01 -2.787145614717520536e-01 -2.835983457442144973e-01 -2.926419461250830412e-01 -1.322299993394503437e-01 5.421806708095165961e-01 9.193385062381860262e-01 -3.339644253451723444e-01 -1.697369177973138410e-01 9.970442245831618866e-01 -1.742495440555947572e-01 -3.120585064621166360e-01 -8.834798057011365724e-02 -1.145551043235923244e-01 -2.463743485295740443e-01 -2.079996336067596874e-01 -1.113481501374970761e-01 3.262684733488802613e-01 9.996708773111676605e-01 -1.806089229356885317e-01 -1.247160182575337839e-01 -1.300319284339895298e-01 5.610389404341514785e-01 6.722435077522330438e-02 -1.432434736709007617e-01 8.406379445552956131e-01 -2.605093208852010678e-01 -1.691094759086528287e-01 -1.108617555640244168e-01 -1.229039832990673209e-01 -1.288965027261653185e-01 -8.382592439943978291e-02 -1.094489222636605419e-01 6.008977523014714661e-01 -1.020925206936032642e-01 -2.177388053008685320e-01 -2.968890276847490073e-01 -3.035242724403809378e-01 -1.664552179016623445e-01 -2.823492214700362157e-01 -1.106477252734736627e-01 -7.607787907082866341e-02 -2.827110729595245231e-01 8.108752207178161475e-01 2.380110945978337333e-01 -3.003741097025843243e-01 9.999997000324731822e-01 -4.209831181281761259e-01 -2.060865195175538844e-01 -1.590890450652126253e-01 -1.135114574000692100e-01 -2.097724319886363487e-01 9.999998495768709361e-01 -1.547767007010588669e-01 -2.085429371137766663e-01 3.241048920594197247e-01 -1.115132096132862988e-01 -2.883901129259575091e-01 -2.769223622592384415e-01 -2.189854563688425626e-01 8.788937583239858631e-01 -1.592512650054464796e-01 -9.696082725292715088e-02 -1.654282533235223451e-01 9.997843879348989882e-01 -3.210777536212942596e-01 -2.560172911280689245e-01 -1.383282527211125712e-01 -4.172766176117698733e-01 -1.129953748268407721e-01 9.832124812300848671e-01 -1.072863119316132541e-01 -2.143476792112399554e-01 2.860692607054444170e-01 -1.803834274964281059e-01 9.999990696410328006e-01 6.287561622696404839e-01 -3.334337995725749626e-01 -1.107266431147779090e-01 -2.129243474493865418e-01 -3.171261535308128043e-01 7.838823012737937690e-01 -1.729711363915133748e-01 -1.525739547609600566e-01 -3.736654038541381562e-01 -6.866669537928571376e-02 7.819328732386048308e-01 4.559843033817774782e-01 9.941401489987001794e-01 -1.103328293861091519e-01 -3.083682486660795363e-01 6.368744975851322598e-01 8.241836655666928690e-01 -2.899102533001924331e-01 -2.485567477924450486e-01 -1.174451123918226758e-01 -2.711107415797185949e-01 5.896325736995639000e-01 9.993224173549174472e-01 4.640779245622357885e-01 -1.319246626308399339e-01 2.079943609532549365e-01 -1.105983878288038513e-01 -1.259499032759545945e-01 -1.044957880745117224e-01 -1.158314542570022670e-01 -1.133475450676127705e-01 -1.167719628451625441e-01 9.570108169403779286e-01 -3.356266200041000403e-01 7.654954334923308457e-01 3.514713333792455763e-01 8.123490584002633907e-01 5.741482624726642614e-01 -1.670969321895680038e-01
1.266321242033412175e-01 -3.478229918128975529e-01 8.149288643597265569e-01 1.000000000000000000e+00 -2.656510664752641526e-01 -5.307842712400405727e-01 -6.535588377732695076e-01 -4.290892856181987014e-01 -3.597639569948983540e-02 -2.698003353513325209e-01 1.113708218109137615e-01 3.751153245238025291e-01 -6.205449774410808361e-01 -2.271643258690814460e-01 -3.421641410469666300e-01 2.748238145706287661e-01 9.512746393920993304e-01 -5.234863361992126984e-01 -1.448222809516035992e-01 -7.032117565747071641e-02 -1.791047227804190844e-01 -2.083629459708011833e-01 -4.903905572000410995e-02 1.645517458153855639e-01 8.148441262904740912e-01 -3.340256973315651745e-01 -3.183568793026626542e-01 -4.393246885195635221e-01 -2.136942731719910782e-01 6.293076567038474733e-01 8.788527127714979015e-01 -4.502542181514744279e-01 -2.556529182348029616e-01 7.938655134876455577e-01 -3.058246599195345028e-01 1.635717705226256147e-01 -1.562942960545392612e-01 -1.807875377741844924e-01 -4.531092862064248217e-01 -4.505774179682178748e-01 -1.808581577991816569e-01 5.643216819830697561e-01 8.239428652566924693e-01 4.412292161621089032e-02 5.973575139813770002e-02 -2.952757182602879227e-01 6.297747271793113777e-01 -5.888990696632381144e-02 -1.628170854167718673e-01 9.672584684549550005e-01 -4.034833192909474398e-01 -1.152496310834045939e-01 -2.302258881247228051e-01 -3.957080921563795872e-01 -1.895696058094804293e-01 1.034122867177927618e-01 -2.294962124386803748e-01 5.168570389633807549e-01 -2.355997279419610735e-01 3.065168814200059429e-03 -4.934024166046349635e-02 -5.334755991875437253e-01 -3.050292150295155769e-01 -4.388742893254237165e-01 -2.301457145976936736e-01 6.094216984583039620e-02 -2.018218599988633732e-01 6.614460261306283062e-01 2.494492144230262276e-01 -3.097172795380683796e-01 8.149696007287386967e-01 -4.630107629355786347e-01 -2.199385269027553103e-01 -2.504647522388495640e-01 -2.318201250724936380e-01 -4.129946156844371274e-01 8.148393584390649647e-01 -3.361192032351270065e-01 -4.023183132605787637e-01 4.113056845502408021e-01 -2.305702864852764988e-01 -5.003962997591729911e-01 -4.323280322217355476e-01 -2.586478592325617276e-01 9.342374012229296421e-01 -7.448053343829071082e-02 -2.192052678459313064e-01 -3.117958930890254443e-01 8.098187725730621178e-01 -4.525976612060583215e-01 -4.206871153526935969e-01 -2.000693118300041762e-01 -4.025499999659048478e-01 -1.815121720191741339e-01 8.127837547084383329e-01 -2.250367223948704920e-01 -2.104957694693758985e-01 8.217125952347349715e-02 -5.814061416032865331e-02 8.148085569659725413e-01 4.877518405355658060e-01 6.722158480470283304e-02 8.401333978258507251e-02 -2.403133055134361040e-01 -3.375622428732031333e-01 7.011609303159892503e-01 -3.789878585328378402e-01 -6.157711045173620140e-02 -3.655791491466160448e-01 -2.353214184884943883e-01 5.748883448089860959e-01 3.016413004392433095e-01 8.541489101037972320e-01 8.440386976615056602e-02 -5.520916499701947755e-01 4.609982332997680232e-01 6.737470217626225777e-01 -4.679046576341352459e-01 -3.404163962504238028e-01 -2.392649386451594640e-01 -4.655526931933661183e-01 3.471881689455041387e-01 8.107915006970020100e-01 5.012282933306861921e-01 -1.835643115587596852e-01 2.559093264155610781e-01 -2.294022126340758694e-01 3.441314850345319337e-02 -1.809867463889242301e-01 -1.775068485258219919e-01 -2.289314958954492829e-01 -2.013363097006740932e-01 8.152375360062438236e-01 -5.059142494817642222e-01 9.719522940123276333e-01 3.549429911834412477e-01 8.566634214701644989e-01 7.115790568727810017e-01 -2.927953814863644144e-01
-1.490512470777183018e-01 -1.300040394684211231e-01 -1.326570631118024757e-01 -2.656510664752641526e-01 1.000000000000000000e+00 2.270788432919510491e-01 -1.260938346596805204e-01 2.172710019740811682e-01 -2.307182783526757208e-01 5.579551500183154156e-01 -2.556306114579124933e-01 -1.796548889915470792e-01 3.342100815258315372e-01 -1.284329595448064631e-01 6.258797632714191428e-01 2.056963559723837542e-01 -2.961192550402086954e-01 3.353775857403771266e-01 -2.451618985041670862e-01 -2.715573279568347376e-01 6.844511041593293044e-02 4.794986272967510094e-02 -2.138971423317462539e-01 1.613467002727996535e-01 -1.326668158226266825e-01 -3.256053008075781574e-01 1.172686987172509160e-01 3.417407488197189425e-01 -1.530168357807723811e-01 -3.009761168021132249e-01 -2.277554048226309025e-01 -3.813980271681308154e-02 -1.974053599767602030e-01 -1.280400630330543743e-01 -1.004692551999940842e-01 -3.031885652510489249e-01 6.614643726904485821e-02 6.208449102384819979e-02 1.409974034225183470e-01 -2.581882995219428878e-01 6.826607658059311023e-02 -2.503136495643296100e-01 -1.366487438539531474e-01 5.073749600209874755e-01 -1.204164131988249564e-01 2.306707211191072193e-01 -2.069085763242983211e-01 3.364363136813010025e-01 3.009781687179027831e-02 -2.287221797976227433e-01 2.286594118233385153e-01 -4.809313435602683567e-02 -1.270355647645514119e-01 5.205844661053282002e-02 4.951851751505532973e-02 -2.404745922022817339e-01 -1.350637295869615007e-01 -3.714504025450363067e-01 -1.305189715507709680e-01 -2.410149032198672658e-01 -1.980755733612631631e-01 2.326226434076302252e-01 -3.747751982168725376e-02 -3.109794414909776705e-01 -1.268947690525799588e-01 -5.177393483576857303e-02 -1.921268216271938278e-01 3.073368222109625902e-01 -3.455374514430298860e-01 3.737202851423914174e-01 -1.326674036413887370e-01 4.905724347005911978e-01 1.737501535177703518e-02 -2.702270363825748922e-01 -1.282727533167087319e-01 2.274113380119864303e-01 -1.325924129265022289e-01 2.295384010314200918e-01 2.708176616195817621e-01 -3.728009155150648901e-01 -1.272595945893830738e-01 2.116775848000538862e-01 2.125970253181419523e-01 2.033824683343486706e-02 -1.779605274443115670e-01 -1.836320995303528658e-01 -1.301816806903186019e-01 -5.768738238796670276e-02 -1.149988956548966546e-01 2.640028504784012742e-01 2.474050009571558129e-01 -4.944002362577435555e-02 2.522688315209700161e-01 6.602986287169268498e-02 -1.594929047512805564e-01 -1.288439806869598747e-01 -2.449320029800762244e-01 -2.665203446341701810e-01 -8.888459974167883804e-02 -1.329870682088459821e-01 4.010444141277273444e-01 -1.020422901031371732e-01 -1.328223346597994792e-01 -1.333037336822936181e-01 1.453598309388844934e-01 1.940707350738440085e-01 5.056581532645775673e-02 -2.774382881181498006e-01 4.356529741233602926e-01 1.606336822741041837e-01 -4.694840794021579167e-02 -3.249505512114672090e-01 -1.450078399556281872e-01 -1.328609564282948463e-01 1.543525422508226219e-01 3.620104646744790600e-01 2.640528462747482319e-01 1.993464072781634955e-01 2.302618972559487553e-01 -1.299759106599948921e-01 1.536554815954085107e-01 3.465654398278933401e-01 -1.422151751914228768e-01 -1.994848149330966103e-01 4.547349384010669626e-02 3.588034172231683860e-01 -1.276197539515844248e-01 -2.195780967274079953e-01 5.948681294216041221e-02 6.438627800853766181e-02 -1.310003306427287018e-01 2.404446907608735196e-01 -1.838693519777897800e-01 2.426112675352425085e-01 -2.644122313337619601e-01 -5.009881681727568203e-01 -3.477769891751109760e-02 -1.659496623934384740e-01 1.190161954292103946e-01
-1.720675101913630989e-01 3.736156410865920097e-01 -3.424518438508464824e-01 -5.307842712400405727e-01 2.270788432919510491e-01 1.000000000000000000e+00 7.576308160388569579e-01 9.220844109351936657e-01 -8.872752376408217512e-02 4.412002427311059738e-01 -5.535270200711398525e-01 -5.298595324958490504e-01 9.776669706067792065e-01 -4.452542980743510181e-01 -5.211218634161555313e-02 -1.563116721897046535e-01 -5.323197608618496224e-01 8.057982169550718110e-01 2.930087685229451067e-01 -5.751659923245043549e-02 -3.131527559858292564e-01 -2.728677979990624669e-01 -2.263339344024527244e-01 3.075861641619201739e-02 -3.421248789211520647e-01 5.573394415323121853e-01 7.535858091019963512e-01 8.962043691005986412e-01 -4.685603356128817953e-01 -2.292874125169027666e-01 -4.303280514570529403e-01 8.613114211527224118e-01 -3.982320737891170692e-01 -3.740428684153013772e-01 2.681665651461195843e-01 -4.065345877850459200e-01 -3.082285799735312026e-01 -3.172633438111724380e-01 8.532881266751138893e-01 4.779346948838414932e-01 -3.128736891757920024e-01 -1.852589996922844318e-01 -3.552938194775260294e-01 2.322942759306520777e-01 -9.647372729777498046e-02 -7.890795927693131095e-02 -1.378951022038640839e-01 7.525617923071796778e-01 -3.539944017065586590e-01 -5.211062674701982811e-01 9.118349166234444025e-01 -3.735616249361587982e-01 -4.437592851026764262e-01 8.788710963213204330e-01 -3.139431861881930019e-01 -4.508461506896986326e-01 -4.387774224211635210e-01 1.351018092741305965e-01 -4.591553743088805928e-01 -5.499094126200442245e-01 5.166429479403404634e-02 9.586920033640909944e-01 -1.556746390434116632e-02 6.959240230202350386e-01 -4.435715377672944104e-01 3.702304261509760108e-01 3.525854720526044872e-01 -3.610171935285340639e-01 -2.374184782880432165e-01 4.407408599526874138e-01 -3.422290212033850532e-01 7.779919580740243257e-01 6.013065085629143436e-01 2.113572169539847945e-01 -4.420199202549109363e-01 8.797795877434838596e-01 -3.422416987247086095e-01 8.600123687799579031e-01 7.026517836773589210e-01 5.317963202853460969e-02 -4.432617532257296378e-01 9.840509780643974524e-01 8.990144564177036113e-01 5.203267966057000260e-01 -5.277123447885482266e-01 -5.680886034762777648e-01 -4.482513054700100752e-01 1.069666463469061968e-01 -3.399985253723005751e-01 6.839778924636925606e-01 8.604382540188463269e-01 1.314148081799019763e-01 6.680520817455345428e-01 -3.118094399628185687e-01 -4.414966845474298518e-01 -4.475767799572564209e-01 1.928709330134551481e-01 -2.667471819145935674e-01 2.357808827654334777e-02 -3.418036560342939678e-01 2.399953028108314790e-01 1.127716171843977898e-02 -1.302790392110718121e-01 8.147735466600676546e-02 5.145575011995996428e-01 -9.765707679501620109e-02 8.639448532570318529e-01 -5.237061607648382244e-01 7.314834028489360929e-01 6.646322527910383249e-01 -6.210179171591138567e-03 -1.643412492550217485e-01 -3.792705712240267424e-01 -1.304285448942502090e-01 5.519406281279506388e-01 2.405598003875275004e-01 -5.992506295192509547e-02 9.635703122702775625e-01 8.039388616572691326e-01 -4.398273875991842163e-01 9.488641600820121313e-01 2.655543594390549211e-01 -3.352250494210242682e-01 -1.018619888453757283e-01 -3.061968833732450213e-01 1.754665486944216868e-01 -4.441128957061939442e-01 -5.519245623622354158e-01 -3.346301769063310116e-01 -3.136578515246487564e-01 -4.457758746750550838e-01 -2.453041549671113875e-01 -3.796931333244724649e-01 8.404510500271616946e-01 -5.594991132522028066e-01 3.524222028984708155e-01 -3.530362185935158603e-01 -3.704935432196068690e-01 -7.802154462964204507e-02
-3.228035782177754442e-01 6.485149800879198567e-01 -3.951776409286592573e-01 -6.535588377732695076e-01 -1.260938346596805204e-01 7.576308160388569579e-01 1.000000000000000000e+00 6.970971419242163458e-01 2.993251102806741143e-03 1.962662419759481636e-01 -4.500187473175085717e-01 -4.741722973791624440e-01 7.713993753539041265e-01 -2.645837557931010053e-01 8.761449197160038616e-02 -5.075904037800824664e-01 -5.196711036074720402e-01 6.865791528912573716e-01 2.140571928323964923e-01 1.557910799019239338e-02 1.789052010270837656e-01 2.256400496122288601e-01 -2.594808195852200683e-01 6.386856069350502207e-02 -3.948421719713100519e-01 5.538230974762731185e-01 5.877106511155627544e-01 6.410579333011898751e-01 -3.070154571871856475e-01 -4.002578270697482177e-01 -5.674693133448772686e-01 7.519947956366486164e-01 -2.467548865633305555e-01 -4.150620384510875782e-01 5.523861126175447778e-01 -3.019064999253796011e-01 1.673982781618018334e-01 1.732680503295910002e-01 7.647316492985625214e-01 8.044221313499438919e-01 1.794754830367153442e-01 -3.712064076353435715e-01 -4.093802471884793737e-01 -1.360852346895378151e-01 -2.490515086672936695e-01 3.226234965328681481e-01 -3.478288327359011500e-01 4.439814013651202651e-01 9.939851156499762697e-02 -6.203410765458681198e-01 6.729669996650053942e-01 8.114599228525709584e-02 -2.621230674581250253e-01 7.816521683985120372e-01 1.785825377168963612e-01 -3.714015697077263645e-01 -2.566161018464303001e-01 1.836450929667894916e-01 -2.439502014382315398e-01 -4.297208522309143852e-01 6.590824895238350800e-02 7.296661866069692470e-01 4.079294107946073722e-01 7.806128346533549589e-01 -2.620120832484194029e-01 2.388976585278159981e-01 4.331055577995121530e-01 -3.969036017586544673e-01 -1.131559521291753273e-01 1.300055267856850272e-01 -3.950076348230478485e-01 5.260769129278654033e-01 3.599625384534931860e-01 4.819368437033208497e-01 -2.611414245183837357e-01 7.283583304234869660e-01 -3.949016394573973132e-01 6.383859114581008631e-01 5.545007319289956271e-01 1.546508805227828631e-01 -2.619905906300991627e-01 7.759146415409973185e-01 7.073671142520977506e-01 3.940008040499144437e-01 -6.540857155999950656e-01 -4.011247207588039543e-01 -2.676183639307700424e-01 4.334701334930610717e-01 -3.996821112583434088e-01 5.004215802494321741e-01 6.949013985294867357e-01 2.195180308828653115e-01 3.206663034820058100e-01 1.809225814291638146e-01 -4.489787257321757874e-01 -2.656757905354494298e-01 1.877857632071370519e-01 -1.174530590603033720e-01 -1.462382979729009713e-01 -3.944653220975762875e-01 -2.150929063559521570e-01 -6.067650737483760298e-02 -2.828675615324109938e-01 3.414428118758517372e-01 3.047334865989467789e-01 -4.120807831782103969e-01 7.503886867031770436e-01 -4.527132385882682852e-01 4.910741327086706742e-01 4.865043961875729073e-01 -2.018149364131620049e-01 -8.111197585517215813e-02 -4.263123844058388512e-01 -2.830447407849874253e-01 6.073261123489970270e-01 -1.585392407049250885e-01 -3.379789098816436410e-01 7.445753089075500819e-01 4.475587819991825866e-01 -2.516815007888216216e-01 7.814938405990313752e-01 2.926526710381990252e-03 -3.893195875635493963e-01 -2.854222666836541134e-01 1.814237234065324000e-01 -7.350341007575258989e-02 -2.632027489297762979e-01 -3.929087738273059904e-01 1.678241945966712501e-01 1.736214127973376153e-01 -2.630899761090045863e-01 1.419054744660006029e-01 -4.482271804279908678e-01 6.359621548977797412e-01 -6.176189046149281880e-01 3.222981005773090102e-01 -5.875741334198417709e-01 -4.369826048827466503e-01 3.522214940569993735e-01
-2.999512320064697257e-01 1.575107931721658194e-01 -2.711252631854679795e-01 -4.290892856181987014e-01 2.172710019740811682e-01 9.220844109351936657e-01 6.970971419242163458e-01 1.000000000000000000e+00 3.591908305993236211e-02 6.090360779330026286e-01 -4.567210485160165256e-01 -2.966464591637746340e-01 8.562799711760553656e-01 -4.272819248581615770e-01 -1.449014571734664747e-01 -2.659729465453128938e-01 -3.764906482014376277e-01 5.669077540918047164e-01 9.812854746715998777e-02 4.386936997139016803e-02 -3.578388090887143491e-01 -3.191355814087856180e-01 -2.796653233631952173e-01 2.789214793456932795e-01 -2.707891758367654278e-01 3.943955624016326489e-01 9.369222143093595134e-01 9.849325234045319677e-01 -4.688736907851692171e-01 -1.944345864613581387e-01 -4.113232395142080722e-01 9.437622567887352654e-01 -3.727873549845471812e-01 -3.111962618333257158e-01 6.727749205575130585e-03 -3.665826806343472355e-01 -3.572966950529054553e-01 -3.688248896913534636e-01 9.721322110814996087e-01 2.747501434553324406e-01 -3.577501119738645818e-01 -1.119574448174203984e-01 -2.807987952220909467e-01 4.363168803014118025e-01 -2.632907791585178403e-01 -1.218885913018522005e-01 -6.867582827178163318e-02 8.622448613058184552e-01 -4.377241513866336753e-01 -4.133978431518373076e-01 9.825027917974886726e-01 -4.649921364995344697e-01 -4.258421215784180536e-01 8.716363318049995534e-01 -3.611551568656243272e-01 -4.293066003253445673e-01 -4.246510440506024442e-01 2.324117104717133009e-01 -4.505960994986563661e-01 -4.548178081510734216e-01 2.538548382892875099e-01 8.017286848622402484e-01 -4.462717644214693469e-02 5.443378669298127859e-01 -4.255201759294300334e-01 6.448645436358302341e-01 6.015986906958463720e-01 -2.306707227711801422e-01 -3.390579399735633159e-01 3.730172117209472060e-01 -2.708746815391618323e-01 8.962011605577886453e-01 4.829661930056964314e-01 -1.453957419011831648e-02 -4.254015385008200756e-01 9.736383632902420038e-01 -2.708784703631869628e-01 9.849150649875247909e-01 4.994858262452277486e-01 3.319173388767002741e-01 -4.255709766343896416e-01 8.875464474988078445e-01 9.943591866856283934e-01 2.642190899329325271e-01 -4.453069286774411495e-01 -4.903958539220018009e-01 -4.306238067523715518e-01 8.871925817970184591e-02 -2.693499438003498780e-01 3.756649301079353909e-01 9.788996777120330117e-01 -3.029710147611376636e-02 3.888485988124350534e-01 -3.576185446807426116e-01 -3.943761482905024374e-01 -4.285840257583935498e-01 3.166542179496986686e-01 -3.528601760780375463e-01 -5.511744934155878711e-02 -2.706958357991393060e-01 3.735006317721668578e-01 2.024056660687562903e-01 -2.767859915082214739e-01 -2.120242775643088329e-01 2.842345084607935668e-01 -7.014230239639994424e-02 9.159070885754021507e-01 -5.310306747723620990e-01 8.587519395636230568e-01 4.243408117182403960e-01 -1.257574817493945785e-01 -2.880837967688552603e-01 -2.914654552138521981e-01 -2.769872189889510117e-01 5.072180282297976683e-01 3.643184739494359503e-01 -5.911488406700914078e-02 9.655964343217965373e-01 6.074201512523553781e-01 -4.202878055365283916e-01 9.773614262120489116e-01 2.909436846468280713e-01 -2.718011562684436444e-01 -1.309488199233249939e-01 -3.764147042836437640e-01 4.505356751742186083e-01 -4.264334957588976072e-01 -4.611602607200550596e-01 -3.767672175963924230e-01 -3.660196101214688302e-01 -4.260873845654458703e-01 -3.068175721098555520e-01 -3.308753116911566927e-01 5.991057386930419559e-01 -4.220408228899338310e-01 5.068675811418746902e-01 -2.720509595588349039e-01 -1.485203020049639666e-01 -2.333929832003868166e-01
-1.498113237411554666e-01 -3.253142785184997554e-01 -2.072101500034481403e-01 -3.597639569948983540e-02 -2.307182783526757208e-01 -8.872752376408217512e-02 2.993251102806741143e-03 3.591908305993236211e-02 1.000000000000000000e+00 2.005015159738750621e-02 4.008663146359126017e-01 4.986523995676160337e-01 -1.473114024996758087e-01 1.872494072114535002e-01 -3.231264402519112289e-01 -2.651337670508088773e-01 -1.195583534861127256e-01 -1.619750885979883148e-01 -3.680136812838020188e-01 9.728901054744276689e-01 -2.093257099961673695e-01 -1.270924983381621354e-01 -8.369986090610567753e-02 -4.169880128008583015e-02 -2.070933731113866749e-01 1.550498620043047615e-01 1.516632583985376703e-01 -1.303857724151718384e-02 1.730742818892792023e-01 -3.482513182171773081e-01 -2.709818361072053872e-01 1.210204063105189409e-01 8.810708815281333151e-02 -2.196743851770940337e-01 -2.984606290105042969e-01 2.385334485575931751e-01 -2.312111746805103063e-01 -2.189580637480585679e-01 1.328115388558924193e-01 7.063672990685562758e-02 -2.088095918517166860e-01 -9.838727315230545722e-02 -1.944522434258734722e-01 -1.033933564731760596e-01 -2.326846321464638434e-01 -4.282775500950941616e-01 -3.150635901110956927e-01 5.348313482061902574e-02 -2.594953607988260136e-01 1.913353791756698902e-04 7.670422302874650711e-02 -2.233131204932368163e-01 1.893389885733282596e-01 1.761720338894411930e-01 -2.228210194174314318e-01 2.980499776505551313e-01 1.900770227012304192e-01 -9.667059107194053702e-02 1.685634567360823899e-01 3.936400192835936007e-01 2.644170651855232701e-01 -4.291276836037491438e-02 3.416674184540873238e-01 6.005362692694168197e-02 1.894686340372394029e-01 -3.570326089190804797e-02 5.662048410634116236e-01 -2.751336031642026003e-01 5.096925364259767555e-02 1.155130685877741453e-01 -2.072100145138328631e-01 3.515117152276175938e-02 2.877689306315115098e-04 3.202201642568870688e-02 1.901714148663405102e-01 -5.473923593663847578e-03 -2.071445379329154013e-01 8.575796315120868749e-03 1.775128678318314279e-01 2.582207640872934418e-01 1.885005289582664112e-01 -1.879707646740401417e-02 4.716143207559241046e-02 -3.070118854519703899e-01 -8.537485133083737299e-02 3.733361611963980642e-01 1.857435487330676427e-01 5.059585592117263886e-01 -2.108468277069871777e-01 -6.864494258749508082e-02 9.495401308072058677e-02 2.595288016686638222e-01 -3.834722312016637380e-01 -2.061763574110790920e-01 -2.534541954555817878e-01 1.908084204745287282e-01 -2.653682315468111064e-01 -6.870599274381499963e-03 -1.570273293512557677e-01 -2.072005431130145570e-01 -2.721827724946650484e-01 2.504387102952611022e-01 -2.073054564421594470e-01 -3.985345424817157145e-01 7.281166823652468478e-02 -3.096207083767423263e-01 2.886803766637916491e-01 1.006925620444693442e-01 6.167613993484747335e-03 -3.409797822820063162e-01 -4.451351678861520389e-01 -1.500601275004220525e-01 -1.391132892117747100e-01 -2.071636607658038920e-01 1.412360131013393472e-01 -2.290352062415601797e-01 -2.981244195635595062e-01 3.001671222516559545e-02 -3.494836386848949039e-01 2.106929469132512445e-01 9.765840776186363037e-03 -3.788974229298937568e-01 -2.141942474117556061e-01 -3.175535566621498496e-01 -2.266558509232273200e-01 3.547414812217464797e-01 1.885156438953751734e-01 4.409022382457836731e-01 -2.052311507091136855e-01 -2.201420032743348631e-01 1.907681541853820106e-01 -2.945915176165225247e-01 -2.708381311064937957e-01 -8.750180486905907717e-02 1.818636225685552402e-02 1.995209171114345204e-01 -1.507222986056679370e-01 5.862964115553391808e-01 -3.389455258122344161e-01
1.349229216450124891e-01 -2.344955216942641307e-01 -2.382590783706240167e-01 -2.698003353513325209e-01 5.579551500183154156e-01 4.412002427311059738e-01 1.962662419759481636e-01 6.090360779330026286e-01 2.005015159738750621e-02 1.000000000000000000e+00 -4.536601428544888570e-01 -4.915291944602358937e-02 4.224219100548475270e-01 -3.723663327760490804e-01 1.909754252980725153e-01 2.767281142295048291e-01 -1.744464950427107863e-01 1.179914834181044619e-01 1.139116062251575162e-01 -8.654045771562204892e-02 -1.126379553542112416e-01 -1.092001162652867785e-01 -6.500364840340641104e-01 5.034105465987459560e-01 -2.384699886497904930e-01 1.861391846582668430e-01 7.149693859497463500e-01 7.260947043838217319e-01 -3.648271355315815812e-01 -4.484338375186125436e-01 -2.837583006549625475e-01 5.772371442447720158e-01 -2.910789608175226029e-01 -2.733775436635352274e-01 -3.059349824271494489e-01 1.002493356266804803e-01 -1.488498902089568643e-01 -1.157505823838164000e-01 5.924732085274241333e-01 -1.617251169112350062e-01 -1.117962880525044528e-01 -4.320848230232459120e-01 -2.478932766564161116e-01 6.952704671831037020e-01 1.191057155478295465e-01 1.568743268944414182e-01 -3.533702551156347460e-01 4.804442990571378691e-01 -8.353173873972279118e-02 -1.560711532996955642e-01 5.064056451195173558e-01 -1.049430518062273027e-01 -3.716843863676513871e-01 3.453462420379153630e-01 -8.404820334711358976e-02 -4.949654962467987529e-01 -3.795031029793201616e-01 9.040277600600844787e-02 -3.977677510739813238e-01 -2.160694769167832152e-01 4.248274944337237513e-01 2.974402992030238391e-01 5.696962748525559103e-03 1.506275149008058922e-01 -3.716757184758898158e-01 5.800132138544262794e-01 4.641249928705328265e-01 9.378404752361041430e-02 -6.142229870886172227e-01 6.649133883596514139e-01 -2.384743663794192670e-01 7.423475771090835007e-01 -2.744871380306196373e-01 -2.984448666901210606e-02 -3.713481865111479818e-01 6.473523453377582060e-01 -2.383100814362255904e-01 6.052144645077677243e-01 1.833349370953177015e-01 2.715189929045133677e-01 -3.715407607130647993e-01 3.545394036871356014e-01 5.801270382799654790e-01 -4.113052110411176687e-01 -1.554637681048503806e-01 -3.371789004240146603e-01 -3.775429915932735359e-01 5.900848558545857686e-02 -2.324623740720892784e-01 6.813155513545794857e-03 6.006222119640610702e-01 1.591355090657083082e-01 1.150605001670879368e-01 -1.116756419320471677e-01 -2.633739948814053378e-01 -3.734817203940211661e-01 -4.150781224169545341e-02 -5.948070467492925228e-01 -5.067208395005768917e-01 -2.388864538569784868e-01 3.655800988630980575e-01 3.286093248379005904e-02 1.284858598131610463e-01 -2.216774277944299210e-01 -8.070638880016604844e-02 -1.839040688471477447e-01 4.444866623311437004e-01 -2.192167685856178105e-01 6.182414344092101999e-01 2.003567348853224073e-01 -4.307655559645518495e-01 -7.057578334548629817e-01 -2.399529271226292781e-01 1.283051490337828449e-01 5.942808528777224764e-01 1.883521363973371388e-01 -1.261572388645995357e-01 5.958137678986585861e-01 3.999692788864156467e-01 -3.675823771402599860e-01 5.380618001562667008e-01 1.939222631570361177e-01 -2.648933719277168919e-01 -5.289127253922751848e-01 -1.148832832439835722e-01 7.540015824582437798e-01 -3.715265347378191030e-01 -3.514572878134748501e-01 -1.267767260226492221e-01 -1.111522101437249915e-01 -3.690832413938365253e-01 -7.873172057489928599e-02 -3.990093856132895800e-01 4.113644880562249140e-02 -1.458573485473954323e-01 -1.282869118228487613e-02 -3.605587397778599046e-01 2.870616857915149131e-02 -2.114713188839654479e-01
-1.647668757741800050e-01 -2.512646815571695780e-01 -2.401550668097385821e-01 1.113708218109137615e-01 -2.556306114579124933e-01 -5.535270200711398525e-01 -4.500187473175085717e-01 -4.567210485160165256e-01 4.008663146359126017e-01 -4.536601428544888570e-01 1.000000000000000000e+00 7.721897915532149881e-01 -6.067196026084274996e-01 5.693361584890194171e-01 -2.538425270089530450e-01 -2.802809733130867675e-01 2.487058004825042773e-02 -5.882988566657820773e-01 -3.814109131373441541e-01 4.302797697221578677e-01 -9.971116820415563964e-02 -1.214333437795063753e-01 5.853288260563300760e-01 5.530387023381207884e-02 -2.400826108568505368e-01 -4.977002038161033037e-01 -3.259656345078112971e-01 -4.937932004744861048e-01 5.625840468800015204e-01 1.207875971995789610e-01 -1.912126386344467632e-01 -4.390845183181520395e-01 5.135103201690235375e-01 -2.180952291812519594e-01 -2.430049607921638544e-01 3.710183664650858471e-01 -9.426741018894899127e-02 -1.048802238552089122e-01 -4.322816296799343871e-01 -3.937107880770506219e-01 -9.918962673471984348e-02 3.764491140419988779e-01 -2.166122890205493534e-01 -4.870503180359986306e-02 -2.560777181687589055e-01 -3.547471103806988380e-01 8.262965231656491105e-02 -3.772425888889181511e-01 -1.509278527165164863e-01 1.282966871037134055e-02 -3.628163985478539133e-01 -1.053162859091004433e-01 5.701111528939641904e-01 -4.789271318169325831e-01 -1.234019193857977814e-01 8.461361319680555937e-01 5.690138044439069231e-01 -3.678626881359639555e-01 5.590444148012658765e-01 7.950296711711516418e-01 2.896533010756112136e-01 -5.931119114328763375e-01 -2.468357686870920331e-01 -5.139177733084928645e-01 5.702070754922928808e-01 -7.606958223843622580e-02 1.340298849383260715e-01 -2.563804150853509767e-01 4.040777127334868601e-01 -5.732117031648631400e-01 -2.399906557062181645e-01 -2.656570540925805024e-01 9.886307197201675556e-02 -5.441998383498027891e-01 5.696635396152053277e-01 -4.996110041580273942e-01 -2.401393632866430650e-01 -4.352371892744479331e-01 -5.852327563717526493e-01 1.154291982967804806e-03 5.701193852794288475e-01 -5.556952414868961965e-01 -4.046969365656265527e-01 -4.705687479100464921e-02 -5.764063911739587820e-02 7.877317537608471421e-01 5.669732317024679391e-01 -2.697040543474616969e-01 -2.411725210873044145e-01 -4.621705814867833606e-01 -3.654185479758488841e-01 -5.220107287698264598e-01 -4.148218534718811634e-01 -1.007110392941784754e-01 -2.487935561337741297e-01 5.730364736320028296e-01 2.085158200407234430e-01 3.246606009130300063e-01 4.383124318817542830e-01 -2.401743621738135770e-01 -3.609801301520094707e-01 5.846712178465418575e-01 -2.340757067510708944e-01 -3.218950531305699303e-01 -3.034916675853701618e-01 -1.862722040689115399e-01 -4.249831254274842318e-01 4.514389367214287629e-01 -1.665276346665573448e-01 -6.495687937041173532e-01 -2.568031104043642654e-01 2.171729642369902846e-01 -1.771655376900807544e-01 -2.342057260001497998e-01 -7.127524653037290436e-01 -2.539626823696025104e-01 -2.464985092957105439e-01 -6.005399746486604906e-01 -6.552673996765746578e-01 5.674136898031491016e-01 -4.986606145439232973e-01 -3.959820984891130324e-01 -2.309217883605736155e-01 1.041619147713564314e-01 -1.249509813265666791e-01 -2.219150415444205715e-01 5.698898056758213704e-01 8.453615148100007692e-01 -8.182899602718307630e-02 -1.081166373920665613e-01 5.734534679230254284e-01 -1.255736940731088935e-01 -1.209021583141727668e-01 -4.318109286354623322e-01 1.010984018396551415e-01 -1.555467591260168980e-01 1.492896752238371816e-01 2.131489691009523513e-01 -1.704675514681831539e-01
