1.000000000000000000e+00 6.167073757348726648e-01 3.557756030575227602e-01 6.573394064148251337e-01 1.854946272077401259e-01 4.984571411511619643e-01 5.087788928805807576e-01 5.122404656967810554e-01 4.513549420054764338e-01 6.500094992000242655e-01 3.760879511003571429e-01 4.895085126060288450e-01 4.953309629974265715e-01 2.878853089883672278e-01 4.737136235521827721e-01 5.560493582782430888e-01 7.675799650803434293e-01 4.256513468838530323e-01 6.487620184561153636e-01 3.561522417288878195e-01 5.366326904280297461e-01 5.745737311480714204e-01 6.501245184831250246e-03 6.491303996340518356e-01 2.568812167757980602e-01 7.828111348456319174e-01 5.554409857497045744e-01 5.578999162014196544e-01 3.735879742019910243e-01 4.752956922167356213e-01 5.389188382489525919e-01 5.518148188436049484e-01 2.898993352136005619e-01 -3.018344626021805810e-02 6.889618734708470305e-01 2.780323283486291763e-01 4.771769309219558441e-01 4.052486920392948111e-01 5.158923511777244730e-01 6.546748079666222520e-01 5.363864083156407725e-01 4.932013796376952808e-01 3.157747108074467346e-01 5.501328348061915730e-01 8.437650239034976130e-01 6.472578537561235468e-01 7.286585656346642459e-01 5.202423802600419922e-01 8.312669648531989530e-01 7.107551437161511165e-01 4.831455907272678707e-01 -1.658805053541314023e-01 2.351949853945321800e-01 4.019352851736178733e-01 8.193021507251045943e-01 4.658602093942014188e-01 1.126613102174353620e-01 7.628220011846639226e-01 2.671851119153592635e-01 4.975210781710934227e-01 6.818229934070079157e-01 4.877250064718685052e-01 5.744997039212561551e-01 7.084544431737594961e-01 2.097868944800239388e-01 6.630316820385789844e-01 6.456396081208571891e-01 4.836463303089493793e-01 4.460952263282619290e-01 6.569488036165701539e-01 2.922200190303205769e-01 4.812785460503089530e-01 3.170157859397377265e-01 7.764384062663679531e-01 1.681432275338866078e-01 5.484250195235540470e-01 2.537240740348837287e-01 5.310147042000012974e-01 5.402393222474666246e-01 7.794594323200790820e-01 -5.718175224479159213e-02 4.748158271484047566e-01 5.108082460442497919e-01 2.165333154466431986e-01 6.332803065396939157e-01 3.399659218746091671e-01 6.478771248586560894e-02 5.492155835365621908e-01 2.836306439386954703e-01 4.431444390517758070e-01 5.262398032621201649e-01 7.119087804880839254e-01 3.847649909502581789e-01 4.693792543977572396e-01 3.977636284267030975e-01 2.480116148773778839e-01 2.693546664588485351e-01 2.522568472106869741e-01 1.151238751777962782e-01 2.457706201678531710e-01 5.931224169115694167e-01 5.021912060083150164e-01 9.095301514127573927e-01 7.228844271732780546e-01 3.899132134727401056e-01 5.354224592206719979e-01 4.456513980081594495e-01 4.749150574218238274e-01 5.266396519127436449e-01 5.771139480126127319e-01 5.017722020037209685e-01 2.985576396717642966e-01 4.692852733889463224e-01 8.825675919661327695e-01 7.053914285686717633e-01 4.698848043212388026e-01 4.408661219885994798e-01 5.406091474328742486e-01 5.349720388991531239e-01 3.488897141060178231e-01 5.353295055680127312e-01 5.156613349543689440e-01 2.832637959444296305e-01 3.382888145893593324e-01 7.305242969629573979e-01 5.859122014663428191e-01 1.800513829647090447e-01 4.660198874445504735e-01 6.219137262659741872e-01 -2.388100546166893601e-01 2.100615547230696434e-01 4.114231041970544678e-01 3.490475153815237319e-01 3.671990806602397628e-01 7.162147900398019296e-01 6.618558710513601229e-01 4.411602992421472247e-01 7.180661003779341689e-01 4.846111325174241591e-01
6.167073757348726648e-01 1.000000000000000000e+00 2.375097093728551212e-01 6.149358727223397381e-01 5.234621580810673303e-01 7.581564849494127900e-01 8.475844834653266657e-01 6.936055512394033729e-01 4.287243584320465928e-01 5.939570913503834371e-01 4.670206004978200154e-01 4.230206724344947045e-01 7.829980898789120625e-01 2.614274565097968184e-01 6.737446157786458611e-01 3.823253751802741518e-01 6.547023368678558386e-01 8.397297306558140217e-01 7.985817890701845112e-01 4.314239618210926053e-01 6.956812453313764300e-01 5.994376895743402933e-01 4.505912896360752540e-01 7.525346229465736947e-01 2.094157637439859887e-01 8.254602161936176463e-01 6.655777348817529804e-01 6.876075796697057596e-01 4.885009317997819345e-01 7.330351654217031054e-01 5.716971213273732699e-01 6.864803700960817601e-01 4.197063213778300939e-01 -1.732667115096713645e-02 8.945248263168319447e-01 2.907881139346422117e-01 8.252087977121387308e-01 3.913636883028191460e-01 6.873109703199913323e-01 8.255841004430632957e-01 7.884151509820893633e-01 6.211605060060698680e-01 3.134420543522891123e-01 6.729967189521566251e-01 7.280881632673507076e-01 8.631129087513789155e-01 7.060946759764179514e-01 6.953285109104753170e-01 7.527655879920694959e-01 4.621986902296664756e-01 6.946669151586882807e-01 -1.286944416729807195e-01 2.292084116050817078e-01 6.499756384664219233e-01 5.811216685614442046e-01 5.056609520620795051e-01 5.188168730150733987e-01 7.809237123958179261e-01 5.174449875036385427e-01 4.339682632140482443e-01 6.215255179436359745e-01 7.647821514595934955e-01 5.749784752590930692e-01 8.530710415544725533e-01 3.494368399186343344e-01 6.647144382344840619e-01 6.095706307057292550e-01 5.267183257005875197e-01 6.632072717360992797e-01 5.877237685660539057e-01 1.688567263602991086e-01 6.529097248786484009e-01 6.615766933384833459e-01 9.112097578206613813e-01 2.170239390520785905e-01 7.060431825715727250e-01 2.541149133419317585e-01 6.864459408862670919e-01 7.632279795528634780e-01 6.123174017172422490e-01 -3.181220724584758047e-02 7.459009285159506897e-01 6.972477284412165188e-01 7.768542725353606571e-01 2.830301108018845047e-01 3.835720020133049357e-01 1.855453453797229757e-01 5.644282146578559756e-01 2.912413866544420471e-01 7.956152022123006429e-01 6.973778858963836091e-01 7.757238453509113230e-01 7.471403815483517175e-01 6.755119324751910348e-01 4.272453739584629040e-01 2.431548031308194968e-01 5.623803933833556590e-01 5.193944731219478639e-01 4.291868101353764064e-01 2.464127215923915815e-01 6.267963796642682661e-01 5.990207191717806801e-01 6.504624972016350704e-01 9.318358687734302759e-01 7.535721757825599720e-01 6.813485537587192775e-01 6.329610153153534258e-01 6.315669708969400276e-01 6.710161758619397343e-01 8.276378912410640165e-01 6.765066955763102685e-01 5.726955297546025836e-01 3.473060008799861431e-01 6.222991231231975728e-01 7.698296061982250471e-01 6.127892788484501363e-01 6.257172910063886206e-01 7.411829634967121994e-01 7.547672849231031877e-01 3.258024303446855341e-01 7.369283230808753027e-01 5.478300923172383374e-01 3.871618975559774078e-01 7.312203345448128333e-01 7.674223232167820541e-01 5.648720028865531484e-01 2.397050706042787027e-01 4.488838727946931062e-01 6.208326256582040736e-01 -7.401118944952210510e-02 3.336394881747534735e-01 8.146220976000352332e-01 5.816045161016299980e-01 7.859209804407411015e-01 5.468455935549675351e-01 7.123519461659874041e-01 4.360668744860680679e-01 3.922575110334340365e-01 9.086577767368896330e-01
3.557756030575227602e-01 2.375097093728551212e-01 1.000000000000000000e+00 5.935271916372517609e-01 -2.030491065402964534e-01 -4.046150624691993020e-02 1.996591235054814284e-01 -2.607529775781889173e-02 3.125614434816975651e-01 9.046335068066145568e-02 4.453162937937045207e-01 3.411963287521336263e-01 -4.280320712069247274e-02 4.631949763001050879e-01 1.215737745648432823e-02 1.592116284641768575e-01 4.809358289760433114e-01 1.931922640800739013e-02 2.714257378403847065e-01 2.789350296610786928e-01 2.953952848730711511e-01 2.002039655825098019e-01 1.603012471446803588e-01 2.111405415212534442e-01 9.749271223196456226e-01 1.117186620772913225e-01 5.921821409728365154e-02 -2.345320458970521355e-02 4.213374711887388213e-01 4.773951812628280389e-01 7.478156263635998835e-01 3.367802288115097353e-02 4.912375114048077029e-01 5.565058729684828620e-01 2.863881659142687025e-02 -1.965495932129372181e-01 2.286384507524810983e-01 6.862374454777024901e-01 1.008981378678651744e-02 1.519763158043545004e-01 3.672694346736044557e-01 2.708230206656284111e-01 9.232179034496530434e-01 1.385051890328582724e-02 2.236746759014386354e-01 2.356030434982773203e-01 4.818020982017333087e-01 6.898361120917574640e-02 4.267885495662568363e-01 6.936721174101184717e-01 -1.698995675464118338e-02 5.591484871556734459e-01 5.772372635220028858e-01 5.826464581534035458e-02 2.710857588568927334e-01 2.925837069125510337e-01 -1.461861411098068220e-01 2.763081261752032836e-01 4.800492310511669802e-01 4.856990451465652003e-01 3.317818705094365273e-01 -6.479947923504923712e-02 -1.624646983898107508e-03 4.611084571352589562e-02 5.227440618886235457e-01 9.852688974275351785e-02 2.245374880938582896e-01 5.596414704219900838e-01 2.823538625739874242e-01 -6.128158859931718411e-02 9.803811851634872676e-01 -9.782321554224668314e-02 -6.977132093482406316e-02 3.603885707545665951e-01 5.407031827440799132e-01 -8.948713356472776494e-04 9.623003863561520044e-01 1.202378340140058781e-02 -1.114049536148712244e-01 3.327629211152408062e-01 2.839639074286430809e-01 -9.461058816237528923e-02 -2.845617984364960315e-02 -1.655931255097658483e-01 7.083674836260787089e-01 5.697251878618995180e-01 4.010097855067815131e-01 2.148444801265498791e-02 8.841422957139773997e-01 -9.375093616499277638e-02 -6.109406219379922599e-03 2.782419413675903466e-02 7.821245093763096179e-02 3.663785676766004307e-01 8.136440594465526033e-01 6.098738244709283052e-01 3.222364805413280991e-02 2.375515243771548768e-01 -1.353169485667208571e-01 9.655396169481765822e-01 2.834340396296958220e-01 1.374243076549350739e-01 3.050230124357464212e-01 3.308883910251904648e-01 -3.935449806218242058e-02 3.188237713233009751e-01 1.626946283582999045e-02 4.631867812907324300e-01 -5.582482113363194422e-04 -2.494437747936982183e-02 3.963104059653448363e-01 1.049183995795660018e-01 8.775437993356332012e-01 1.376798434983300679e-01 1.388063089232135783e-01 2.489882454200765260e-01 3.404841411883277047e-01 -2.346345985674180845e-02 -1.198130385316237626e-02 5.683736905977139209e-01 1.661159683201920327e-03 1.824022193986544749e-01 9.422819302817484477e-01 4.628217592322264595e-01 2.834236591096525038e-01 1.843941770118512624e-01 6.341743421197241215e-01 4.983589676904802146e-01 4.577482618003212989e-01 2.835707573579013818e-01 5.756106412523747107e-01 5.364373115205066378e-02 7.873063189016903385e-01 -1.354481606413212025e-01 5.099818396969946210e-01 1.801114705289509899e-01 4.986775649852392411e-01 3.896240225918151667e-01 3.286095563755519477e-01
6.573394064148251337e-01 6.149358727223397381e-01 5.935271916372517609e-01 1.000000000000000000e+00 1.049405038687770825e-01 4.959868935477063645e-01 5.860659042904884375e-01 5.159295015701882425e-01 6.725878227890491612e-01 4.630840700382738429e-01 8.104473094845748848e-01 7.875400363346802823e-01 4.659447454091544261e-01 4.704258537982372590e-01 2.340990179352699652e-01 4.788345803027783676e-01 9.413120055895003446e-01 4.477420384262330577e-01 6.667157531417480243e-01 6.777076072055601141e-01 4.502784885832824546e-01 5.632001455663587786e-01 3.415429178356860218e-01 7.572788249301061203e-01 5.539309976525781387e-01 6.438965102162769183e-01 5.986440031346015322e-01 4.966311821255392500e-01 5.154401039215323888e-01 8.363463306724084889e-01 8.964375704290291624e-01 5.314001827756834606e-01 5.942520332684881890e-01 2.773135825474123406e-01 4.460619343360116007e-01 3.644874749396497249e-01 5.361066762316306633e-01 3.169953845639241763e-01 5.166794381582207052e-01 5.141499922158657698e-01 4.727462709824191700e-01 8.445635395310681082e-01 4.363731418551415886e-01 6.508353636547490328e-01 5.721942607824903604e-01 4.725845670253769337e-01 7.886890830833666044e-01 5.809757465615046357e-01 5.360148692197600484e-01 9.502288875999747031e-01 5.276719312719535537e-01 -1.863325209375969183e-01 4.020476870080914034e-01 4.194735748627483329e-01 3.882998972129790283e-01 6.557754512728748431e-01 1.859640242842740820e-01 8.579428594861787660e-01 4.562194985802429104e-01 6.872160478731236255e-01 7.984172206587943910e-01 4.742292851225401451e-01 4.356481627658573830e-01 6.164935254464345427e-01 3.521349246340108041e-01 7.300346523378210550e-01 7.416608833767686093e-01 6.507341686163609085e-01 6.536336560821480735e-01 3.153618467995372709e-01 5.800662700390371018e-01 5.317127993880439440e-01 5.099291137576350552e-01 6.820567195150216699e-01 3.849625801448636198e-01 5.231914347315174130e-01 5.227400576140983635e-01 5.275431034662900753e-01 4.379672700234719107e-01 8.521505308355847852e-01 1.055724518753105995e-01 4.580851276452629350e-01 5.282571538830335145e-01 3.082713436005675711e-01 6.584168985565327370e-01 7.604924419010921088e-01 1.757460141377041318e-01 3.412369966435638835e-01 4.330415838956435670e-01 4.044897510312581157e-01 5.304486183481278427e-01 5.121638296505575116e-01 4.532303264062123027e-01 4.344247198117278663e-01 6.774523699993248993e-01 4.588517426671039900e-01 4.601564367408930156e-01 4.921709686251675153e-01 3.398549227620743518e-01 5.958362251506781337e-01 5.755355566945720147e-01 7.790742827648504676e-01 5.643267013334903881e-01 5.888194815418656969e-01 5.170940804425006032e-01 6.401706737687742343e-01 4.778290072164066982e-01 7.365541550820229322e-01 5.733737264003926359e-01 5.520890176006250094e-01 4.570503672080403201e-01 4.809446083685647300e-01 6.335621300255215305e-01 5.940206115338783066e-01 4.832101197239107582e-01 5.533950890918999388e-01 6.056087190755160554e-01 5.437712967617177595e-01 4.939951238548985768e-01 6.001887694755091429e-01 5.361720666998650575e-01 4.444326004607261349e-01 5.863472187610452302e-01 6.473710246626056541e-01 5.040419035210041976e-01 6.605619931405419809e-01 4.417055877314720602e-01 6.909199161497557862e-01 5.039346871214095414e-01 2.720985359420728389e-01 6.114398061886650027e-01 3.217463218594153740e-01 7.355430286165806075e-01 3.922978095533060094e-01 9.567186445604964895e-01 7.641608787578980655e-01 7.019900636710741937e-01 6.763860425779437691e-01 5.783440084688350469e-01
1.854946272077401259e-01 5.234621580810673303e-01 -2.030491065402964534e-01 1.049405038687770825e-01 1.000000000000000000e+00 7.719541974119096261e-01 6.370848015321969315e-01 7.249910229802419837e-01 4.020333857150351076e-01 7.770697838996699636e-01 3.614373799150101263e-01 2.963376982540552040e-01 7.914980185444754346e-01 2.037271499197506885e-01 8.668256943523828806e-01 5.307039699150422063e-01 3.536021110228986797e-01 8.261817983869569337e-01 4.221887841863607438e-01 4.306762097538247014e-01 4.219641460064090244e-01 3.965069689296690236e-01 4.853213657852022966e-01 6.273641632043530647e-01 -1.133414808312627475e-01 4.890939525697398649e-01 6.730051489187430791e-01 7.701570455953707928e-01 2.702070273810312506e-01 4.252394820797396613e-01 1.229031633877034901e-01 6.371534194174234278e-01 3.931210190727295051e-01 -5.077841689723191498e-01 5.407286805986327716e-01 2.983419247850455092e-01 6.117733705193226790e-01 -2.229288373787668143e-01 7.025442643752175531e-01 3.973012959450764048e-01 5.026796181845515354e-01 3.790605703812935934e-01 -1.266714188209022429e-01 7.361141330458118581e-01 4.128739676925196056e-01 7.152032636587088987e-01 4.401506220287746407e-01 7.267725877914076316e-01 3.949361313907213678e-01 -3.002521124239261596e-02 7.291612608456558009e-01 -3.647272635051650447e-01 5.554817197841719484e-02 6.075313914356252898e-01 4.370280155025975111e-01 3.284512129972508299e-01 8.648217611554379625e-01 4.479701312619094877e-01 2.843200497153739459e-01 2.475211424309249064e-01 4.249617028636273330e-01 7.753873091149902086e-01 6.026161232157621894e-01 5.153062580985304786e-01 1.606750559220342933e-01 5.931120989865807935e-01 4.576835744020182339e-01 5.979441183095475232e-01 4.604913406340154780e-01 7.847603935704497990e-01 -1.621634794023954496e-01 7.744619220086810252e-01 7.035146049124806344e-01 5.088347455970829714e-01 1.724744462851657001e-01 7.381507044055984901e-01 -8.348986661042293034e-02 7.177315048925511087e-01 7.821939051919615249e-01 2.500301466108484361e-01 3.176893391499793773e-02 7.874487977104819292e-01 7.269915037889286280e-01 6.214552356712003123e-01 7.109114235556915351e-02 2.231572429482742148e-01 2.067437877209127584e-01 7.391056638406640067e-01 1.185442099684305278e-01 8.558965256677746325e-01 7.209455248723161125e-01 6.451570285351364564e-01 7.792604886569900469e-01 2.870236689893827520e-01 2.862868920412954821e-01 1.281365079291293396e-01 6.691346186195180623e-01 2.833713709638959743e-01 5.607919147600801679e-01 -8.880910485741118354e-02 6.725978317106260373e-01 5.796604803474226797e-01 3.165618316897539919e-01 5.712351285103922649e-01 8.118667149794484006e-01 7.521004045964055917e-01 6.109969466733947696e-01 4.429350890632111626e-01 7.548082119438648263e-01 7.171633908940115987e-01 5.100412005112995306e-01 4.606887252826699641e-01 6.707349350041662273e-02 2.961023885222260899e-01 7.594275479592698108e-01 6.602770517451261867e-01 6.403085258033384131e-01 7.394351711884266098e-01 7.689320610274599233e-01 2.249899295219255635e-01 7.208324018831607782e-01 7.487314913528259064e-01 1.342646312471424720e-02 4.684063367461728244e-01 5.244425042726204023e-01 6.309469580038395975e-01 1.802234188380570645e-01 2.082899459025212840e-01 2.058749760707723198e-01 -2.512247612773098604e-01 3.354214530473546008e-01 7.249697893341577881e-01 2.584198065230898789e-01 8.180602526939285690e-01 2.274041382822369617e-01 5.557717700663760141e-01 3.069416906877024953e-01 1.940453240518876521e-01 6.368260479130618545e-01
4.984571411511619643e-01 7.581564849494127900e-01 -4.046150624691993020e-02 4.959868935477063645e-01 7.719541974119096261e-01 1.000000000000000000e+00 9.125613946087369754e-01 9.906110210813581229e-01 6.970255503676663356e-01 8.801784839960208329e-01 5.840951204507868200e-01 5.957790408421013151e-01 9.953566317924192886e-01 3.249347600337985087e-01 7.039754990713041893e-01 5.730652271600981118e-01 6.406818144279493588e-01 9.559314431483966201e-01 7.860809035172597881e-01 6.837068819769863692e-01 3.503421565208612032e-01 4.195674379994895897e-01 5.065576520340907551e-01 9.089929851558352647e-01 -4.673922906465202698e-02 8.808722221623175308e-01 9.698901472109399124e-01 9.783219301420796876e-01 4.395669070196822625e-01 6.630855538323248144e-01 3.419614784209613068e-01 9.678434207626708252e-01 5.028272514822071937e-01 -2.294190659240817609e-01 6.869776073647465564e-01 5.101508739706216433e-01 5.860560946217439060e-01 -7.728340203638345285e-02 9.832912063806253933e-01 7.370914032310346142e-01 4.413629184514099579e-01 7.047293199611314174e-01 5.524458335602137546e-03 9.342956492018347214e-01 6.391385288109504570e-01 7.435014313134933328e-01 7.076219608080293044e-01 9.800612439804413656e-01 4.639447892413699481e-01 3.338751031156008131e-01 9.896190437824364805e-01 -3.522972916500951568e-01 1.819112765806480125e-01 9.281358743982037751e-01 4.314163135893857026e-01 6.005491207690767386e-01 6.862516613470571736e-01 8.404858648897223228e-01 4.194645630041909934e-01 5.219892615745247433e-01 8.151816528414679297e-01 9.924926191428764533e-01 5.866813582674805794e-01 9.104174558007182005e-01 2.596160877105889719e-01 9.004423181882822425e-01 8.566172991932037295e-01 6.525152402956045927e-01 7.059051901742133817e-01 8.511715391879276504e-01 -5.162431408486445328e-02 9.695588454378972765e-01 9.158244536607542674e-01 7.929561599524816984e-01 3.002496273273280170e-01 9.878966462537253079e-01 7.355851018232725498e-04 9.854425568985945016e-01 9.385146653558811281e-01 7.196651838776025878e-01 1.350395509471634115e-01 9.975484347072234304e-01 9.897998639806572241e-01 8.339010258549327537e-01 3.657336194950548403e-01 4.538329236512629872e-01 2.465083935730172926e-01 6.830443761036411043e-01 1.547106544743341583e-01 9.428371382341486084e-01 9.881851253977940175e-01 8.101154160974082252e-01 9.422179961627634714e-01 3.007050338692229818e-01 2.689565234829804918e-01 2.138841866101077738e-01 7.666472507097853439e-01 4.759486782692146645e-01 7.054083903058279148e-01 2.116465961129988457e-02 8.920183403849762938e-01 8.164651469155771446e-01 5.410716303530099802e-01 7.217562192715462066e-01 8.938688041234166270e-01 8.526066732336722298e-01 9.506719019776564972e-01 6.806553311487876234e-01 9.625196967441078666e-01 9.398554287676220698e-01 7.014373246634544312e-01 6.525245763324755144e-01 1.839286378943400524e-01 5.862340882095447014e-01 9.015886194699789247e-01 9.016079351178533097e-01 7.880121812292377736e-01 9.952328669937104966e-01 9.696111998682507283e-01 3.864895517601900643e-01 9.951062113740131165e-01 8.151925296207496174e-01 1.551248695256975396e-01 5.458941664361952606e-01 5.625428186454781709e-01 8.809263788791621419e-01 1.618464334330747267e-01 4.385245234388033819e-01 3.872782290267994254e-01 -2.529549533329278899e-01 2.811221510630619314e-01 6.576593884218557839e-01 3.619073478140777955e-01 9.639685744519975730e-01 5.059242911375783081e-01 9.084710685183065015e-01 4.994805816155599154e-01 5.631864999422021567e-01 6.773856766401357143e-01
5.087788928805807576e-01 8.475844834653266657e-01 1.996591235054814284e-01 5.860659042904884375e-01 6.370848015321969315e-01 9.125613946087369754e-01 1.000000000000000000e+00 9.004200481529948119e-01 6.743136498146736768e-01 7.839853055258650949e-01 5.701754554798773578e-01 5.625119246699471498e-01 9.235997070827366429e-01 3.198492441068533365e-01 6.747269123779218170e-01 3.157358019787646075e-01 6.755801063189366129e-01 9.285000713576637699e-01 7.234340704880212192e-01 6.678976308175091914e-01 4.370297087168979466e-01 4.539950920639127530e-01 4.898998124536746990e-01 8.574199692507240567e-01 1.849477816284293696e-01 8.763857996752892898e-01 8.771574520492217975e-01 8.839509340133266946e-01 4.514814489335701730e-01 7.073608808632891876e-01 4.464967156017025651e-01 9.159721054387328643e-01 5.224736561406023716e-01 2.565260338722323910e-02 7.026359617677024882e-01 3.849592577843685137e-01 6.936038161783723011e-01 1.845455608856463314e-01 9.152182719782081533e-01 8.592051841633292497e-01 5.462730275628974175e-01 6.441091576490515225e-01 2.966503458875331956e-01 8.307387690145257020e-01 5.240961533346569778e-01 8.256856549378353005e-01 7.564143340749110989e-01 9.019546601869268265e-01 5.516885425685263966e-01 4.039028189727006946e-01 8.936325261169478784e-01 -8.487297084516477741e-02 2.648154024057235434e-01 9.049446746636807815e-01 4.669354989578148873e-01 5.321274861412815804e-01 4.791042238055311375e-01 8.252090895170457463e-01 5.120323510749312801e-01 4.896776111093066874e-01 7.753569108784533759e-01 9.062842527482607435e-01 5.801443234190497567e-01 8.895617047094164231e-01 3.379115403541779750e-01 7.982097702061278222e-01 8.278292035550228745e-01 6.703002615999240632e-01 6.724789232815522322e-01 7.291055126190376656e-01 1.453455431673064124e-01 8.367430854054846989e-01 8.169524648429197233e-01 8.945879935625962176e-01 3.810712926677518042e-01 9.010267490318896177e-01 2.223497015567849622e-01 9.018302641650035589e-01 8.493015577270812688e-01 7.505818305728297890e-01 1.409073349000069808e-01 9.003305380392037094e-01 9.028333616341063239e-01 7.959105563935583438e-01 3.639505508032336856e-01 4.746261225864941702e-01 2.839712688734173929e-01 6.475215619875723805e-01 2.943573901746376342e-01 8.473378901565060684e-01 9.010394461075983408e-01 7.462200144253047229e-01 8.461612369489802665e-01 4.893897829129744692e-01 3.920505654785960692e-01 2.478153602985688209e-01 7.039620848345589099e-01 4.587926894221281970e-01 5.699600625601476400e-01 2.258299355673651365e-01 8.220455897226501829e-01 7.518266370226778239e-01 4.597710852754702815e-01 7.452598426728379577e-01 8.250271688983144003e-01 7.937844129670759141e-01 8.905388872815211965e-01 6.943009016944236000e-01 8.706011849482204745e-01 8.100880828978987980e-01 6.711345227229045252e-01 5.892909444090445037e-01 3.398177986136478035e-01 4.406105686674347544e-01 8.716077325292832523e-01 8.375504796039366928e-01 7.208758498786655977e-01 9.075525642433046603e-01 8.259461463529297331e-01 4.144346319074774243e-01 9.124715995704286708e-01 6.398086059285778004e-01 3.617366931045177814e-01 5.944761377979307371e-01 6.366446459607844055e-01 8.000810467202462695e-01 2.168932493445137333e-01 4.389814695463937766e-01 5.569336397191946286e-01 -2.939341892291795766e-01 3.359260518064522971e-01 7.131882776629205889e-01 5.003739813651043589e-01 8.784253139171850355e-01 5.286915349196786851e-01 8.771420219695068576e-01 4.291805249612891671e-01 4.812197508439521321e-01 7.878346830162297199e-01
5.122404656967810554e-01 6.936055512394033729e-01 -2.607529775781889173e-02 5.159295015701882425e-01 7.249910229802419837e-01 9.906110210813581229e-01 9.004200481529948119e-01 1.000000000000000000e+00 7.487691149225383924e-01 8.967283247902220200e-01 6.126147478010024461e-01 6.476348983788107194e-01 9.781809790430281426e-01 3.574815832886953926e-01 6.508587816267413784e-01 5.665653907477155027e-01 6.613025936675711591e-01 9.172029214712723588e-01 7.577040140591281281e-01 7.249977041363255825e-01 2.855672337271141781e-01 3.833569253062429349e-01 4.858033466677866841e-01 9.193212384705921059e-01 -4.406797961440556133e-02 8.827292688670752563e-01 9.898762003772817453e-01 9.876780759933393439e-01 4.424667291919163192e-01 6.508562342271065893e-01 3.356623056332261323e-01 9.878668800032780473e-01 5.228542437671082066e-01 -1.819489795750687533e-01 6.256283941635828461e-01 5.497949837628595127e-01 5.190214188574481247e-01 -1.052079874549955857e-01 9.972098747557200937e-01 7.273495459358123583e-01 3.634947849668013764e-01 7.156496121298069335e-01 9.202789483399802239e-03 9.434382064544738489e-01 6.086017726933853345e-01 6.984554486383937055e-01 7.258572563480324424e-01 9.899456510704616186e-01 4.253785240552543923e-01 3.639988097414359469e-01 9.965726647462469501e-01 -3.422288162446496806e-01 2.101506227174310959e-01 9.405939537371572623e-01 4.127427678043573134e-01 6.220356892042759878e-01 6.195375510327855162e-01 8.535367411396980186e-01 4.104060420611270743e-01 5.575497232870998410e-01 8.572261856540631664e-01 9.782161321145944610e-01 5.679377049292804180e-01 9.023906366244288657e-01 2.628092358850916410e-01 9.232791751032518590e-01 9.043630498482752023e-01 6.536844831250637755e-01 7.029018218571412291e-01 8.568858569399876446e-01 -3.796929546961822638e-02 9.759200217808832178e-01 9.126013548075372350e-01 7.708719216061371560e-01 3.405428821955559515e-01 9.968680505295721694e-01 -4.971640889689627786e-03 9.985476720917597637e-01 9.165979047273302704e-01 7.713422203086629514e-01 1.857198750483803895e-01 9.858561124299788370e-01 9.993061026902525512e-01 7.853897082976831756e-01 4.134047063337770167e-01 4.893048350477111064e-01 2.651086199734573046e-01 6.672299260474151561e-01 1.461620954561414498e-01 8.998107840899295384e-01 9.989615271202517688e-01 7.842025152471346905e-01 9.096788210435771127e-01 2.361442802054360413e-01 2.585982633756924720e-01 2.318385141356338608e-01 7.679783064859097008e-01 4.643028900751676180e-01 7.137249701713811456e-01 2.418156679917547042e-02 9.099011910752508037e-01 8.402496769601386362e-01 5.228172417761438595e-01 6.588349347757502805e-01 8.553959967889273042e-01 8.436075954216597506e-01 9.715566705959195470e-01 6.913007013187197902e-01 9.757520456685869759e-01 9.050889866472469070e-01 6.783468672208703421e-01 6.468791975010702577e-01 1.889106039366282297e-01 5.764293918414646889e-01 8.911933870042545447e-01 9.165820044454514592e-01 7.757606048769790652e-01 9.955027712976886045e-01 9.476848661234946736e-01 4.215364055337194604e-01 9.974481305359649275e-01 8.099886373274171047e-01 1.490910068834495616e-01 4.941606605489767268e-01 5.174561192217748129e-01 9.119604847761985100e-01 1.671220669132577885e-01 4.602361256208858387e-01 3.829800177151554963e-01 -2.756077253843213226e-01 2.813972078896752049e-01 5.831046283294480936e-01 3.369467353555261058e-01 9.262042139448584122e-01 5.297840113786214111e-01 9.339915223271326727e-01 5.022921483589314340e-01 6.177348970416426388e-01 6.037796718742123314e-01
4.513549420054764338e-01 4.287243584320465928e-01 3.125614434816975651e-01 6.725878227890491612e-01 4.020333857150351076e-01 6.970255503676663356e-01 6.743136498146736768e-01 7.487691149225383924e-01 1.000000000000000000e+00 6.815479836943368896e-01 8.444214692352236540e-01 9.001138347714452426e-01 6.808449491348324001e-01 6.777627216529618082e-01 4.676310165186882140e-01 5.305501246616107780e-01 7.279014812888495722e-01 6.480721602541473780e-01 4.848225024463201915e-01 9.839454418800067659e-01 3.696382182727887544e-01 5.447091387740889967e-01 6.335671178621328226e-01 8.243385517599195467e-01 2.762024236516475995e-01 6.952577959185393119e-01 7.863928965263352611e-01 7.340932273484253034e-01 6.672278580274549897e-01 6.516344446752707631e-01 4.950745910068246047e-01 7.486526643300521755e-01 6.347285155521802391e-01 2.577527813682830016e-01 4.241013039922032490e-01 4.703710518704621313e-01 4.783353120384515322e-01 2.033131203336139836e-01 7.554419226195232540e-01 6.258419234065575321e-01 3.704266892140734013e-01 8.452890764353250264e-01 3.318249005588102540e-01 7.581973170005742446e-01 3.803834187045517234e-01 4.775905118728525078e-01 8.163892646000202591e-01 8.121877072286259880e-01 3.926229626992673305e-01 6.165929209278637746e-01 7.763777151280784050e-01 -4.007254128090272788e-02 5.908003537691236540e-01 7.475638529608603644e-01 4.110870331871464556e-01 8.435863708707649344e-01 4.215611106863935142e-01 7.397330777941596436e-01 6.745114549790408587e-01 8.246868249360359560e-01 8.643248121654016902e-01 7.146607155530542155e-01 5.986855662471411987e-01 6.641361931187454992e-01 5.317534870594963214e-01 7.540195459285835566e-01 8.923172148444289409e-01 7.321390031992560665e-01 8.222110059422523820e-01 6.050296020567654809e-01 2.823999594355587894e-01 7.283921613361502567e-01 8.044190195926740339e-01 6.562735403552898417e-01 6.833155516872785329e-01 7.502859014054431563e-01 2.736175907003272068e-01 7.602159846152692912e-01 7.070874330500989124e-01 7.986358963643637177e-01 4.382823195630259905e-01 6.884924593518626512e-01 7.490059962530752902e-01 5.434927077812703455e-01 7.092696901608729343e-01 7.814916474793383028e-01 5.345520819076825525e-01 6.479796963712113334e-01 4.064968194456763939e-01 6.305441367119724028e-01 7.692529768282366787e-01 6.823520405948562129e-01 6.148971131154777892e-01 3.224437359040412954e-01 4.097725517529330341e-01 6.421847289203955755e-01 5.374471139951906284e-01 6.877452205046947764e-01 7.193632976388505407e-01 2.901688335639278082e-01 8.461969728669189728e-01 8.299893813176233426e-01 3.161574421259975565e-01 4.757563561828259124e-01 6.614749713083872829e-01 8.259757890365132527e-01 7.790489347132679709e-01 8.370221312894371435e-01 8.072052558657939469e-01 6.316708079407920007e-01 6.972595713275762108e-01 7.527869413358184714e-01 5.421560158023160936e-01 3.816127422173708483e-01 6.807189368538190122e-01 8.621410753832531304e-01 8.341188000865025209e-01 7.432563288682824121e-01 6.492843429323329474e-01 7.971732855806211715e-01 7.373485425919530378e-01 6.217442590470743102e-01 4.396138882563555006e-01 6.097166938218263610e-01 5.010377632265280434e-01 8.626839748403801744e-01 4.956429039684435156e-01 8.033109045661275260e-01 5.987150629222905973e-01 1.576076241889321494e-01 5.980036288072415607e-01 4.450170700835689996e-01 5.044151749282529407e-01 6.172616564405799533e-01 6.497093787055706615e-01 8.524532746592394794e-01 7.934195080002779399e-01 8.608415742707588025e-01 4.821889346711293323e-01
6.500094992000242655e-01 5.939570913503834371e-01 9.046335068066145568e-02 4.630840700382738429e-01 7.770697838996699636e-01 8.801784839960208329e-01 7.839853055258650949e-01 8.967283247902220200e-01 6.815479836943368896e-01 1.000000000000000000e+00 5.718108681463587306e-01 6.180703286124220597e-01 8.705107691638809264e-01 4.306559357418391909e-01 7.631475305632596795e-01 6.710732266669007240e-01 7.007913052841084900e-01 8.111072170313747831e-01 6.418188014918168038e-01 6.238134920512246051e-01 3.920757387681409467e-01 4.181059234098962185e-01 3.883434071703382728e-01 8.742866861940874479e-01 7.454544351446640293e-02 7.953738777459714582e-01 9.031145168550118729e-01 9.472179426631371912e-01 4.548358389351184194e-01 5.974547459603413158e-01 3.764802303994082000e-01 8.813337234989503388e-01 5.797811064693665362e-01 -2.417728439362785697e-01 5.982014236839375831e-01 5.079362298525327279e-01 5.220404485787963900e-01 -4.901434479470454658e-02 8.966197060432796739e-01 6.320467370204272406e-01 4.415808199012600799e-01 5.816596835691000278e-01 1.138558938293296741e-01 8.930210636527460277e-01 6.793274848227419671e-01 7.893295680341140264e-01 7.801006677548921742e-01 8.973788565038152143e-01 6.050652101039540876e-01 3.888872283774650329e-01 8.797936436021361883e-01 -2.826062624634794185e-01 2.830988979465674515e-01 7.801569228776049636e-01 6.488766748207340784e-01 5.691437587085125260e-01 5.839871613750226009e-01 7.880836244423814474e-01 3.862742454115230539e-01 5.706313310311250664e-01 8.200074021609018438e-01 8.548474097668354865e-01 6.314705737871554314e-01 7.669597347821770494e-01 3.075147025760041619e-01 8.773322248224064701e-01 8.341656530341892140e-01 7.296268605019533560e-01 6.165889131974379156e-01 9.670936129580686158e-01 8.732417376247059160e-02 8.943463082912967987e-01 7.446301203513079336e-01 7.504260514574253582e-01 3.878311288252980771e-01 9.227546660214247520e-01 8.572263258994883284e-02 9.116003514687281983e-01 8.333962881224528108e-01 7.240163103451574544e-01 2.116096386715511368e-01 8.688432389213567308e-01 8.966529020337032918e-01 5.318057115362349041e-01 5.031072381432628582e-01 4.806567704484319692e-01 3.163510501633684524e-01 7.619772734151475380e-01 2.611739244716541619e-01 8.067477186432108205e-01 9.030624050621104404e-01 7.681342388000490518e-01 7.911637615134368140e-01 2.449527824371445228e-01 4.306562917905665255e-01 3.068157345916529555e-01 7.409574027892019688e-01 3.540369216220263238e-01 5.688016366177809369e-01 1.113812539784132943e-01 9.146084511956126262e-01 7.733077367292957582e-01 6.556827020454947252e-01 6.705876950620353050e-01 7.372157838249351336e-01 8.566732380934893865e-01 8.156522063472496642e-01 6.632950486838324888e-01 9.175002271450583002e-01 7.927925424687718436e-01 6.519048567830154628e-01 5.371113770474300608e-01 2.949351114220784553e-01 6.332997129433661776e-01 9.412560248363863735e-01 8.456310446504022860e-01 7.159893193804540701e-01 8.910345456201518299e-01 8.610544747697481682e-01 4.732868755844973907e-01 8.889975981893382118e-01 8.828707199975195374e-01 1.991794412447201179e-01 4.405068488619657829e-01 6.161223286742334437e-01 8.770929734766558239e-01 2.929983507016545863e-01 4.672697109109378300e-01 4.542466982618786897e-01 -3.868482577127040356e-01 3.844802122916097242e-01 5.753429331156149074e-01 3.710073385110528310e-01 7.714826148263939087e-01 5.737434076648446624e-01 8.530387019390553993e-01 4.626292038836896103e-01 6.429126708849822736e-01 5.664332611900325665e-01
3.760879511003571429e-01 4.670206004978200154e-01 4.453162937937045207e-01 8.104473094845748848e-01 3.614373799150101263e-01 5.840951204507868200e-01 5.701754554798773578e-01 6.126147478010024461e-01 8.444214692352236540e-01 5.718108681463587306e-01 1.000000000000000000e+00 9.561656989163880294e-01 5.453674867636419954e-01 8.045686915854541876e-01 3.343848998161057517e-01 6.037749258395026519e-01 8.089680110708034055e-01 5.544455478435732498e-01 5.156471241845219655e-01 8.574583354320567397e-01 4.380853895760757899e-01 4.537931063360318706e-01 7.535819910804201216e-01 8.286654762699393606e-01 4.180422064816539107e-01 5.181699595782612855e-01 6.799618891451019165e-01 6.146514200152752849e-01 7.866118162850818107e-01 8.986717714529302015e-01 7.978321771988944322e-01 5.809294273396781172e-01 8.729626805625466668e-01 3.400916897435559694e-01 3.396559637019106459e-01 6.160583421302125995e-01 4.900126127375866170e-01 1.275582202527800191e-01 6.027061132946296418e-01 4.137107278328011062e-01 4.165529731769818667e-01 9.228275074277672019e-01 3.606674812218800263e-01 7.350706575616333671e-01 4.389554779111222715e-01 4.600516505198407047e-01 8.445797969404893468e-01 6.838120850911401094e-01 3.950964816644739752e-01 7.165032949090772707e-01 6.522947784127373083e-01 -1.281009983507471750e-01 6.879561821323694204e-01 5.146022606148036305e-01 2.818185011145777352e-01 8.891816930720038981e-01 4.780877922210265418e-01 7.554089704060031885e-01 7.196616762452427984e-01 9.004296964342034526e-01 8.470745634643600530e-01 5.644981916028680713e-01 4.062382413942395298e-01 5.176278078175279296e-01 6.525042422101896555e-01 7.442308491651913327e-01 7.842537983314964434e-01 6.906169382402529422e-01 8.756650969003729745e-01 4.294790272433661182e-01 4.493196612482246444e-01 6.577416078596201032e-01 7.449630401976483629e-01 5.470814739882868816e-01 7.241679398839198090e-01 6.265374561832106615e-01 3.832019429648069742e-01 6.249543851520823479e-01 5.178249723867771603e-01 7.165038772038966330e-01 5.290382817884493605e-01 5.562425106844770539e-01 6.253105898082039760e-01 4.496791099173051975e-01 6.138175132658167943e-01 9.685660854843300971e-01 5.827708588686572044e-01 4.075386213128310842e-01 4.405973545522711698e-01 5.144021195838619498e-01 6.365532730473678624e-01 4.888815840087918918e-01 5.619901309398938061e-01 2.143275182967386006e-01 6.823058815782873099e-01 7.481418648097655222e-01 7.191379479641295536e-01 7.697297927172086496e-01 7.410307561888991312e-01 4.886475433107796973e-01 7.097444650377763287e-01 8.748939091181705541e-01 3.470659520146428534e-01 4.900554105152609141e-01 5.743117505218627850e-01 7.767059058972634045e-01 5.689167356474938986e-01 9.373220940352917641e-01 7.139368872595879267e-01 5.891196748541246420e-01 6.106471168335796396e-01 7.916717369982145813e-01 5.144263586374961950e-01 3.935607097403930332e-01 5.121331290345703113e-01 7.067556547208818651e-01 7.381882313852374811e-01 6.186039492039108190e-01 5.787247233946528624e-01 8.743125415062218408e-01 6.121565102074891795e-01 6.368226474102288703e-01 5.721886204971988743e-01 7.904975198336680053e-01 3.740629339120434826e-01 7.031749020767250613e-01 7.374920883231447233e-01 8.880999652539612876e-01 5.035951128994821113e-01 4.288155033084850576e-01 8.614375454062285220e-01 3.686392284298590782e-01 7.776120407768259968e-01 5.023380900233943569e-01 7.938751716474167219e-01 7.659678752647175459e-01 7.804456763571239186e-01 7.171566282014883997e-01 5.092976516026900269e-01
