1.000000000000000000e+00 5.217970469719511728e-01 -7.365866373565649328e-02 2.981976245179551732e-01 -3.178722103371220964e-01 -1.560607036558228355e-01 3.485051939642927477e-01 -2.483441983106874362e-01 7.044575017449529464e-02 3.900387464333573417e-01 1.933111491580475350e-01 1.219818774727381289e-01 -9.244121508589504821e-02 5.157592007354504064e-03 1.767698141097457931e-01 2.047902928507387699e-01 4.431157554547486277e-01 -1.124225616779827991e-01 5.714689255152397562e-01 3.823090545363267562e-02 4.656209784266670537e-01 5.157024545340425092e-01 -3.772843738309041295e-01 4.942234782777551461e-01 -1.305792437812910156e-01 6.196500100758658425e-01 3.365264830504705595e-01 2.745426863407775427e-03 6.669522254868072431e-02 -4.333967120001279427e-02 1.203338844161655763e-01 3.114754047268619153e-01 9.357724242048545693e-02 3.067923835911089414e-01 4.719671320642676582e-01 4.183179221070235654e-01 3.640622473540917059e-01 6.945385847477982821e-01 -1.742093006816549522e-02 4.469964371724414742e-01 5.148206303636732040e-01 -1.000290893964865258e-01 -9.844533378039913019e-02 1.896847750846972769e-01 7.301218995454789029e-01 4.915532493540601955e-01 4.766458269178600049e-02 -3.824667295084485663e-01 7.937749009394594601e-01 4.811106219278145080e-01 -4.881048769502171480e-01 5.439223743780400439e-02 2.335268000884457851e-02 -2.370924590481325867e-01 6.664927233001395335e-01 9.091581497578718474e-02 7.715544240102177598e-02 3.970682891950673699e-01 -6.064376280421966692e-03 2.512049212534979703e-01 5.804936465783542276e-01 -1.469705388628943232e-01 3.724897395811143097e-01 4.442642869958045027e-01 -3.775224747397225300e-02 3.770958627279814013e-01 4.288053434185679080e-01 1.087777514703685555e-01 -3.630348175413300460e-02 2.807797430456686616e-01 -1.026552960156269234e-01 -1.820267994410874057e-01 -6.323433019692118462e-01 7.529660432314820850e-01 -4.751790012754927156e-02 -1.998230095573990533e-02 -1.128637562099667757e-01 -2.715837325699769766e-01 3.719167261794811136e-02 4.750298939625565708e-01 -4.320951979937566745e-01 -2.162256947761143910e-01 -2.451914472259373867e-01 -4.013040491190836834e-01 3.974082989382892728e-01 1.693168160231163510e-01 -1.942462312730026119e-01 3.272742108366402669e-01 -1.078608470748401299e-01 -5.185118315622914975e-02 -2.409774683066467638e-01 5.450044704155531106e-01 9.766043372052465865e-02 4.088280797639977648e-01 5.887084320580797392e-02 8.319208222633897587e-02 -1.991687022006222441e-01 -1.565007011307466001e-01 -6.177250640329784437e-01 -1.503651294696557728e-01 -1.124096890115606345e-01 1.454191370794672145e-01 8.641108220019021458e-01 6.652796650789785105e-01 2.245865749350721332e-03 -2.395801424725774731e-01 -2.624252502905197737e-01 1.941576723232514567e-01 -1.541055533960871693e-01 2.905437826793669243e-01 -1.996450007337390864e-01 -2.823420183173304676e-01 1.910409498305065679e-02 7.860585533985875450e-01 5.377205624262394457e-01 -4.463520311795396989e-01 -2.975856611741037883e-01 1.035537450380937252e-01 1.953845152634921534e-01 1.298036802154079461e-01 4.121301298303545191e-02 -1.912038833683444572e-01 -2.074997942210169144e-01 -2.441319938442857995e-01 6.178985383774990847e-01 1.706335883899500749e-01 2.367060670852554061e-02 1.648078947773982672e-01 5.382465096698740847e-01 4.471036765078097441e-01 4.619818170952107172e-02 1.903757029001747758e-01 -1.266198673636226291e-01 -2.729455993554532056e-01 4.136764220844736939e-01 2.530401575550883519e-01 -9.277755516255192791e-02 2.723020251708662132e-01 4.084029755371521575e-01
5.217970469719511728e-01 1.000000000000000000e+00 1.585718775983544215e-01 2.034093544795693709e-01 4.409022943810223666e-02 2.022718921802364733e-01 6.405342619010245819e-01 -3.986640809786369255e-01 -9.311557400782805027e-02 -1.871297695205381972e-01 2.302957108365184455e-02 -2.314659025825415994e-01 3.857656989283196336e-01 6.573020343476133898e-02 3.470212390452450113e-01 -1.008789475666030527e-01 2.261321410555724720e-01 5.333534277475637797e-01 5.758132184788142816e-01 -4.392892804075274743e-02 7.246127425798321031e-01 6.183474674172895202e-01 3.904517173511333483e-02 1.076669529684081972e-01 9.983865946943967784e-02 6.287375486871061847e-01 -4.092221007271861222e-01 -3.331092187762805246e-01 1.900004033675093962e-01 2.500394312295654009e-01 2.546764017533867386e-01 2.553997432574754700e-02 9.272400761231022748e-02 -1.751117226360169588e-01 7.775542135925067599e-01 3.941111610822626288e-01 7.537351210352654096e-01 3.599628408229166854e-01 -2.403945674883639361e-01 7.316642242292831222e-01 7.724701094446387861e-01 -2.231999363080873142e-02 3.325519487048806955e-01 -2.378910892639344576e-01 5.202036186406830964e-01 7.367807429829725807e-01 1.757168041256750857e-01 -2.649451329591934745e-01 7.282063229004528404e-01 2.058646677583060580e-01 -3.993724103816971294e-01 -1.107119086845060468e-01 8.898501453058044186e-02 -7.209703011630889946e-02 6.144971815560991146e-01 -2.332643639350672361e-03 3.543221126423649614e-01 2.739779071658597909e-01 3.225513206911854169e-01 2.733335050617915346e-02 2.044329678030933767e-02 2.655764952136298040e-01 4.492183863659387488e-01 6.056717075608235579e-01 2.100568613389174888e-01 -1.769118690311018427e-01 -1.592121373754231961e-01 9.276474293770170521e-02 7.252362510666054973e-02 -3.810697012733631206e-02 9.263776574510564077e-02 -5.027007138286900823e-01 -1.386198076698219872e-01 8.335238195633590808e-01 2.662087471785620080e-02 -3.710594241883869437e-01 1.852836671043540107e-01 -4.685705359379188084e-01 3.192985664668578916e-01 9.163620425722926455e-02 -2.924509061311520441e-01 1.700333902422705712e-01 -3.998503940619833608e-01 3.987592404929523049e-01 5.239932889314186104e-02 1.421913764423016202e-02 3.872150888288542619e-02 3.396588392212156471e-01 1.780664305993837904e-01 3.744222431429060638e-01 -5.080475252401748243e-01 5.930241725744196390e-01 2.763837502617653152e-01 9.063246498274464269e-01 2.528593861973471024e-01 1.252095677432627507e-01 2.862912279538014707e-02 9.525326397322513017e-02 -2.313824197732667898e-01 1.005032809373683222e-01 -1.434694307752091280e-01 -2.845950603836510107e-01 4.454458281355393456e-01 8.249550778549795682e-01 3.170176678864047304e-01 2.580637763409616980e-02 -3.310959342058782395e-01 2.833556132290512286e-01 -4.852252245315332724e-01 4.682066455683248640e-01 2.436508593808816847e-01 -7.951803179791034834e-03 1.869228356402751201e-01 3.722681551622269991e-01 4.376475581346422894e-01 -2.152791800738409755e-01 -7.558001453646244483e-02 1.048431241846320833e-01 2.381404488290282950e-01 2.815970935308635681e-02 9.060613399078375207e-02 -3.325809813807694693e-01 1.517637443268192166e-01 2.922268995251003365e-01 7.489498881916039075e-01 -3.104255392171006989e-01 -1.209903398407569629e-02 9.965751847037904176e-02 5.666195189023057743e-01 6.318062433111402143e-01 -1.932386977662034835e-02 6.848787815939951784e-01 2.342071338780178091e-01 3.501913897886149707e-01 9.619761622236851217e-02 4.416615806162343949e-02 -9.335978455439436149e-03 -1.572389336903438073e-01 8.541528788278736073e-01
-7.365866373565649328e-02 1.585718775983544215e-01 1.000000000000000000e+00 8.060224799273637553e-01 -2.608620253728223259e-01 -4.341798931936085015e-01 -6.979119592167752628e-02 -5.571467650380980130e-01 -2.577291724417619112e-01 -4.006869099072403739e-01 1.379593333985851544e-01 2.728070032631808584e-01 -4.959781469313050417e-01 1.018070811916345492e-01 -3.244994568008933156e-01 2.989181089511995168e-02 6.898437470410406780e-01 -2.031197858552921398e-01 -4.062294082922695421e-02 -1.481431038448638438e-01 1.636939809879609797e-01 -8.164646450190438109e-02 1.793857069813251104e-01 4.105046309342490485e-01 9.903352664006643824e-01 -3.782688173431677514e-01 -2.730085857782907355e-01 -5.258622635814022006e-01 1.174881999294253021e-01 7.820535157883077293e-01 8.604834407417157882e-01 -5.270129839234373170e-01 1.356514949696533412e-01 -1.938331684989446912e-01 -2.026690639401048377e-01 -4.957518916060076886e-01 1.361060170210513509e-01 -6.178947771308339609e-01 -6.616853630686657661e-01 -4.101410083717763749e-02 6.043967101109651990e-02 6.414134402019996406e-01 9.689021802506548875e-01 2.269445759113472572e-01 -1.193306367594963446e-01 2.386646360840211090e-02 8.687480432380538797e-01 1.743716414109650614e-01 -2.571605806357259855e-02 6.876639350554563102e-01 -4.778557863197894218e-01 -4.075549954324379498e-01 2.250932455608133376e-01 -4.084040497462730346e-01 -1.143425543434519881e-01 2.135012291810589879e-01 -8.776277965532834624e-02 5.842145342328026736e-01 1.431979434259296469e-01 7.125807414046708699e-02 1.048194318760913013e-01 -4.411655179142663363e-01 -2.820917089495614261e-01 -2.584502843346953571e-01 2.353983614050967343e-01 2.263084611622628584e-01 -8.724046831551342251e-02 5.774485383140065542e-01 2.154503444465232231e-01 -6.402233802777670402e-01 9.808856247026193076e-01 -4.301246852702568235e-01 -9.359474060282185065e-03 1.740073497877936762e-02 -1.665034464825156796e-02 -7.044926685682518785e-01 9.860987554229611041e-01 -4.384111201336499675e-01 -3.750379987718940322e-01 4.159977299700399200e-01 1.887260838854427358e-01 -5.150411420330605061e-01 -4.950198932752385428e-01 2.503247037005740250e-02 5.747366114459259157e-01 1.210862931924463620e-01 1.215862484675678257e-01 -5.078827061576757229e-01 9.356489618146197618e-01 -3.679990357940807755e-01 -6.540555732926530697e-01 -2.882119930286044518e-01 -2.966019332280709908e-01 4.102889606607230955e-02 8.750342679887065378e-01 1.227200455231551995e-01 7.993219572825185915e-02 2.343920258754068342e-01 1.230985263591772849e-01 9.886158320354114792e-01 5.695347300190960471e-01 2.220292885989803844e-01 -1.449235823980282445e-01 -1.027718455628162109e-01 -2.017498569073301329e-01 7.095831282291554798e-01 -4.240282523828561856e-01 1.730299821331923726e-01 -2.749283743266493496e-01 -3.797692612615505975e-02 6.291777765504504849e-01 2.580428599368477793e-01 9.073237674478231707e-01 -1.172971462986473340e-01 -4.463986187502343439e-01 6.502122400916029443e-01 6.203463485960830637e-01 -4.228104331871026522e-01 -2.842784158413254603e-01 3.675256280605016662e-02 -6.051751167568636403e-01 3.445554904673394647e-01 9.768215642148466715e-01 7.655870989427248086e-01 -1.479090674977450171e-01 1.764218724981233555e-01 1.728203930976724700e-01 1.546485797416848329e-01 -6.568777751562634992e-02 1.154998791692316007e-01 1.645370506940190269e-01 -9.347034664412147420e-02 9.251587810543544510e-01 -3.124738097000427373e-01 6.911289146024738317e-01 5.090051902517763738e-01 6.175510602798151005e-01 3.757322416652432717e-01 8.226964213365049738e-02
2.981976245179551732e-01 2.034093544795693709e-01 8.060224799273637553e-01 1.000000000000000000e+00 -4.013678655977769294e-01 -4.695026336837860859e-01 -8.277632654021978287e-02 -5.799002826209516126e-01 1.633938486831907066e-01 -3.563528877625925517e-01 4.113040297441982185e-01 5.244029624154917801e-01 -5.520577874123342443e-01 1.437338605607776099e-01 -3.765481587575761346e-01 1.242858870862493387e-01 9.469706090668505993e-01 -3.612491709013658236e-01 1.997179490662711054e-01 1.905371725390294924e-01 2.817560941122024265e-01 2.533830532311564521e-01 2.231042445377078715e-02 6.871008327217638101e-01 7.713200037461006575e-01 2.939355342615195682e-02 1.998303736333225875e-02 -6.298604627015215174e-01 1.533019494349794065e-01 7.732524087231416043e-01 8.752650216675351702e-01 -3.513297144867424393e-01 1.629896758025884962e-01 6.972291520418895383e-02 -8.563289135888527831e-03 -3.382906555482784738e-01 2.078260676426429143e-01 -2.486489168502968305e-01 -6.333420122901671778e-01 4.232443416587085283e-02 1.599896263895901061e-01 7.942293731827037018e-01 7.532655374296041151e-01 3.340204552025083928e-01 1.208885590886087658e-01 -4.578238920561621822e-02 7.825511311247352886e-01 7.306108664041673084e-02 1.527495935159341733e-01 9.640594625419489638e-01 -4.783905661852745905e-01 -2.295869597217132796e-01 2.275534074788923000e-01 -5.112827262437074083e-01 1.278824905594602157e-01 3.764172053648182636e-01 -3.256845311810379617e-01 8.744129566192235803e-01 1.170489865698940840e-01 2.908244859580064734e-01 4.777970553609544591e-01 -4.439987909746020422e-01 3.582362406204867705e-02 1.067633390280703504e-01 1.712188966375329524e-01 6.060522122347139495e-01 3.937233054239098751e-01 4.284330521218758792e-01 2.870209994502023187e-01 -5.931564182835951105e-01 7.727198730587528930e-01 -2.873934477289259992e-01 -4.947880442176748328e-02 2.061604616221942021e-01 1.649205113470137568e-02 -7.009785271325813527e-01 7.642375397468859077e-01 -5.647248355071270431e-01 -2.514708036956772585e-01 8.017542863516580187e-01 5.516669489520614755e-02 -5.160701335893493891e-01 -5.219818965450343518e-01 -1.781141439555219974e-01 7.420648226774010370e-01 3.362322040996575945e-01 1.779013758277108587e-02 -2.773229147415947060e-01 6.495512368083267152e-01 -3.247896944150730492e-01 -6.555682754833043191e-01 2.534490452238435942e-02 -3.151667984662981370e-01 6.351586646343963805e-02 7.441767869190002438e-01 1.940108657836634443e-01 -1.042704191752621794e-03 2.277414236724010221e-01 -1.507936181707794296e-03 7.762002155646963164e-01 2.855285217146064647e-01 5.217228018491442132e-01 1.605183522735948443e-01 7.425468181435192216e-02 -3.476524428310626830e-02 5.256571221253482085e-01 -4.094386539444243578e-01 3.243573124837772492e-01 -1.514620605698909217e-01 5.518580700975665720e-02 3.378796163429298449e-01 1.913317033921400345e-01 8.253742972854871685e-01 2.297550293432784607e-01 -3.947990839256768636e-01 3.287272261156622966e-01 4.351750260566392692e-01 -3.194479168635305788e-01 -2.464085801949928989e-01 1.908263973090412735e-01 -5.316689397429338326e-01 8.165361319762920456e-02 7.305655200717359188e-01 5.920364401846164304e-01 9.535564010911415367e-02 4.060097523512326001e-01 2.098644669719564593e-01 3.738426596434555327e-01 1.008607858862789752e-01 2.360668728724595322e-01 1.282130992229464361e-01 -1.129494243433093459e-01 7.296691808248513267e-01 -3.710865635985096667e-01 9.453695196746634277e-01 8.556966578983956628e-01 6.565805249516534214e-01 6.294027773582259178e-01 1.250282789457916044e-01
-3.178722103371220964e-01 4.409022943810223666e-02 -2.608620253728223259e-01 -4.013678655977769294e-01 1.000000000000000000e+00 6.266249117469685492e-01 -1.531737910253026524e-01 2.879903821850252066e-01 -1.272132419435009765e-01 3.323090488469407910e-01 -1.523957118710690672e-01 -3.711878334218729480e-01 6.311984071344817204e-01 -1.988164603783754703e-01 5.583304053650021137e-01 1.168751153843991947e-01 -2.268442454385436458e-01 5.092878356572493326e-01 -1.576577364587828933e-01 -1.561453024128142963e-01 1.899888745895577380e-01 1.322433444319857931e-01 1.145720027398615531e-01 -2.387421099329610774e-01 -1.844224387943829702e-01 3.128072010646345408e-02 -2.895242947176890347e-01 5.464254525363646531e-01 -1.684834543153031772e-01 7.773273191050611430e-02 -8.223692246551572715e-02 -2.751713226290011249e-01 6.068141391884909752e-02 -2.210554141792383798e-01 3.314614865415118072e-01 5.152044502037766982e-01 2.604019634618952028e-01 2.283042204644498696e-01 1.762388472416077934e-02 -2.562573288741301636e-01 1.359302701400411928e-01 -1.885216322446875703e-01 -1.675140744535732751e-01 1.855768951690917601e-01 5.430032038239424041e-02 2.734592022117670607e-01 -3.288086366079762679e-01 1.350438828876098785e-01 -3.995265095888145962e-02 -5.020801993939368879e-01 2.824091822598953083e-01 -6.503933383348837749e-01 -2.662928521058474107e-01 -3.900744322324299906e-01 -8.617604438533631173e-02 -3.051285804180904893e-01 5.447650871610434237e-02 -1.686804989628378493e-01 -1.574157518478436490e-01 -3.423936162541034722e-01 -6.006568703218393424e-01 4.743653200174967055e-01 4.240823845777982881e-01 8.168170085583818796e-02 -1.814000322263371601e-01 -2.288730964203299773e-02 -5.681288474696335467e-01 -1.076797259202004337e-01 -1.474152230754558479e-01 5.648474835342003342e-01 -1.748200840801117095e-01 6.504173643732527044e-01 2.948590899616144734e-01 -2.260388822350149207e-01 -2.188373403107727322e-01 4.336806108786267488e-01 -1.421971567224186994e-01 2.032797752882892217e-01 5.105872049188209250e-01 -5.178994386715771725e-01 -2.753607753839821259e-01 6.748130234434911445e-01 3.128975758105199123e-01 2.421499511152100104e-01 -6.021151742854023992e-01 -2.098836299567038433e-01 -8.988883981416127822e-02 4.244456563042783293e-01 -1.807131046747119107e-01 6.675041313810008425e-01 2.540544162080634605e-01 1.765022873870102649e-01 7.058145266305865251e-02 9.345467324280422317e-02 4.646940701202322693e-02 -1.844551369511664707e-01 5.097529305243941877e-01 -1.288593713841380550e-01 2.404967310525182034e-01 -1.643805346351918106e-01 -3.137652553163647884e-01 -1.346311926395153125e-01 -7.688513193037034565e-02 3.654176682300425832e-02 5.295039297477190932e-01 1.790751639163286890e-01 -4.267586768991253332e-01 -9.454428165475103896e-02 4.986643003188370171e-01 1.879830952809397049e-01 -1.166395191339207882e-01 -2.054807089171988704e-02 -1.450779165869679199e-01 -6.277907562421485010e-02 2.560840332074525438e-01 -1.876904625044509556e-01 -3.686756749897949635e-04 4.180899344504666049e-01 3.007619678254395690e-01 -2.763880224996285162e-01 1.915855547652271784e-01 1.559132723691456779e-01 -1.307975260218906810e-01 1.145745585299791647e-01 5.238082694516912191e-02 -2.501151734373835422e-01 -6.020105823848034832e-02 -2.542951994643490310e-01 -2.829144560232564887e-01 -3.339834110722879612e-01 -2.895212625753325053e-01 4.543945498287004781e-01 1.048919547690729814e-02 6.514345666673510005e-01 -3.102278200939239672e-01 -2.571682174100822782e-01 -1.854109554152751083e-01 -6.393044465273787225e-01 1.493195104258227823e-01
-1.560607036558228355e-01 2.022718921802364733e-01 -4.341798931936085015e-01 -4.695026336837860859e-01 6.266249117469685492e-01 1.000000000000000000e+00 1.165844451954001632e-01 6.985101546095870972e-01 -2.565213405073952235e-01 4.299617149712300912e-02 -4.145422157177006128e-01 -6.925127925874779988e-01 9.379583912973157300e-01 -6.075942731232770733e-01 4.728600431307051211e-01 1.387227825023498728e-01 -4.344301556992771207e-01 7.129750806161916366e-01 3.093758754930752697e-01 -2.389638139169230902e-01 1.760193968981747770e-04 2.096903912581908058e-01 -2.248851719582170561e-01 -4.535025371345086653e-01 -3.691831139765441860e-01 2.455272003011037263e-01 1.452428892146876913e-02 3.380064565969869150e-01 -4.545311965742748761e-01 -2.725699078757311544e-01 -3.429261130709611582e-01 1.920750128285716174e-01 -4.499203836757551533e-01 -9.103199920927532163e-02 4.231502108656521877e-01 4.009968857353061744e-01 1.688282769989626342e-01 2.820528405469139854e-01 3.962901672427734390e-01 -7.179679219106874233e-02 6.024728541110611207e-02 -3.540480356932801942e-01 -2.833013205290075276e-01 1.335371609068414754e-02 2.003977844129575248e-01 7.928295193815057540e-02 -5.853992140794161969e-01 4.272687561684873070e-01 -7.640790386598850237e-02 -4.987402137820254322e-01 7.115408534506857396e-01 -1.763092829750798340e-01 -6.809951184149204417e-01 2.178370918707590864e-01 -9.940148831455909717e-02 -5.292176899969008863e-01 -2.476992022085588163e-01 -2.175896863844264395e-01 -4.318148706944494597e-01 -5.652371447472330779e-01 -6.215204254280047858e-01 9.135420250721610902e-01 3.216711798895003360e-01 2.851361868918577680e-01 -5.346626901307758306e-01 -2.684698634766667369e-01 -5.596044694790419660e-01 -1.801331404473020537e-01 -3.993948208574323866e-01 3.439981725945034929e-01 -3.153516423656641532e-01 4.783122118393357547e-01 2.164694927239861344e-01 -2.211246696835182310e-02 -5.377233380752898251e-01 4.931855877479902617e-01 -2.994842847738138913e-01 5.442056097841038165e-01 6.608312417223073387e-01 -5.483714837637758688e-01 -5.567133735112170800e-01 9.753549145171621637e-01 6.560608716106216542e-01 4.844708503823032530e-01 -5.026085537965220285e-01 -5.507559025161684607e-01 -5.112438736365194636e-01 4.108477515229329025e-01 -3.229419645729549870e-01 8.334414836500759760e-01 5.472076756132696618e-01 3.874687444386230584e-01 5.650495328341130774e-01 2.878696886186151715e-01 -3.396032457733745846e-01 -4.860283820818649958e-01 -4.243519672629957745e-02 -3.795530789990266829e-01 -1.465475453456040467e-01 -4.354327238697397462e-01 -2.712120089820899138e-01 -3.071889805120743833e-01 4.408895550331866364e-02 2.793756586187301494e-01 7.508088464135356244e-01 2.821737036042222535e-02 2.103091394878841558e-01 -4.566314406426162376e-01 1.105571445231025574e-01 6.018671654163700868e-01 -9.516480448216976806e-02 -3.264619782275339777e-01 -3.899655694742828471e-01 1.495154463015734292e-01 2.386142232463507040e-01 -1.142119688375468484e-01 5.252607372154601689e-03 8.691599779158099004e-01 7.334205111958751466e-01 -5.550994726532150203e-01 8.276570031696340868e-01 -7.873019883788610201e-03 -3.502783160197068257e-01 -9.803610388939749953e-02 1.353322102670326821e-01 -5.374084914394540446e-02 -4.657299509661004810e-01 -5.099608748049959672e-01 -3.552979915246540221e-01 -2.817278737987116699e-01 -6.396694216619427387e-01 3.560762488704157236e-01 -3.241248857752989654e-01 9.051642019786623194e-01 -4.482831946943940937e-01 -3.440305970535404989e-01 -1.125783930955480405e-01 -5.812352569927554669e-01 2.685920776251533026e-01
3.485051939642927477e-01 6.405342619010245819e-01 -6.979119592167752628e-02 -8.277632654021978287e-02 -1.531737910253026524e-01 1.165844451954001632e-01 1.000000000000000000e+00 -1.042937806664384071e-01 9.192858230498444916e-02 -5.681045685027177189e-02 1.428662342414379338e-01 -2.353881621189810591e-01 2.810943185591516791e-01 1.976658689688743156e-02 2.591467651715480547e-01 -2.956003434113518291e-01 -9.826198907066148458e-02 4.793272952877775106e-01 2.706874980337207193e-01 2.797711970516591484e-01 3.285076286136282553e-01 4.707116358691537106e-01 -9.850812556330776348e-02 -6.388297001827207555e-02 -1.125076140012231246e-01 3.097652873082334390e-01 2.548819766458712902e-02 -2.087740768706456973e-01 -6.881261752642958696e-02 -2.280427240960626600e-01 -1.391885394613599503e-01 5.225037549477032917e-01 1.277685669414652947e-01 4.331514033463726987e-01 2.585147778400291863e-01 2.766925836566246910e-01 6.136446897311017556e-01 1.601540966631273266e-01 3.526935176935995231e-01 6.159265513994947039e-01 5.713359323400392098e-01 -4.711082716267568360e-01 4.732871869711274132e-02 -6.733448717309697962e-02 2.931096619281025814e-02 5.719534164696005174e-01 -1.902807990792326764e-01 7.817177870091436553e-02 4.812414471783930114e-01 2.691360867024208568e-04 -1.116282688905569087e-01 7.930821749819334798e-02 -7.652017531275388806e-02 3.445813642990398495e-01 6.754411545167353648e-01 -1.788042915781603848e-01 3.666003016689403649e-01 -2.021883290881654471e-01 1.570209750076563271e-01 -2.970098513271525117e-02 1.639265087681976152e-01 1.824416244715222346e-01 3.860750849804552853e-01 2.107570951123769187e-01 -3.622252767948946905e-02 -5.435137460394988684e-01 1.057518350662392664e-01 3.174840577158570265e-01 -2.593263297083532870e-01 -1.124388587418104768e-01 -1.212853763809828567e-01 -4.153530620543190444e-01 -1.644320129504678318e-01 7.763194793972886254e-01 1.759514085817346085e-01 -1.541454178215907744e-01 -5.390400090326773891e-02 -9.108321642633660647e-03 3.671228064163149091e-02 -8.533605486592044098e-02 -3.267213231329382239e-01 1.075690316126141771e-01 -2.077264659467636596e-02 1.135386712072169735e-01 -4.620833501773456004e-02 1.049402263392594931e-01 -1.433789564602680755e-01 4.753219518147833167e-01 1.419292757699883514e-02 1.475133624308788416e-01 -1.938367472698145633e-01 3.074703959391346664e-01 5.178761647733415296e-01 7.974566506096750773e-01 -6.370169085174918512e-03 1.130037178063033471e-02 -2.300437794239556730e-02 -2.478332185445777103e-01 -3.486312821820697905e-01 -9.822507008426489827e-02 -8.366569621329815465e-02 -6.812778278471505466e-02 5.995679168286579402e-02 5.412247841571664608e-01 2.598302891944940241e-01 -2.100092124999675125e-01 7.885310866531848595e-02 1.881833136678779383e-01 -2.895046756379402453e-01 3.698131442555357973e-02 -1.268572348200469879e-01 -3.221205245455310839e-01 -1.395397281211165352e-01 -6.157026771388508790e-02 3.271002081242466719e-01 -1.321877045901158065e-01 -1.989738946854463786e-01 1.689668150140918867e-01 5.588109248225931608e-02 9.093091199118760737e-02 2.400355882791049833e-01 -5.133338230659533208e-01 -1.399157709959405749e-01 -1.648177555068034705e-01 6.619106418253353219e-01 6.559605954783791215e-02 -8.317211657329824648e-02 -1.061212703331555207e-01 5.380288674324946729e-01 8.059877083584483515e-01 9.493650667181273428e-02 5.018431663979810997e-01 -1.416757327512365716e-01 1.584083994765298486e-01 -1.201380779017496014e-01 -2.439835752361210197e-01 -1.889249582088620427e-01 -3.229982820726041148e-01 7.025361559351371854e-01
-2.483441983106874362e-01 -3.986640809786369255e-01 -5.571467650380980130e-01 -5.799002826209516126e-01 2.879903821850252066e-01 6.985101546095870972e-01 -1.042937806664384071e-01 1.000000000000000000e+00 -2.831441139184683320e-01 2.467420522911164815e-01 -5.888303884645379460e-01 -6.353174206286856807e-01 5.585614855413878477e-01 -7.952565855469854172e-01 1.495563671192648436e-01 -4.603501305273152711e-02 -5.503677112264080407e-01 1.782512916100016109e-01 -6.877430171687365368e-02 -2.894132042659537385e-01 -5.492241524134844344e-01 -1.974475107141762664e-01 -5.640943645710398968e-01 -5.857140856535428819e-01 -4.888943089191586377e-01 -6.342677157689330381e-02 4.610261988092297369e-01 5.838043280861415774e-01 -7.667594516531851534e-01 -6.803953586132976961e-01 -6.621775312113444834e-01 4.876424072555693434e-01 -6.892066789141118033e-01 2.062746848828724555e-01 -1.522031912169948820e-01 2.355311738025018808e-01 -3.503133496842760208e-01 1.537061077444051571e-01 7.827194115229654248e-01 -3.030398223836989757e-01 -4.745791550419323213e-01 -5.221836374870297837e-01 -5.467020522224700363e-01 1.112372577498281639e-01 -1.826397806329128348e-01 -3.418627006102739063e-01 -7.219827132903878786e-01 5.006831947071184175e-01 -4.521391012998716707e-01 -5.621601952643753286e-01 8.300959050591236732e-01 1.197466367204502585e-01 -8.512229834432137876e-01 4.435289427871984547e-01 -3.291566166311170050e-01 -7.000463285901940003e-01 -5.129172405430801884e-01 -3.853997345743405134e-01 -7.859325643825767482e-01 -7.003896118164706364e-01 -5.254517845482188365e-01 6.033746241469781779e-01 -7.974082465616825002e-03 -7.184093148962621134e-02 -8.310450331436395333e-01 -1.586239731412504850e-01 -2.849743462173603414e-01 -2.403859900466525090e-01 -6.735948837853036331e-01 3.439774166341129091e-01 -4.274695396053721508e-01 6.222337853588326695e-01 -6.856650940633103597e-02 -3.644298173564226584e-01 -6.755955886100327712e-01 8.245886292990776134e-01 -4.915258490127793478e-01 9.473099218544734912e-01 3.274616255907480955e-01 -4.075861355824894061e-01 -5.373683406641838189e-01 6.816588821060397541e-01 9.778804991483340814e-01 -2.451588681418526497e-02 -5.218786048544081790e-01 -6.960215333740983334e-01 -7.202017066278588731e-01 1.591564816526747916e-01 -5.072364980465499107e-01 3.217992681309179148e-01 9.533486685220338153e-01 -1.051363729972059659e-02 2.822820115656215489e-01 -2.391354540416206209e-01 -6.341961204304745747e-01 -7.541377834613243181e-01 -3.426222740466450256e-01 -6.659188346816878878e-01 -3.895862249803336841e-01 -5.470084070508982599e-01 -2.041272507395611169e-01 -2.038024082090444666e-01 -1.769823630124862102e-01 -2.768435037557003264e-01 3.361901813447755183e-01 -2.379691917975329807e-01 6.034534661427307656e-01 -8.175572396726308311e-01 2.814534523727714177e-01 1.328442482615499187e-01 -4.357433362457522885e-01 -5.994681456979127354e-01 -5.943087899354633219e-01 -8.215351651626762175e-02 8.604656723729928181e-02 -1.031029408200293263e-01 -1.513259831484513041e-01 7.987077673830110802e-01 3.991786538824355079e-01 -6.990974471766718823e-01 8.455366153502297255e-01 2.026392659417912412e-02 -5.602450804355900704e-01 -5.620260641212891928e-01 -2.923987332365456937e-01 2.092252348501284498e-01 -7.027822896671744868e-01 -7.427988834706370502e-01 -5.589048468269274261e-01 -4.822927577106628227e-01 -7.263646443048207280e-01 -1.902796255983907892e-01 -6.558691446733604380e-01 4.116718299022788519e-01 -4.727378514521772823e-01 -3.224081410226246058e-01 -3.244145262631706328e-01 -4.659200327438893230e-01 -3.005796416447559238e-01
7.044575017449529464e-02 -9.311557400782805027e-02 -2.577291724417619112e-01 1.633938486831907066e-01 -1.272132419435009765e-01 -2.565213405073952235e-01 9.192858230498444916e-02 -2.831441139184683320e-01 1.000000000000000000e+00 -1.702475119965178307e-01 7.697502906315136784e-01 6.672195783970332750e-01 -2.024625110671034178e-01 5.589140075856878775e-01 -9.981413282426274125e-02 -1.580667596007783240e-02 1.802361007139081095e-01 -1.078195800156850764e-01 -5.633668012050532803e-02 9.524390256987721459e-01 1.813744946708593653e-01 4.419059967958821056e-01 3.289473283356592614e-01 3.744939747282812759e-01 -2.872059884517528250e-01 2.858983399996670172e-01 1.335464681714940427e-01 -3.570731206726677764e-01 4.069290435341123002e-01 8.378584272322439630e-02 1.008743252735309556e-02 6.502830083939370454e-02 4.448314220295491173e-01 3.940543453311557975e-01 5.631130772444761790e-02 1.050078620045394231e-03 1.881508997790662663e-01 1.707148171958001170e-01 -5.705350418458944584e-02 7.563991710185455353e-02 1.924317493076897478e-01 2.918457728634610282e-01 -2.667823406995207258e-01 5.022130538509882863e-02 -1.257410365646881856e-01 -1.480686565121395737e-01 -6.951721335453511785e-02 -7.682812093620906835e-02 7.129531205412889538e-02 2.284041586587373107e-01 4.116796413510932090e-02 2.575015440386126397e-01 4.245941883718216681e-01 -4.836905389882065892e-02 3.504851346707077986e-01 5.551646864657230340e-01 -1.284515441488593259e-03 8.715089791151617304e-02 4.292014520708976044e-01 6.226892369270240479e-01 5.681509562316920947e-01 -1.217910674153531020e-01 4.685806703886478686e-01 2.668876506989239505e-01 3.247804648749472167e-01 1.983499146967025728e-01 7.755226409995379377e-01 -1.216675020538739577e-01 4.198893149926438695e-01 -1.600056027712506990e-01 -3.308543572242004238e-01 1.138528321987662545e-01 4.653874152538394204e-01 1.289369584148808701e-01 6.199183926758606855e-01 -2.684581584862486547e-01 -3.024494770406702115e-01 -3.720009370394367632e-01 5.945573397744164518e-02 3.385137825657988375e-01 2.822221401156006504e-01 -1.090654681901315065e-01 -2.490126609540792568e-01 -8.794938886846566384e-02 1.480993086911510659e-01 7.214862678211301228e-01 3.384147328231358887e-01 3.955498549614738235e-01 -3.376407606268740369e-01 3.596893493534485120e-02 -1.996506676093767196e-01 2.390130052548208317e-01 -1.796036806776225847e-02 1.925044055047202621e-02 -1.272277126461105745e-01 5.186080219632586141e-01 2.119119664641284095e-01 3.545834630733621373e-01 4.086424703541673975e-01 -2.206513566259767911e-01 -3.641582763426531866e-01 6.017347295391345385e-01 -8.409905001726859786e-02 5.627836044324999176e-02 2.253826647160965257e-01 -1.917492485011022540e-01 8.155836989860431110e-03 6.244371660747920494e-01 3.326392147341522554e-01 -2.136483416089447196e-01 -3.354538568001432797e-01 3.074965750787251872e-01 -8.568675188726912473e-02 -5.959984403242172407e-02 -1.671233077278888868e-01 -2.746177374974129726e-01 -1.548546359286113172e-01 -2.160408522940142906e-01 -2.706484079446772606e-01 6.728403229115880180e-01 -2.287366692174184479e-01 -4.831491856939561513e-01 -2.593025257579256726e-01 -7.397680696485363361e-02 3.299089469212293513e-01 2.619506381501912617e-01 4.649006686224477214e-01 6.402853141198042719e-01 3.735767826716517304e-01 3.629258173331038617e-01 3.908404526015339941e-01 9.428264359544927253e-02 -1.660889723180693223e-01 -6.709325101381365120e-02 1.841202404867822995e-01 3.223492715813860987e-01 1.472549720788631222e-01 3.263475207315976734e-01 8.081165229890753532e-02
3.900387464333573417e-01 -1.871297695205381972e-01 -4.006869099072403739e-01 -3.563528877625925517e-01 3.323090488469407910e-01 4.299617149712300912e-02 -5.681045685027177189e-02 2.467420522911164815e-01 -1.702475119965178307e-01 1.000000000000000000e+00 -4.693853950812413439e-02 -5.927569405145268616e-02 5.395100988605843612e-02 -1.437818309897143654e-01 5.159547275377810438e-01 3.157130305073305720e-01 -9.036219381013782526e-02 -5.861310435371687444e-02 -1.698187080734175070e-01 -1.828118103882701573e-01 9.691303666603874600e-02 5.977618376789980287e-02 -2.733877659065099275e-01 1.770493873051998124e-01 -3.488356845413565499e-01 -4.783855781146323372e-02 3.613144561051277459e-01 8.592104773377284843e-01 -1.723016478301026555e-01 -3.934416566748234478e-01 -3.032529888308185817e-01 1.301127977624799148e-01 8.936529837353753003e-02 2.620462909089732451e-01 4.771218743936241763e-02 5.646590596998881662e-01 4.842933869925256790e-02 5.730450542375116196e-01 2.874752153282467693e-01 -1.643144640341884788e-01 1.397453175633298628e-01 -5.131930080461503119e-01 -4.967258421081594544e-01 5.180487502590089832e-01 2.944204004443867762e-01 3.867896706474925894e-01 -3.221076774328325842e-01 -1.102091994105607181e-01 3.590961226679846297e-01 -2.167793478002104368e-01 -9.004618579813432333e-02 -3.790321623414281138e-01 -1.711519046916405717e-01 -3.352256947221552985e-01 2.736163504443218653e-01 -1.804314272226406335e-01 1.900650072352477182e-01 -2.581780224728725259e-01 -2.894791596211883644e-01 -3.681711180735190020e-02 6.445437848853390050e-02 -6.942477106243889751e-02 2.456224337659792256e-01 -2.477788234553164048e-01 -2.608556255338294605e-01 1.944470819146666696e-01 -1.610223153997198536e-02 1.552504994818660056e-01 -2.459412109658648260e-01 8.754042403941723061e-01 -3.225935024972441112e-01 5.316405586910696313e-01 -4.747166047195082728e-01 7.548612613037279651e-02 -1.538474015979921505e-01 6.747775436838844287e-01 -3.799171806441076216e-01 3.209907977114978550e-01 8.740810887057239020e-02 -2.098648424305676052e-01 -4.340180833257864523e-01 2.841153499645510810e-02 2.774306411052019916e-01 -5.705073802657700810e-01 -1.259972162013924812e-01 -6.722466700142583351e-02 -2.022315582890337748e-01 4.264249798919161893e-01 -2.829029485899249297e-01 5.872214207635104849e-02 3.647986732092067808e-01 1.643675545912490488e-01 -1.746473206371247687e-03 -1.139302761157970773e-01 -1.281671060609142210e-01 -1.102473294196655018e-01 6.540134480913441239e-02 -3.523624832514029581e-01 -3.646582060710419904e-01 -3.601466769169933690e-01 -3.796377110094617969e-03 1.415722709899726872e-01 4.189559146777620535e-01 9.530715013274039527e-02 -3.155350797913165223e-02 -1.590969339817729644e-01 -3.209771990935216257e-01 -1.418767295676556239e-01 5.712161479880173420e-01 -2.388315444336239560e-02 -3.942089245974220724e-01 -3.126334905017792432e-01 -2.647888370609844944e-01 3.123982060544990280e-01 6.431728440349318010e-01 -3.227525195183071904e-01 -2.316490979504592651e-01 2.611719630750700127e-01 1.861889994672399629e-01 -6.612150820496827397e-02 5.595881987129604912e-02 3.051517149644376037e-01 -4.452451619436693653e-01 -4.803656606354568814e-01 1.471826307818311919e-01 1.652702447482298498e-01 9.714761972213853403e-03 -1.757116620910487148e-01 7.604355235530992074e-02 -1.285792229444231161e-01 -2.360454340902930562e-02 1.111336425233055564e-01 -3.486146222204328793e-01 -1.902781681856271501e-01 -5.684701543421119552e-02 -3.029091019307755261e-01 -3.662339610868141637e-01 -1.741863205985740570e-01 -4.287678102531119334e-02
1.933111491580475350e-01 2.302957108365184455e-02 1.379593333985851544e-01 4.113040297441982185e-01 -1.523957118710690672e-01 -4.145422157177006128e-01 1.428662342414379338e-01 -5.888303884645379460e-01 7.697502906315136784e-01 -4.693853950812413439e-02 1.000000000000000000e+00 8.247393703530163656e-01 -4.168660430412879370e-01 7.352153137374496383e-01 -6.046863568581312132e-02 4.007416107588939180e-01 4.157090855249263028e-01 -8.237050265135170690e-02 1.047679339682234811e-01 8.275857410535832903e-01 3.385416954717312410e-01 3.654993964799777006e-01 5.092422064654249514e-01 7.356142673129770770e-01 1.278736371000603611e-01 6.800323677246777367e-03 1.279037465616415792e-01 -4.319044342273358761e-01 6.141564255190317123e-01 4.381273017144380333e-01 4.467009106981789102e-01 -1.911669908368920090e-01 7.961163276506220132e-01 3.933134583234620396e-01 -3.290018878743020125e-02 -2.409516964634243752e-01 2.825320602547819471e-01 -4.202356035373765175e-02 -3.853352490990661350e-01 -1.161071024879007096e-01 3.820907061710308028e-01 3.772189066387873768e-01 8.306171202380606411e-02 3.479813257357090572e-01 1.258581825712934699e-01 5.440635438601138657e-02 2.350790277457790178e-01 -2.298153985849838224e-02 2.742457927069212875e-01 5.067517015294237259e-01 -2.551345654696239862e-01 -1.329395684752981144e-01 6.118357677593750932e-01 -3.681790763924618348e-01 3.511071710661387568e-01 7.460523369508994529e-01 2.235343941284480551e-01 1.954116209936085924e-01 5.642263957236677285e-01 8.392486650788980596e-01 7.761709014121048744e-01 -3.693099781535538195e-01 2.802967196383243653e-01 -3.524797511926139326e-02 5.264319274466686682e-01 2.109736078216277178e-01 6.423330565170116691e-01 3.583088070207685605e-01 5.624713863124172208e-01 -2.021095921384867267e-01 9.885067529877011872e-02 -3.793854064102826495e-02 3.625544257651878710e-01 2.211067705010301976e-01 7.570886697526562070e-01 -5.490307511976475485e-01 1.275633245352723599e-01 -5.577271508476894235e-01 -2.319594892361251104e-01 2.741707044092286383e-01 3.822369605424193462e-01 -3.692173326814874312e-01 -5.293444245183810404e-01 -1.469965458616178944e-01 5.669364863127973608e-01 9.551925688565292560e-01 4.633582607952790866e-01 2.488172436733339654e-01 1.581108841129563181e-01 -5.550684866990461541e-02 -5.775075004936465195e-01 1.139815970797093680e-01 1.667497288880070705e-01 6.275257136211295772e-02 3.857696745146526052e-01 7.656125975196285127e-01 4.580580444314681365e-01 4.474657755596075925e-01 4.796648623817442170e-01 1.572829729199794746e-01 9.082996586960086216e-02 7.566554791343391706e-01 1.342603980850290146e-01 2.503762880283151304e-01 1.201249897240894843e-01 2.066392935329181835e-01 -3.877595684053276037e-01 8.827060376032216382e-01 2.378804662884952958e-01 -6.871632808154627681e-02 3.931799911546129955e-02 4.355290384431448891e-01 2.727510947877339054e-01 1.327104382672598115e-01 -2.140889182020466741e-01 7.135582359254441509e-02 1.692831460124880338e-01 -4.037646582904033110e-01 -8.876622320649676934e-02 8.613243843618906270e-01 -5.398707902136699044e-01 -5.624703638145889945e-02 1.387496423144524704e-01 2.482256972462908440e-01 3.375699056343460791e-01 3.765595207975602765e-01 8.240390309241364397e-01 7.872265723035692941e-01 3.468580420334865799e-01 3.555306734624472664e-01 7.362070733352177321e-01 1.066216062865330272e-01 2.772054148781539218e-01 -2.280221106568127987e-01 4.532340590225629184e-01 2.575995810527009211e-01 4.722032639879699678e-01 4.866843177222712757e-01 2.060224152067444414e-01
