1.000000000000000000e+00 6.172038054605983870e-01 2.193731360027533633e-02 4.003210674617364018e-01 1.043301984457125214e-01 3.653661416389546446e-01 4.674796057720478348e-01 3.920052099723135841e-01 3.518589470637034644e-01 5.526039950890204722e-01 2.653308816774574974e-01 3.290160384875390198e-01 3.770948256589616299e-01 8.863809456539026299e-02 4.052279647483146285e-01 4.357518802562378446e-01 5.685238045221278069e-01 3.042511224655972124e-01 6.124527595980909789e-01 2.786147491133211251e-01 5.615798072225789417e-01 5.768405520719399604e-01 -9.887977670833440758e-02 4.667330837475183181e-01 -3.587601859128504433e-02 7.488065134459203076e-01 4.385685468363237360e-01 4.280721425487908349e-01 2.713909861745428254e-01 2.464914495923198334e-01 3.275918960251759104e-01 4.941626411766242843e-01 2.394074615378609383e-01 2.396949196778269953e-01 6.593522416583693646e-01 5.208871577141559461e-01 4.736726770979292622e-01 3.822690884150324320e-01 4.157167014803465066e-01 6.158954150887295809e-01 6.125138856794399844e-01 1.757929247775474602e-01 2.435454787788932790e-02 4.036245608858228251e-01 8.137390468446874525e-01 5.914566162466826649e-01 3.796712154489507718e-01 3.509321441417865284e-01 8.445153145216828250e-01 5.456983870327113406e-01 3.470202658828041575e-01 1.063248273436212671e-01 1.657680137604939097e-01 2.961778622478268286e-01 7.907926601266851430e-01 3.026952469166507842e-01 1.590930414216680799e-01 5.174116146831055918e-01 1.752115338395596189e-01 3.789598090839010336e-01 5.738137455606580062e-01 3.530313281719701934e-01 5.999811249216017162e-01 6.520868233673045022e-01 8.010884549068170157e-02 4.804365365009286570e-01 5.085079215086741877e-01 3.547513632295525299e-01 2.387955111524066310e-01 6.330087784362626868e-01 -2.367924193771452426e-02 3.649311919213609756e-01 1.751361495486593312e-01 7.631878463750439989e-01 1.168313270058137648e-01 4.134556504263767196e-01 -9.634492371581279344e-03 4.030906557403182711e-01 4.377454611485270264e-01 5.808532908403291062e-01 -2.727920041631692882e-01 3.528854168136558167e-01 3.867547085807142015e-01 1.866556411421872175e-01 4.856687808141375018e-01 2.547020120877685478e-01 -3.337791724906109814e-02 5.913741155408711592e-01 3.583570748862099226e-02 3.309889139913166356e-01 3.914325699693471661e-01 6.894982867463574916e-01 3.200844508601147775e-01 3.936192431354859078e-01 1.845811328191824252e-01 1.262110563733800095e-01 2.095701783757326353e-01 5.998250583522260482e-02 1.774092272108058338e-02 6.695136855753139327e-02 3.847387877221853936e-01 3.215801823520806901e-01 9.100286541016538999e-01 7.326067551861178417e-01 2.658010117933738425e-01 2.754319749858006317e-01 3.301137046251246265e-01 3.897538874667852982e-01 3.888677944409388298e-01 4.428808145578517208e-01 2.555319033408923746e-01 1.130146381365965957e-01 3.503490810174333392e-01 8.570370086615790584e-01 6.136048853720884599e-01 2.628466641508454549e-01 1.628755876529665303e-01 4.090785524307204990e-01 4.167997682744425947e-01 2.752533132717245312e-01 4.046441310473994912e-01 2.179201333410863972e-01 -7.215940592970353229e-02 7.055616918741921748e-03 7.691612744327095408e-01 4.540499598020342753e-01 9.010422117357021199e-02 3.176371033199989480e-01 7.120782754416727922e-01 5.725740914914237978e-01 1.322500469437120074e-01 4.513317258738338000e-01 3.003556089423379399e-02 2.763725590797966869e-01 4.755093405449495880e-01 4.440172408392951686e-01 1.537716432163148961e-01 5.593707100430138635e-01 4.425213059664229731e-01
6.172038054605983870e-01 1.000000000000000000e+00 9.603001684948708760e-03 3.887926145002620903e-01 5.713463141550756408e-01 7.984784842812340244e-01 8.636108217778003526e-01 7.631433875873655515e-01 4.240278515753533317e-01 7.076759700439050338e-01 3.057264627132340040e-01 3.734701489203140490e-01 8.407613336075021593e-01 1.557797165732029976e-01 7.718663433731374202e-01 3.021336693454498290e-01 5.295451915304743018e-01 8.525571077738370862e-01 7.051803963749539994e-01 4.110835931262273868e-01 6.593714882911515529e-01 5.725390753347321393e-01 4.274286917022639964e-01 7.088573079813427213e-01 1.972030871384730655e-02 8.981271545227220710e-01 7.161943542619981784e-01 7.664186847498382082e-01 4.458536300914186512e-01 5.531034687751897883e-01 3.160276995009875245e-01 7.865565245596413124e-01 2.881088793706656492e-01 1.015185783759398573e-02 9.169279730036826725e-01 1.910838270909614445e-01 8.162360473627846558e-01 7.018203707732229013e-02 7.725578503952731380e-01 9.160470537845328831e-01 7.695916532361448681e-01 4.406082447060706841e-01 2.859525004316763597e-01 6.616750103360848900e-01 6.521093217635841599e-01 8.910219117458959559e-01 5.993992059978711096e-01 7.328268358548335470e-01 7.363368886216881126e-01 2.505004764617222435e-01 7.473129165487694126e-01 6.697315916684794257e-02 1.981571331381987711e-01 7.577257616131133355e-01 6.287550462025380815e-01 4.646586290528962326e-01 -5.204785892698873340e-04 6.810572220937314292e-01 4.819873068392588888e-01 3.579844623685427552e-01 5.931463921072304135e-01 8.190815236710387026e-01 6.338329194612106754e-01 9.159252548744568623e-01 3.030793793172046335e-01 6.405713020164467419e-01 6.262015129861283613e-01 5.262004603216213772e-01 6.048822104544511191e-01 8.011178202745165011e-01 -1.795994176426729538e-02 7.116680597135888187e-01 6.733053390485764789e-01 9.402102224851579537e-01 1.846945143409916557e-01 7.701390863208001925e-01 4.616767613222346606e-02 7.522417340560306753e-01 8.654664052764106108e-01 5.663125795784091920e-01 -1.737046008626973864e-02 8.038451649816724665e-01 7.624486134446203378e-01 8.345351840625541140e-01 2.292947578295108368e-01 1.950386533459362859e-01 2.281999495661898858e-01 6.954142406077188365e-01 1.591293167729905533e-01 8.201470610270281680e-01 7.620232836735022497e-01 8.747752800257296846e-01 7.109750275018754673e-01 4.460896257063956538e-01 2.176278860785441083e-01 1.188206515676058506e-01 4.905813234489821983e-01 4.541365716570299194e-01 4.625425876449388296e-01 1.227716740258968653e-01 6.747601698534072545e-01 5.206518847802713568e-01 5.850843452745488893e-01 8.900710242019258533e-01 7.323011773316997486e-01 6.314944525472088177e-01 7.225425312150218771e-01 5.513260875702652442e-01 7.299479405550741706e-01 8.060987131529797622e-01 6.228811758407901689e-01 5.542041967459468976e-01 3.491148093083252801e-01 5.472685588347180330e-01 8.946299148507808052e-01 6.458052439514934129e-01 5.524535948613467085e-01 7.879444843775784690e-01 7.619312013273965567e-01 2.528161066472254803e-01 7.847909952218877772e-01 4.809744975906820597e-01 1.568081608132153304e-01 5.003346919983967522e-01 7.236947909350613939e-01 6.249959520451919825e-01 6.546271617190779768e-02 3.519477633303226272e-01 6.988529465186410494e-01 6.467981323480059830e-01 1.948659329203214496e-01 8.626229763275957696e-01 3.437942782746217230e-01 8.211914332745847700e-01 3.461214685610460307e-01 6.682298734040816868e-01 2.871232089913487440e-01 4.187558779921382590e-01 8.875848110830458770e-01
2.193731360027533633e-02 9.603001684948708760e-03 1.000000000000000000e+00 4.860576986762926710e-01 5.473895473321944982e-02 1.033347735851669752e-01 4.802341985473200514e-02 1.471521916914642625e-01 1.424747422364527061e-01 2.729004702200820698e-01 -4.259316092208439292e-02 1.914489830706509466e-01 9.411208062975251476e-02 7.203381463658026229e-02 1.198678698643334817e-01 8.714948828697137440e-02 4.180816177798938882e-01 6.064026010278122936e-02 -3.894182692924348654e-02 -5.235117647134409496e-03 -3.655061659379334887e-02 -6.752992561884403611e-02 -3.396745394163441789e-02 1.986941735626493732e-01 9.875556405021147510e-01 3.315489984063357820e-02 1.616061698694777060e-01 1.838991753563009035e-01 1.065701375956101399e-01 3.822360811995022534e-01 7.112867634645996251e-01 1.175498013836052819e-01 -4.409320568452776423e-02 2.497641209911581617e-01 -4.069188465053009268e-02 2.450138646347698179e-01 -6.114468503897328017e-02 4.189113114888133316e-01 1.571762016533977957e-01 1.332290160394246359e-01 -5.664841152523186762e-02 3.077648964005215149e-01 8.878861063212940552e-01 7.800545720998376675e-02 -9.326459877056468561e-02 1.868038656563869582e-01 5.514792344653889344e-01 2.233109041869798250e-01 6.624122898049847330e-02 5.446129926709011304e-01 1.380653974057281519e-01 2.795206369689916537e-01 3.140209523180580997e-01 2.330524718266846207e-01 -9.335058554996704394e-02 8.080041704366848487e-02 2.042497243419955366e-01 2.900229765352644873e-01 1.837487855650192514e-01 1.687560831021445718e-01 1.654744576297738357e-01 7.875675618630285924e-02 -1.567602434758381402e-01 3.265297991012367645e-02 2.584074533497603410e-01 1.744446549087922127e-01 1.810326868827728530e-01 5.466510375768400820e-01 1.864773160390921225e-01 1.694586326802729193e-01 9.884082819970275713e-01 8.764142085037002206e-02 -2.564967278330106126e-02 1.236909713631214602e-01 1.528550678361022264e-01 1.652207460172852860e-01 9.809765318582633897e-01 1.857513640125401377e-01 5.346338827005045480e-02 3.363841525241748620e-01 4.185915148567538324e-01 7.036655372928386776e-02 1.327282756711812006e-01 -3.669457621483341453e-02 5.982307056645984611e-01 2.841338557687753466e-02 1.874352587111474122e-01 -7.227254191110624171e-02 8.963600413428227665e-01 -1.406128549794054793e-02 1.674085425415568207e-01 -6.774396189283135583e-02 -7.282768244830852000e-02 -3.974196240844007355e-01 7.492231010626598797e-01 2.248185089416211424e-01 -1.675481523663579775e-01 1.096860377503945105e-01 -1.650565055367295697e-01 9.851081675027506535e-01 4.516457287946377686e-01 6.212345633940340173e-02 -5.208216638510498181e-02 -6.928862981891945050e-02 -6.598773046040860846e-02 4.715424764980099548e-01 2.039115506424489244e-01 5.562125001341908931e-02 1.523393600159662631e-01 -3.652636723978658177e-03 5.368909953299701998e-01 8.347130154309700956e-02 7.864235809144501932e-01 -1.340949504265773751e-01 2.446813800480188150e-01 4.424565793360162314e-01 5.267952573445732201e-01 1.125744653166717013e-01 3.341351823457165693e-02 1.467086158894655712e-01 1.393732745939473827e-01 4.221478644839287142e-01 9.461286226360668961e-01 5.158036580847861208e-01 6.692559531163883024e-02 2.910261948139160615e-01 1.272190356463665517e-01 1.834708503078795738e-01 1.143127938254633463e-01 -3.484569656359635670e-01 2.194971484901217240e-01 -9.761053278552800361e-02 8.024680816304793352e-01 -3.139406430755418975e-02 4.203308340793573961e-01 2.732895913373721286e-01 5.063918214810694263e-01 4.212469797960688989e-01 5.234128688075239538e-02
4.003210674617364018e-01 3.887926145002620903e-01 4.860576986762926710e-01 1.000000000000000000e+00 3.177475506616651013e-01 6.645860689503240160e-01 5.135581655950962610e-01 7.336723854686414414e-01 6.767581539517183442e-01 7.185280316777200582e-01 5.367406963188717794e-01 8.163946416558864883e-01 6.228178810571686208e-01 1.223082459002167721e-01 3.785528598681557888e-01 4.418234037013031856e-01 9.608606035826201541e-01 5.195466968693258636e-01 4.348982081585501813e-01 5.922842930978684528e-01 1.339837876181671494e-01 3.758661576270916349e-01 2.208245448229000651e-01 8.276791633420588212e-01 4.885531409113834655e-01 6.222415929945217528e-01 7.755621216459902545e-01 7.378108134559611120e-01 3.105996102411072712e-01 8.080659276070797370e-01 8.579768137672167949e-01 7.007543478035527240e-01 2.104858358440367117e-01 4.463429988168920448e-01 3.510146363965387928e-01 2.512543621417616113e-01 3.083651133276845702e-01 1.456123363195127238e-02 7.271041213965772076e-01 4.759633824874707209e-01 1.460374617885052406e-01 8.697390768681571016e-01 4.309162175016419960e-01 7.974404880821877040e-01 3.034896048490931530e-01 4.362277685130692140e-01 8.160187255669515416e-01 7.714783643132973046e-01 2.349939150954140354e-01 9.002698602954828377e-01 7.258872796884358047e-01 2.797524634897213119e-02 2.175414050038144143e-01 6.343553425687936675e-01 2.779312676316752495e-01 6.098609862732699005e-01 -5.368222115447443543e-02 9.009588220473445652e-01 2.156916370560806318e-01 5.734413497087252898e-01 7.901684924816175792e-01 6.433763700978252231e-01 3.795511424564013692e-01 6.236406049733644874e-01 1.400762971245877730e-01 8.610006355078940743e-01 8.326693938892358871e-01 7.007651469252557108e-01 6.433116697990307609e-01 6.175985843690715571e-01 4.958689250537225424e-01 7.540593345434869477e-01 6.223526244494922421e-01 5.136206953542924447e-01 1.108232457454910586e-01 7.368000547423070312e-01 4.245969668054025981e-01 7.505396286058930722e-01 6.422103548265379880e-01 9.384405675867608654e-01 1.544053122598927075e-01 6.469711585678555865e-01 7.337465942403111896e-01 3.987783499106477558e-01 6.623193542521570443e-01 4.361046841897623927e-01 7.939152533651216981e-02 3.657144590373744286e-01 3.596185409200783889e-01 5.064097883613867257e-01 7.445601531683593288e-01 5.304251170943378169e-01 3.847948380969055671e-01 2.322266935624360262e-01 5.588741689436729221e-01 2.099183378140686007e-01 3.337714862185631737e-01 4.254947472657799046e-01 4.022164334246209338e-01 4.748998205519662230e-01 8.006591991066925873e-01 8.368930395731731808e-01 3.039109738059634358e-01 2.740467540896592835e-01 5.729386749011959878e-01 7.675648378200432553e-01 7.137924091068955645e-01 5.049168565847611534e-01 7.787647301970002101e-01 5.918239027667622221e-01 5.341641866294185581e-01 5.133991819797795175e-01 6.395172864487430608e-01 3.833771356233902639e-01 6.446713057286673765e-01 7.492542940113759986e-01 7.411163255180516218e-01 7.194891778149962169e-01 5.870054482561777309e-01 3.573197326263378160e-01 7.127044808491732608e-01 6.386372652263908600e-01 4.942421968353183925e-01 6.073783489455824025e-01 2.636024010549051777e-01 8.661387764954467938e-01 1.972255608551512496e-01 5.457753855183137270e-01 2.045324107888919496e-01 2.006469517807586977e-01 6.741024691589235507e-02 1.799740392195366412e-01 6.491847999909201583e-01 5.164906765245498299e-01 9.642822278378786471e-01 8.969276717384125908e-01 7.169473933868707460e-01 7.714129955284373397e-01 3.579724611016598668e-01
1.043301984457125214e-01 5.713463141550756408e-01 5.473895473321944982e-02 3.177475506616651013e-01 1.000000000000000000e+00 7.267026153619873252e-01 5.855063805096532015e-01 6.692506594333370584e-01 3.339586095440982283e-01 7.791458286110355402e-01 4.442871350047048473e-01 3.698628856993461667e-01 7.403685618528166312e-01 2.405396089117710912e-01 8.521101212960191518e-01 5.101065286683732491e-01 4.671046346636674729e-01 7.978324844248557701e-01 3.962420028143183726e-01 3.535018006017441317e-01 4.824439578987727018e-01 3.114967277490697795e-01 5.405537400144219129e-01 6.413995040025078920e-01 1.086073175215009207e-01 4.235787188491175193e-01 6.121766851848206015e-01 7.367105951047669965e-01 3.490628018047483017e-01 6.850509112200316997e-01 4.892042143577847724e-01 5.502047496406845539e-01 4.569018922822992712e-01 2.891833607412034879e-01 5.033593831121218054e-01 1.787031962464784018e-01 6.140837371618447227e-01 1.151834785671398131e-01 6.373417977595351447e-01 3.073024274240077069e-01 5.054563193602665816e-01 4.719479182354462954e-01 1.134309258096739687e-01 7.140161342048240156e-01 3.878065642579163752e-01 7.467482844585372481e-01 4.942350154511449545e-01 6.797350012631961924e-01 3.902985198238339559e-01 1.207884845678086350e-01 6.754230844631931019e-01 5.603309629425222704e-01 1.194386069895314456e-01 5.197881553489455131e-01 3.434136382384454511e-01 4.014711738696727927e-01 -5.291766186178419040e-02 5.323017812951426064e-01 3.205681998030557867e-01 3.133771107007870538e-01 4.202851834939135278e-01 7.230966355180095118e-01 4.793115261279515815e-01 4.920902915125346944e-01 2.474706524135288632e-01 5.747636127190350885e-01 4.136747764633447177e-01 6.295784231314612844e-01 5.330417884221513303e-01 7.850438195332004598e-01 1.256772072188462597e-01 7.154931653507247136e-01 6.541158377848933503e-01 4.726408279928926426e-01 1.490395447409395557e-01 6.881399780341763694e-01 1.245535602384478108e-01 6.560574211325886917e-01 7.301870914000482271e-01 2.869363890340950740e-01 1.141376617051350351e-01 7.347130843368413489e-01 6.686637906708191581e-01 6.347717660437742770e-01 8.326606854049234396e-02 3.056515431609295730e-01 3.449875628330205668e-01 6.129060037427364049e-01 2.413053568291846918e-01 8.140858832161753655e-01 6.691890816889859428e-01 5.544400330494682061e-01 7.163551542575993247e-01 2.250118687677100382e-01 5.523613678657255388e-01 2.249575357736288417e-01 6.873729505637973247e-01 3.561246892595354430e-01 5.555138266824667381e-01 6.957082851926182920e-02 6.263068417244014308e-01 5.997512522439750748e-01 2.404134032479559591e-01 5.577144226409236349e-01 7.769678390077282559e-01 7.199737637803149681e-01 5.231803930853115014e-01 5.180778043039253600e-01 7.075963103200656468e-01 7.007488710273825916e-01 5.086239774048556539e-01 5.008474384673790025e-01 2.558511490398210908e-01 2.280901157183204409e-01 7.372023293788043663e-01 6.153454589172081546e-01 6.154571867885519909e-01 6.839284214614270718e-01 7.207127038545727560e-01 2.509652561126995418e-01 6.667615317345805259e-01 7.514458540273178944e-01 2.469300913366007932e-01 6.666912779738884964e-01 3.124986135045838553e-01 5.741893886661278978e-01 4.461317498932203529e-01 2.913207897670896940e-01 2.483866071371723105e-01 3.630980096009298608e-01 3.265887979500788907e-01 6.595829323512397702e-01 5.546975547392875017e-01 7.584268275930653447e-01 3.928509317480106122e-01 5.553567920400909186e-01 3.772519296476788964e-01 1.162100603584336755e-01 7.023508814102369380e-01
3.653661416389546446e-01 7.984784842812340244e-01 1.033347735851669752e-01 6.645860689503240160e-01 7.267026153619873252e-01 1.000000000000000000e+00 8.696927631406590198e-01 9.906555265924674725e-01 6.433470290526547286e-01 8.733259510202417975e-01 5.988159197008107171e-01 6.724505969295281327e-01 9.950520037727593747e-01 2.775632822782619358e-01 6.868554998635014730e-01 5.690170448167101158e-01 7.318157293589346857e-01 9.597581394580003700e-01 7.988196970371831407e-01 6.159648490544142874e-01 3.122515947733263686e-01 3.352696566273948298e-01 5.726996318454596890e-01 9.423746049973902306e-01 1.314764647486229843e-01 8.445358539740446258e-01 9.669173571058016226e-01 9.750005380080067896e-01 4.968763667611448831e-01 8.816527220754858396e-01 6.033138729682546719e-01 9.535774832732234474e-01 4.478925279678745430e-01 5.417943085211256865e-02 6.598286255409161472e-01 3.246625800741729795e-01 5.705372008162244990e-01 -1.526192989862998617e-01 9.809599445713149679e-01 6.679831613827077463e-01 4.189240552930660888e-01 7.965087768535954460e-01 2.616927917379116009e-01 9.289232690944674298e-01 5.777736907096615582e-01 7.181680092934030757e-01 7.308373776367466101e-01 9.832095354827568023e-01 3.726529896303951150e-01 4.537766667655707686e-01 9.909925143851913143e-01 2.174686830218145184e-01 2.114977086015995267e-01 9.348623770670220212e-01 2.946481993444126646e-01 6.819073300535949400e-01 -1.777145452051625022e-03 9.067267479451208700e-01 4.365949961597103135e-01 5.800760990611352197e-01 8.250519321940026352e-01 9.936751461504637062e-01 4.490274739261996828e-01 9.061467874301246672e-01 3.116970938028872928e-01 9.152164215141889159e-01 8.552968613798578312e-01 7.238809972617408217e-01 8.074653843997514624e-01 8.605189122470878749e-01 1.449939198852011057e-01 9.772208343480500714e-01 9.237594053595826749e-01 7.476188002223383977e-01 2.502031178328760208e-01 9.858068956264681715e-01 1.253911679389221046e-01 9.835597842003878100e-01 9.438343068919972101e-01 7.559208748260797250e-01 2.359072437180787241e-01 9.986154726271037063e-01 9.889102503565777580e-01 8.784892914082691462e-01 4.066389874964227436e-01 4.497852563401223414e-01 2.848082147663233976e-01 5.512628676659606652e-01 2.486409389152207106e-01 9.347607230126826483e-01 9.870571295318808502e-01 7.631329283166973232e-01 8.993410803138365273e-01 3.553402750921301201e-01 4.123171258855245491e-01 2.366669498387199977e-01 7.144317563690143480e-01 5.791227539077140607e-01 7.238049680244760253e-01 1.580261551361418493e-01 9.123138318279484515e-01 8.460512982198944432e-01 4.583464793105321844e-01 6.818163653703827043e-01 8.985308279987004321e-01 8.784746343530508428e-01 9.552364104985462401e-01 7.063922701125718850e-01 9.715932135722987750e-01 9.612691066565520748e-01 7.310538209856010106e-01 7.329950532941803543e-01 3.794535584322648036e-01 5.026552386131395433e-01 9.002091952468161962e-01 9.133948049737271591e-01 8.125512155843569451e-01 9.949609905243087526e-01 9.700651727914247902e-01 3.693756786846310036e-01 9.934471899544315976e-01 8.085515418873985283e-01 3.081724369100216632e-01 6.986537695804005965e-01 3.208388574959241124e-01 8.955910557841597619e-01 2.646177649597115100e-01 5.098083787091265418e-01 3.080911997737152408e-01 3.625582825735509385e-01 2.504220131102568025e-01 5.953157910744010239e-01 5.738176076349867927e-01 9.671180602979513319e-01 6.089195867291160580e-01 9.200214414056920864e-01 6.021277808234959394e-01 5.575099226935840147e-01 7.340347562042583984e-01
4.674796057720478348e-01 8.636108217778003526e-01 4.802341985473200514e-02 5.135581655950962610e-01 5.855063805096532015e-01 8.696927631406590198e-01 1.000000000000000000e+00 8.672068622548847472e-01 6.784025103510489263e-01 7.562379585557100770e-01 6.065250298086779512e-01 5.715729084781480118e-01 8.877859488711539182e-01 3.210236377320461743e-01 6.284451909449223495e-01 2.863502680737245454e-01 6.192202914231851318e-01 8.873666698977852318e-01 7.122318566492416014e-01 6.836905510806214892e-01 4.138422822514771227e-01 4.495276266051831393e-01 5.053812974105555966e-01 8.125903961672854559e-01 6.316659751531263078e-02 8.799686488122152594e-01 8.546975869611133092e-01 8.412776317890888755e-01 4.657916555928457436e-01 7.003364513408194547e-01 4.499750088962308214e-01 9.156021897724897496e-01 5.638230956052807663e-01 -1.752664467337904652e-01 6.515537089651954883e-01 1.162911756801596475e-01 7.006193981299644324e-01 -4.387854964375027117e-02 8.979298395779009567e-01 8.049136533164650276e-01 5.672161687733211499e-01 5.479265352926439014e-01 2.432821139587746928e-01 7.802863023677701904e-01 4.659790911577265105e-01 7.763342228846125126e-01 5.756212496622639119e-01 8.525720452201894783e-01 5.087395197606323638e-01 3.796842922815602539e-01 8.574729652993464679e-01 2.479889504640425124e-01 2.943619640895313028e-01 8.832398558275983413e-01 3.709457853594663179e-01 5.377415628617058241e-01 -6.943058987800504456e-02 7.684321213583014121e-01 5.247794299592620781e-01 5.095037433118109194e-01 7.697068824236038553e-01 8.664846711093452392e-01 5.697459958014482462e-01 9.044743382504631946e-01 3.348289599591042220e-01 7.486340494920844524e-01 8.195099167922929029e-01 6.952874052524747883e-01 6.486680853599960939e-01 7.509057493137460959e-01 3.765129101740631590e-02 8.160152413543670935e-01 7.781517651088155629e-01 8.707069309438235649e-01 3.939896218383336923e-01 8.618454484435578156e-01 8.563816224115169962e-02 8.686993962787002976e-01 8.226800480396492254e-01 7.001234319998671518e-01 2.453250015114484539e-01 8.663920551557533489e-01 8.708361308355285768e-01 7.729405995677182117e-01 3.436229440843966976e-01 5.090831072218467979e-01 2.986120358984393208e-01 6.601468764213318519e-01 2.229162862325282934e-01 8.044701871267049276e-01 8.609580166507730947e-01 7.348058278135820576e-01 8.281801770811700880e-01 3.412164644089517584e-01 3.916461094245673458e-01 2.317213580383201965e-01 7.083798956797278112e-01 4.184347125728697936e-01 5.739912431257639946e-01 1.166239755463891192e-01 7.589244800571448568e-01 7.154617126364127833e-01 4.265645561726795765e-01 7.256832786275971836e-01 7.845763054225171063e-01 6.986361068153780218e-01 8.594525574937452728e-01 7.394401393878633488e-01 8.419862340715005278e-01 7.646028247762961527e-01 5.607777469893514555e-01 5.607413620681399591e-01 3.483076959271487194e-01 3.831191718238248223e-01 8.432863711251606942e-01 7.749244279740706842e-01 6.124341767653459501e-01 8.745945925039442237e-01 7.820512916407234005e-01 4.379574377578153155e-01 8.701501589524147651e-01 5.048529310572453799e-01 2.172505977165717639e-01 4.692785585178479435e-01 4.921705339065126639e-01 7.964888185987614166e-01 1.925227333238346550e-01 4.429251222501269791e-01 5.309764701016327360e-01 6.066321843876337772e-01 4.988020807854118832e-01 6.950465277487227755e-01 4.278861691084455132e-01 8.447796924285942977e-01 4.392765628090239960e-01 7.922631189406905694e-01 3.878995827641126826e-01 4.087894275906173713e-01 8.264049386713619993e-01
3.920052099723135841e-01 7.631433875873655515e-01 1.471521916914642625e-01 7.336723854686414414e-01 6.692506594333370584e-01 9.906555265924674725e-01 8.672068622548847472e-01 1.000000000000000000e+00 6.820497720577849421e-01 8.857941826746329461e-01 6.376051461666901732e-01 7.419173544520801800e-01 9.760004042640468835e-01 2.983036317767032153e-01 6.237116352867508873e-01 5.597923160835178713e-01 7.873139316994055559e-01 9.221423840166955710e-01 7.884121658380364162e-01 6.459524344821333530e-01 2.667374643733225748e-01 3.104838493425521317e-01 5.577910642804644326e-01 9.684476508644139781e-01 1.618530842901984568e-01 8.527288702416763178e-01 9.912224232980576533e-01 9.851340644417515557e-01 5.164823267143218155e-01 9.109510604950584733e-01 6.562002685882912800e-01 9.751810011941778322e-01 4.816944710316442002e-01 8.529215843789486606e-02 6.118896820926941205e-01 3.386914464683540849e-01 5.211772765271097674e-01 -1.603899121685077866e-01 9.957687641563343073e-01 6.681171109104854233e-01 3.675974175509609809e-01 8.281228520011866268e-01 2.792195566339908397e-01 9.481762479160200652e-01 5.603096840815118274e-01 6.895392709964113243e-01 7.729973884506254889e-01 9.922243804686055046e-01 3.516692587209467313e-01 5.288186443055364894e-01 9.973326109095987935e-01 1.943345566544272818e-01 2.551433864303637167e-01 9.392619128097057235e-01 2.912088842305498582e-01 7.147916283708112273e-01 -2.345803752199381031e-02 9.440618008653085536e-01 4.390189297657391965e-01 6.273623150837797091e-01 8.801621237391729080e-01 9.755576383397520646e-01 4.223912181995116977e-01 9.079330770604900902e-01 3.273335312069588499e-01 9.523259623357938075e-01 9.093679534152789845e-01 7.300672228027691446e-01 8.212610623073098859e-01 8.523763083982396349e-01 1.835373337734316490e-01 9.858451630878557470e-01 9.226043324435387882e-01 7.382538539684262435e-01 2.807689777167905465e-01 9.972453199491906339e-01 1.480707869351763628e-01 9.984083863001402825e-01 9.178947610118275424e-01 8.261456715105789383e-01 2.852353944914450823e-01 9.843066102223104741e-01 9.994470627106066818e-01 8.352726494396129908e-01 4.620638071604215025e-01 5.011316404631641630e-01 2.913444537007130464e-01 5.141687365274179022e-01 2.529986919334641371e-01 8.858786315770960096e-01 9.989467809433766332e-01 7.354859224477442448e-01 8.619994210178347771e-01 3.119880561428093890e-01 4.410232503327317088e-01 2.592467962706073714e-01 7.303355223001601892e-01 5.834769498727458981e-01 7.304769146882007513e-01 1.882591031178897090e-01 9.318169106691239767e-01 8.832798227431966076e-01 4.618979473924576529e-01 6.325687781298172663e-01 8.576186541829874388e-01 8.759306042580540241e-01 9.701405509327323262e-01 7.331104280772406945e-01 9.850856974026308555e-01 9.370479672409973704e-01 7.179207976689878645e-01 7.378360013411533469e-01 3.981150165072982472e-01 5.074353017850178338e-01 8.871292260859504619e-01 9.258439912737472799e-01 8.064591856438273476e-01 9.976623312062025128e-01 9.500766536512156302e-01 4.111201856115482278e-01 9.987511351745816945e-01 8.015932209395523200e-01 3.312226043050879309e-01 6.831032621048156450e-01 2.926568150158370130e-01 9.237916476579588476e-01 2.806516188294105874e-01 5.462819206208059386e-01 2.993267565538695885e-01 3.414664047236522504e-01 2.645205586054857894e-01 5.285539345777809928e-01 5.950383202969820040e-01 9.278595783387085794e-01 6.729454049658146753e-01 9.555487321798643574e-01 6.136589309085003219e-01 6.152441935240060555e-01 6.765411643938301633e-01
3.518589470637034644e-01 4.240278515753533317e-01 1.424747422364527061e-01 6.767581539517183442e-01 3.339586095440982283e-01 6.433470290526547286e-01 6.784025103510489263e-01 6.820497720577849421e-01 1.000000000000000000e+00 5.894036025356603758e-01 9.192100992072003152e-01 8.570448181802164944e-01 6.370011697506954285e-01 6.551237412440654717e-01 4.285667270884730984e-01 5.189050133435808565e-01 7.079945144852128891e-01 6.247320273710671445e-01 5.119535358255182800e-01 9.809883061225767031e-01 3.178399913277944466e-01 5.494527354224997273e-01 5.728915114893292637e-01 7.746834551338850350e-01 1.533115939117218884e-01 6.717854142521512140e-01 7.203145286795227253e-01 6.405270257180398774e-01 6.378176486279146795e-01 7.229509664048848760e-01 6.358704127284781071e-01 7.003036024691604577e-01 6.291025280691789900e-01 -1.657524431599888270e-02 3.910800064290225753e-01 6.395941253297529605e-02 4.878133872265864035e-01 2.205820514032862945e-01 6.957888200078162777e-01 5.102938420951962373e-01 3.980290729733664823e-01 7.534322003713065374e-01 2.319060536071743672e-01 6.872669040809270546e-01 3.328468635074641746e-01 4.271653106152267787e-01 5.321389313137274701e-01 7.236706688650677011e-01 3.160230133618095461e-01 7.015889402196546776e-01 7.030313005304884566e-01 1.575316035547369986e-01 5.684763576434010979e-01 6.881688014073639170e-01 2.131199689657662655e-01 8.012912793139739254e-01 3.606671018062032608e-01 6.959924165421118580e-01 6.443708123939855259e-01 8.620495406232019375e-01 8.425044520364345368e-01 6.578862467284769533e-01 5.885214444110138388e-01 6.387754408991226374e-01 4.873907155546954861e-01 6.855146493969294097e-01 8.532914685492459794e-01 7.520576813322521481e-01 7.536457344141405112e-01 5.555543019107032077e-01 1.280149616476853880e-01 6.747242847187648884e-01 7.082941189161445772e-01 6.104092416518407394e-01 6.557405625282585193e-01 6.673264156604929997e-01 1.375865482913119775e-01 6.879907580677601109e-01 6.424953087127873719e-01 7.437518691871126686e-01 3.503094524762516149e-01 6.429579614864977533e-01 6.790698722137610277e-01 4.739673569119699503e-01 7.102410443088227332e-01 8.743378656996916298e-01 4.712460537095186086e-01 6.413918194144879736e-01 2.955943945245365634e-01 6.099921668421575127e-01 6.826418365652552334e-01 6.268107102602868963e-01 6.287556089612889032e-01 5.593596003970865427e-01 4.633610559721516586e-01 6.575470478088445425e-01 5.013451976322457204e-01 5.895894203317836313e-01 6.059680497164523505e-01 1.673221604639813509e-01 7.097555593721954770e-01 7.906555098256043967e-01 3.094087554998744549e-01 4.868955276851422709e-01 6.493688580794219067e-01 7.008401570490692123e-01 7.099514474348147530e-01 8.715063950551301675e-01 7.380198133354934908e-01 5.626303723489284314e-01 5.225249033842871427e-01 6.366833734284448321e-01 5.815498061354525960e-01 3.392456941302159357e-01 6.055315287904873278e-01 7.192485500720583458e-01 6.789509430247296917e-01 6.817493982969466959e-01 5.866083487635423976e-01 8.075451773714015236e-01 6.659418965751939812e-01 4.572598754670524901e-01 2.663306590199189805e-01 4.965232561046867277e-01 3.345211741363977032e-01 8.326042949120819880e-01 5.607015550488287925e-01 8.455970793077854930e-01 4.378715443089792325e-01 4.651041553190817246e-01 5.744218306084015735e-01 4.056149284401124877e-01 4.433098138614287587e-01 5.940767565309548193e-01 6.162494975370557126e-01 7.610661114248031822e-01 7.599971161176619638e-01 7.115752948213764917e-01 5.527339436098518410e-01
5.526039950890204722e-01 7.076759700439050338e-01 2.729004702200820698e-01 7.185280316777200582e-01 7.791458286110355402e-01 8.733259510202417975e-01 7.562379585557100770e-01 8.857941826746329461e-01 5.894036025356603758e-01 1.000000000000000000e+00 6.125316852802989986e-01 6.978821020725720636e-01 8.591348796367096474e-01 3.126124365797577354e-01 7.433852964407754449e-01 6.712523956911558010e-01 8.528371189728354285e-01 8.115157638588377242e-01 6.875958274393323411e-01 5.284057505818882117e-01 4.488881121659062390e-01 3.761859915467463122e-01 4.356834791174445387e-01 9.143723004654114028e-01 2.646732264123531908e-01 7.701688127498280689e-01 8.916472454462233133e-01 9.433543763583092101e-01 5.068921696046446712e-01 8.865702079137001146e-01 7.908329114896498480e-01 8.499074322210685706e-01 5.657324773720368016e-01 3.762555839609298958e-01 6.065364993356535672e-01 4.997157046399513525e-01 5.561285781770821668e-01 1.699647603265198315e-01 8.795399456537679184e-01 5.689181193322444541e-01 4.951369095944098686e-01 6.936813416589235892e-01 2.755115926105516921e-01 9.099978606432314043e-01 6.671389879057049166e-01 8.187167728796204136e-01 7.996857176585261406e-01 8.816580209536182267e-01 5.759572440846468799e-01 5.985265785157422025e-01 8.672029231819493589e-01 4.619535834768810911e-01 3.044687464573779256e-01 7.344576307378415381e-01 5.226806020318863766e-01 6.330945989490406323e-01 1.334039887659957922e-02 8.859790196316960076e-01 3.908798602119843979e-01 6.142775974578015274e-01 8.335502269067658343e-01 8.397427348278491133e-01 5.159527415897254832e-01 7.905308720644730336e-01 3.305290048145784754e-01 8.972939122765521969e-01 8.061530532832538176e-01 7.955080625108471581e-01 7.019741616821691954e-01 9.701715264903948421e-01 3.126044382325476323e-01 8.957807887333831820e-01 7.367530496666301332e-01 7.367630632609822872e-01 2.750719067778369387e-01 9.102993182690816143e-01 2.660654166136321996e-01 8.946792189622742031e-01 8.288725410870442234e-01 7.683267410217147209e-01 2.109481756715102518e-01 8.587191721072052752e-01 8.827602200434062629e-01 6.225048523663883060e-01 5.216896657158693884e-01 5.120471695711104054e-01 3.213320058203623653e-01 6.252346085380735552e-01 3.489657161838631838e-01 7.972728067867079771e-01 8.914592942319564672e-01 7.190472231644300383e-01 7.532969911059947954e-01 2.147225233105663211e-01 6.756902367228866391e-01 3.241983372144746078e-01 7.397343413389113609e-01 4.316978418795614503e-01 5.719921367097572373e-01 2.785635899318639752e-01 8.908746406502368043e-01 8.135517651341955814e-01 6.118836405635402764e-01 6.770397698961618804e-01 7.425740010240774458e-01 8.567725519494500119e-01 7.775227191637654744e-01 7.168187691548539853e-01 9.077826328060292216e-01 8.385163837877698256e-01 6.661983445770991441e-01 5.886935780048527800e-01 4.974968318343223062e-01 5.979467546799885902e-01 9.294620782704587914e-01 8.267010703611096245e-01 7.316764601362883980e-01 8.826023427763007856e-01 8.635342046777492175e-01 4.474568954491423001e-01 8.807010990017655194e-01 8.563559050568552156e-01 3.768579738480248853e-01 6.562649587893627512e-01 4.525682101088325804e-01 8.652094598304519435e-01 4.498759804721713107e-01 5.262966855609227945e-01 4.346287784587082315e-01 3.877750876585121520e-01 3.615119497633972334e-01 5.573548759427022770e-01 6.672590034483287802e-01 7.724642988382955933e-01 7.624753398873903576e-01 8.700684073555953191e-01 5.533490017917946924e-01 5.934739974309720667e-01 6.591666275245381401e-01
2.653308816774574974e-01 3.057264627132340040e-01 -4.259316092208439292e-02 5.367406963188717794e-01 4.442871350047048473e-01 5.988159197008107171e-01 6.065250298086779512e-01 6.376051461666901732e-01 9.192100992072003152e-01 6.125316852802989986e-01 1.000000000000000000e+00 8.588139241570301730e-01 5.780062929095027835e-01 7.528796078770565448e-01 3.845543907497498970e-01 5.729348227142656569e-01 6.084658422540190070e-01 5.711098357402317749e-01 4.474101631021286107e-01 9.309751631107754388e-01 2.750904098585273960e-01 3.918606011305210135e-01 6.476217782967361725e-01 7.330734646150477429e-01 -5.161730477949966200e-02 5.413405954319430169e-01 6.823034724845024046e-01 6.283106611497860650e-01 6.843408226835153707e-01 7.132500749480223945e-01 5.650563906660776015e-01 6.428514483735211504e-01 8.292299659793598288e-01 4.618741555138743821e-02 2.502132862091085985e-01 1.027151752734898338e-01 3.885161088799545803e-01 1.736602028763852001e-01 6.470402952360314597e-01 3.163353462228229440e-01 3.244247635996612700e-01 6.526370510890187049e-01 -1.155475632718646305e-02 6.955899063763024692e-01 3.327963877297082096e-01 3.817629607274928838e-01 4.398085559599976269e-01 6.572658306442458187e-01 2.492442810858420954e-01 5.317199269298663600e-01 6.579193372030109899e-01 2.941934130712034468e-01 5.944990750074001795e-01 5.675679668015747303e-01 2.068459077357028830e-01 8.062280615005135154e-01 2.839711207226882639e-01 5.994617837025871809e-01 6.159618053072632993e-01 8.779064117639110432e-01 8.163797727316137731e-01 5.916373988234178150e-01 5.109313280637556298e-01 5.202931231534360101e-01 5.224564752853256833e-01 6.533355320258782406e-01 7.858733432865623314e-01 6.402486803576756813e-01 7.110095439338061096e-01 5.665398459675143883e-01 -3.054384836183380095e-02 6.620821401729388711e-01 7.003732711428680702e-01 4.588497852477714245e-01 7.114806745076246441e-01 6.355521555176072424e-01 -6.212533053902272173e-02 6.421690023164988714e-01 5.551363922914778204e-01 6.118852231104883188e-01 4.242889280453711609e-01 5.976768542862329614e-01 6.388768299489696600e-01 3.945637306563619662e-01 5.577397260980203608e-01 9.674829708628850389e-01 5.662045341257772035e-01 5.840176185404618581e-01 1.211778423834564689e-01 5.616483387768974600e-01 6.392945050743117363e-01 5.102595833744952847e-01 6.371266872551512028e-01 4.454957531761565281e-01 4.507585520347003327e-01 7.079353104924028806e-01 7.155092916171342798e-01 5.489225149743552912e-01 7.156161464684437368e-01 -6.245012201014991243e-02 6.199489456884732519e-01 7.946632093792905804e-01 2.972784833231931212e-01 4.054201187544777540e-01 5.883301489144250329e-01 5.997778790259903348e-01 6.091513877920685660e-01 9.215456367977014063e-01 7.090717360572493799e-01 5.234618577465359746e-01 3.806728867168557850e-01 6.251961532741391325e-01 3.432289311705452040e-01 3.205046799251305423e-01 5.290466886159357340e-01 6.189343267458061737e-01 5.265131228953763287e-01 6.311477280733807094e-01 5.705142435757410979e-01 8.535614142170808716e-01 6.158825433397848714e-01 4.669026061624035329e-01 9.490716054230828591e-02 4.042365902589581950e-01 1.805560513455857496e-01 7.365710519241368548e-01 7.362953960021936251e-01 8.208052759679703714e-01 3.269728640783673979e-01 4.298052158115976962e-01 6.492537996724092597e-01 3.360997943263442922e-01 3.604629530007236182e-01 5.436019558176574673e-01 5.356245341657648318e-01 6.688130166574373092e-01 5.984363514196825440e-01 5.575213053754808357e-01 4.290226320029531526e-01
