1.000000000000000000e+00 -8.103145285520672869e-02 -1.302051993110205363e-01 1.805160730258975610e-01 -1.305008949059034140e-01 -1.448475942061534516e-01 -3.009213692147600372e-01 -7.962189774799964537e-02 -1.864952281068915363e-01 2.619928366001906261e-01 -1.503964787724223207e-01 -4.691937674532823538e-02 -2.840587982735195416e-01 -1.277448257828462108e-01 -1.311340165663605062e-01 7.915720979422609105e-01 2.906116554378807004e-01 -3.944921827293237371e-01 7.334295120369163090e-01 -2.228267645747271375e-01 1.678008880182446649e-02 4.871243404972871137e-03 -2.309647065352703199e-01 3.303267847151042935e-01 -1.301293241171362358e-01 6.378394353195196986e-01 8.653424376337405521e-02 -6.468591610847243545e-03 -6.245022354589824243e-02 -2.081433302191999513e-01 5.139839532634588731e-02 1.064763699883620185e-01 -1.816403970269669377e-01 -1.204904656010171299e-01 -6.182543314277308584e-03 8.591579501531516616e-01 -2.969586523789426950e-03 2.643680119577146437e-02 -1.137309012621888493e-01 -4.622137041311000227e-02 1.735389603602495098e-02 -1.664423114030598172e-01 -1.366836431679866182e-01 2.199213964746557781e-01 9.915683566625150824e-01 -9.579992612933277418e-02 -7.649241855076099883e-02 -3.474515475794465180e-01 6.219504100698263621e-02 2.595177423108381842e-01 -2.672951983232811912e-01 4.524588706633937418e-01 -1.280297215935351229e-01 -3.400421720857809138e-01 3.471042444575790642e-02 -6.797404470428181078e-02 -1.259351782737230530e-01 3.987453494561480349e-01 -1.321525854075977224e-01 1.668156773424915584e-01 4.825699257897191896e-01 -3.021274483726496540e-01 -4.773234646876033799e-02 4.036930207823961059e-01 -1.281256320082981570e-01 4.026900248254222658e-01 1.706210823386528075e-02 -2.167072033045544799e-01 -1.016974829173897116e-01 4.136418395038666262e-01 -1.299967743280348587e-01 -7.509838814719785316e-02 -6.524781561949017927e-01 7.216354739890687431e-02 -1.288474416168073899e-01 -9.248943653719818303e-02 -1.300463328952792541e-01 -1.379475224077301720e-01 -1.916064206994578800e-01 3.383512616735935286e-01 -1.279541372442998814e-01 -2.930917589890726371e-01 -1.492809073828463839e-01 -2.825523874071434460e-01 2.240737157548002845e-01 -1.393801673832084087e-01 -1.285396299167320677e-01 -9.475220846243039008e-02 -1.354237536332958125e-01 -3.904056006828905967e-01 -8.971586349033661145e-02 3.995521023266561667e-01 -1.002209901538830272e-01 1.989907494150244816e-02 -9.194134127962909353e-02 -1.293808393008643032e-01 -1.942682744652645122e-01 -2.301619687974970629e-01 -3.313325833421618127e-01 -1.300680243849362816e-01 -4.597564059729866009e-02 -1.528541842891913416e-01 9.914791917845873215e-01 1.227572190983975409e-01 -3.828740168358529816e-01 -1.744019332635156627e-01 -1.192703804425618436e-01 1.948750064679004579e-01 -1.049434408154704262e-01 2.496213722106910837e-01 -1.925997380202335574e-01 -3.143059652010091187e-01 -1.555647116237802441e-01 9.917791012183717614e-01 3.460920627819267237e-01 -1.944388598924859379e-01 -2.225556505413542885e-01 -2.059888654697505234e-02 2.927133824034632292e-01 -1.347574053145568496e-01 -5.646082851810378667e-02 6.436318944716420964e-02 -1.388855476093446006e-01 -2.090907990975459652e-01 3.136774581466813400e-02 9.309126401442824328e-02 -1.278644081744924887e-01 -1.417735523881113735e-01 6.321492996114671387e-03 2.144366767995662185e-02 -1.281175500679107571e-01 -4.103302050618402169e-02 -1.622839093578622438e-01 -4.038820497805407639e-01 2.983229578545364413e-01 1.094758302238655751e-01 -2.021814356859813477e-01 1.008171294388160721e-01 -6.555173183279788818e-02
-8.103145285520672869e-02 1.000000000000000000e+00 -1.950121766051090277e-01 -3.411207856133597338e-01 -1.708688049740240134e-01 1.766768079619537857e-02 4.557260524216634190e-01 -1.880280542697885526e-01 -4.160283221767597239e-01 -4.272149462156204502e-01 -3.101735936304386709e-01 -3.867119441788484102e-01 3.123546378619636577e-01 -1.926152245652879014e-01 3.896953796961329930e-01 -3.345838501642073859e-01 -2.301049872300116317e-01 3.706333269629599192e-01 3.216672747611741268e-01 -3.721410476780780408e-01 6.171532928541821894e-01 6.010215549710863359e-01 -2.810626352442525677e-01 -3.870051365272008104e-01 -1.948923210873300671e-01 2.350156759020733677e-01 -2.724067586178907652e-01 -2.955071179315561514e-01 -2.090522591696611088e-01 -2.906070390711363305e-01 -2.853386145894517001e-01 -9.591158136336444540e-02 -2.023223239481002633e-01 -2.049355613184774549e-01 9.118319508140140250e-01 -4.690903210497174985e-02 6.149677138564468848e-01 6.160160893602701915e-01 -1.170357297648664391e-01 7.856635098241170345e-01 6.174639370283341311e-01 -1.942997906328819413e-01 -2.050234255793247640e-01 -5.182891262637959739e-01 -4.007120669949649355e-02 4.775337589915990555e-01 -1.817681994887252461e-01 -3.250725682525614779e-01 6.078236808032073668e-01 -3.319093007290173092e-01 -1.570000421261805723e-01 4.872502444669144506e-01 -1.932282486744142380e-01 1.388644830603359970e-01 6.133965200135562679e-01 -2.469638628591004081e-01 -1.911040317150008716e-01 -1.505227386507617393e-01 -1.548827850924375804e-01 -3.485087857372401454e-01 -4.373330383586816472e-01 1.766465860939562260e-01 4.755826742444995703e-01 5.133013211151887800e-01 -1.931325528932141822e-01 -3.637672639309426081e-01 -3.585161352012041780e-01 -1.554066601185382923e-01 -1.752150286641777632e-01 -3.710448844892798581e-01 -1.948592860467417420e-01 -2.339163015271580326e-01 6.087092622309620005e-02 7.053918615659695579e-01 -1.962617705222841347e-01 -1.159780909330147131e-01 -1.948332608897183349e-01 -1.943846832281942161e-01 3.542327866595063601e-01 -2.801630578885180300e-01 -1.927503878728457076e-01 1.551208445406725700e-01 -1.614683306763722292e-01 7.183719211216080813e-01 -3.847612471386366861e-01 -2.892692770585275075e-01 -1.939346273393965092e-01 2.841974166755123488e-01 -2.000881400583902625e-01 3.809802567536910156e-01 -1.869182497111815111e-01 3.549343191651237461e-01 2.708580073018031498e-01 6.162005215333709041e-01 -1.766348794275444667e-01 -1.965047440826230007e-01 -1.431710074667434385e-01 -1.530589331462836322e-01 -3.292983726654865051e-01 -1.947968415337456849e-01 -4.532386393272092584e-01 -3.972632505544916870e-01 -1.554132712051412846e-01 9.297806348754216188e-01 2.487356154139873654e-01 -1.347814332924238967e-01 -4.589690150169731253e-02 -3.316043610795074148e-01 -1.893423390240927262e-01 3.687339296501411234e-01 -1.653879037979647665e-02 -1.388870009883040602e-01 -2.308738357437017108e-01 -1.522056257257695389e-01 -9.869193732765764449e-02 -3.195824435708281563e-01 -2.581522449761271543e-01 -6.118074968390244117e-02 -2.144059034727244933e-02 -2.032108205930334976e-01 5.902451107031040679e-03 -3.677429335037957769e-01 -1.839653838483814585e-01 4.917862054065881561e-02 6.116014932668988324e-01 -7.017387530664398465e-01 -1.940259217259051594e-01 -2.810137190795657935e-01 6.021095832900339451e-01 6.137071114392577131e-01 -1.965120779451049460e-01 5.821691629362083509e-01 -1.735169873706593480e-01 4.080106170658279185e-01 -3.733294990250469736e-01 -3.321278617386501097e-01 -2.939009581970652984e-01 -5.854088064466063113e-01 8.117308003404628547e-01
-1.302051993110205363e-01 -1.950121766051090277e-01 1.000000000000000000e+00 8.215990690298643484e-01 -1.128064866462478721e-01 -2.322749834351165443e-01 -2.143998939138934967e-01 -2.485153840217207699e-01 -2.443311783263361903e-01 -2.946238148316185357e-01 -2.004796849033155803e-01 -2.275265126296763252e-01 -2.499898292882782314e-01 -1.111967306925702170e-01 1.111213319016793044e-01 1.833659410072447649e-01 7.854105958675982047e-01 -7.748509979037995765e-02 -1.837381883833994201e-01 -2.118585851034464895e-01 -1.118713878842875487e-01 -1.249651453231490350e-01 1.552039968002147663e-01 -1.401978814091450476e-01 9.999999058116872952e-01 -3.294148024508075090e-01 -3.729636030873162422e-01 -2.719224914388234660e-01 -1.210058789761612325e-01 8.072929009392939559e-01 9.650442854448293417e-01 -2.459744786262136607e-01 -1.573156032270413562e-01 9.950818091543348620e-01 -1.605664433276038361e-01 -2.980714964176520154e-01 -5.146151958224952361e-02 -1.167447679336682947e-01 -2.412162168521173322e-01 -6.299696278053397436e-02 -1.078625244601641719e-01 6.114939015012239576e-01 9.991766044317499373e-01 -1.850665442954387563e-01 -1.410997725268260672e-01 -1.637388944221575826e-01 8.588965210148500340e-01 2.476502416554017538e-01 -1.220742734277157487e-01 8.184856363999957196e-01 -2.390057719247870305e-01 -1.903102102951589047e-01 -1.107833642885253100e-01 2.682105663924753622e-02 -1.240625918185047499e-01 -2.503741576770655564e-01 -1.103245088782578431e-01 5.161697883821304567e-01 -9.779062734289985237e-02 -2.163707058484654611e-01 -4.275800193071974120e-01 -2.266709120986012405e-01 -1.546251340696059295e-01 -3.620798026866163810e-01 -1.106407689102481273e-01 -9.843629353351393552e-02 -3.916842517068689911e-01 9.063197265997713359e-01 2.871162776084433196e-02 -3.842946809609638220e-02 9.999998905314463338e-01 -4.525439997500466105e-01 -4.886126170388020024e-02 -2.756760163313109468e-01 -1.136318307973097491e-01 -3.314098021790914950e-01 9.999998913882000018e-01 -5.950387162084591619e-02 -5.603486083915331512e-02 2.199155703029835873e-01 -1.111806413604324445e-01 -2.142289632189234849e-01 -2.637282456728919366e-01 -9.262026264011219423e-02 8.751670952590335784e-01 -1.711602719802417516e-01 -1.058632545103943973e-01 -1.425206525585605288e-01 9.997516826128709511e-01 -1.546141383563031380e-01 -2.689877509100905284e-01 -6.016032256835555925e-02 -2.283928726820914357e-01 -1.124850304282820485e-01 9.929750564758625941e-01 -1.126340998641415653e-01 -1.665379068864136225e-01 -4.339785187718919746e-02 -2.636441611995240519e-01 9.999998310868120077e-01 7.611962615061811377e-01 -2.467942041826946264e-01 -1.117447607393469017e-01 -1.912426720291125204e-01 -1.753090616182714223e-01 9.489339408425644384e-01 -6.658726199553868796e-02 -2.417570325903728723e-01 -5.496072876475229796e-01 -2.328660826003900175e-01 9.061641257501462654e-01 2.184039739141223069e-01 9.842926452065902110e-01 -1.110087300695822843e-01 -1.438301800567888533e-01 7.595254851509063432e-01 8.919755070821772103e-01 -2.773451779924950844e-01 -2.531535570897657794e-01 -1.175203710663658696e-01 -3.112604837537542579e-01 6.188362324201460707e-01 9.994114294990937841e-01 9.244619784788296046e-01 -1.190229116387923891e-01 2.708824771134125675e-01 -1.099991166406340815e-01 -1.722860543745388384e-01 -1.207913100545355278e-01 -1.137384607559173005e-01 -1.127306364936222216e-01 2.748688303468310376e-02 9.926010870681059028e-01 -1.366929694133871553e-01 7.398909658370648179e-01 4.941141991554255930e-01 8.918563312049168079e-01 6.555706443895843449e-01 -6.749287804819646686e-02
1.805160730258975610e-01 -3.411207856133597338e-01 8.215990690298643484e-01 1.000000000000000000e+00 -2.189026706929179111e-01 -4.497403233919970433e-01 -4.690826866959093011e-01 -3.520573609012396243e-01 -1.190179089709883335e-02 -2.563874309197313184e-01 1.566079071536573553e-01 1.631395959279212104e-01 -5.875470349746727550e-01 -2.121345501281810264e-01 -1.043950760913135850e-01 3.814143028577296479e-01 9.234955119235965793e-01 -4.311261777922142380e-01 -1.523805612974668457e-03 4.051984909330529940e-03 -1.903871183076401297e-01 -1.826348024514741764e-01 1.313417330590265497e-01 2.867319985229031531e-01 8.214471361243351755e-01 -2.063713884207546700e-01 -3.279205972825904314e-01 -3.539598644302296426e-01 -1.954815425433371057e-01 7.808423544589240262e-01 9.280667187048968758e-01 -3.369255559659520838e-01 -3.020110424490164425e-01 8.117924112994795438e-01 -2.805883718846829966e-01 1.468077258482229086e-01 -1.439314272410696649e-01 -1.915276722583513225e-01 -3.955521915382264053e-01 -2.241440744453236100e-01 -1.862725102464934668e-01 8.103668498504137396e-01 8.375905117560102919e-01 8.933552599303488939e-02 1.487929572351908980e-01 -3.150218222234004717e-01 6.968048660833924268e-01 1.325285237108328185e-01 -1.892415269036622771e-01 9.908473191867542829e-01 -3.635733857229657140e-01 -8.838894401490737796e-02 -2.123460384643337251e-01 -2.263054289193071056e-01 -2.015441916948626511e-01 4.611687159957091053e-02 -2.107273179703250121e-01 6.420092006246131966e-01 -2.079691117714954351e-01 3.829265275395515172e-02 3.153303640811631284e-03 -5.042557904098216026e-01 -2.792668916292472270e-01 -3.367220778972986883e-01 -2.123078863190041576e-01 1.787491905310601148e-01 -1.295975541315734780e-01 7.917466625016470472e-01 3.335518910359088762e-01 -1.022796525252816641e-01 8.214975788323164441e-01 -3.720105331378584790e-01 -7.488837694523350907e-02 -3.032350182577698838e-01 -2.073317764235681204e-01 -4.367354017800740285e-01 8.214628691377905412e-01 -2.446585447529273094e-01 -3.239155233390250133e-01 4.414040955747995376e-01 -2.126176287881520743e-01 -4.732351387180898095e-01 -3.720846593920242307e-01 -2.869349642296691316e-01 9.626049087106527402e-01 -2.043155043386348305e-02 -2.082619281311882953e-01 -2.871815372683516610e-01 8.165794880853582960e-01 -4.245932743664079800e-01 -3.455718524997934415e-01 -1.020812296545099279e-01 -4.413619384564796966e-01 -1.896723847422260856e-01 8.084053164101518973e-01 -2.067348629260803150e-01 -3.068306186377275924e-01 9.643557059289180333e-02 -1.031124528383166733e-01 8.214477490784798386e-01 5.853540262067374877e-01 9.308511131669768013e-02 1.959227978497641576e-01 -2.701394673712616545e-01 -3.367563186762150274e-01 7.544072209637453508e-01 -2.241434127451960023e-01 -5.027282277251817616e-02 -4.063483407059067520e-01 -1.832689897322896111e-01 6.775208218039888708e-01 3.608846592408267440e-01 8.817138485526091474e-01 1.960855369351224009e-01 -3.287544148002436439e-01 5.653253032326560623e-01 7.906443147613284594e-01 -3.683937816483905947e-01 -2.619435411714268747e-01 -2.248295333524666095e-01 -4.311683765906190180e-01 5.586569202475606399e-01 8.152211042164434485e-01 7.952087059861628893e-01 -1.791349751098756660e-01 4.777032796996029118e-01 -2.111461988897695152e-01 8.890149237649853931e-02 -2.089861049408526517e-01 -1.861643129137700581e-01 -2.092361604443820911e-01 -1.134459317031871334e-01 8.284982088739347716e-01 -4.808567738032974437e-01 9.874743254967444095e-01 5.984926766965154021e-01 8.843666797104038357e-01 7.494487994312146739e-01 -1.984500731381806105e-01
-1.305008949059034140e-01 -1.708688049740240134e-01 -1.128064866462478721e-01 -2.189026706929179111e-01 1.000000000000000000e+00 2.826157303932378406e-01 -3.451275948940753513e-01 2.419816846226583440e-01 -2.451547641383129972e-01 5.541445440004448830e-01 -1.997009040665636281e-01 -2.375492164389559346e-01 4.027276524106530586e-01 -1.102721894181587364e-01 4.058096603836422456e-01 3.221839309517117722e-01 -2.786333108634264644e-01 1.956125550179653172e-01 -1.869649360462422305e-01 -2.149730811819830778e-01 -9.322700218905033420e-02 -1.124726972340271552e-01 -9.240751409868440402e-02 -1.686808969189368679e-01 -1.126290350094935611e-01 -3.179694809869882399e-01 6.749578109951688554e-02 4.205529227969468375e-01 -1.216468312352370906e-01 -2.845921357479358482e-01 -1.743422798353953529e-01 -9.258540396701278596e-02 -1.575043899283004589e-01 -1.260695356734365669e-01 -8.226071444284170642e-02 -2.476219921059652218e-01 -1.075722181187733634e-01 -1.026150249357891120e-01 9.324810253841200880e-02 -2.863052497181071132e-01 -9.985978306363486878e-02 -3.174122060627532216e-01 -1.191942324045553170e-01 2.869162297671237760e-01 -7.996750305158253913e-02 -1.701453591038997251e-02 -2.475042203172898858e-01 3.297388012804997048e-01 -1.098323297422691969e-01 -2.021683342949686657e-01 2.553972340006364083e-01 -1.533329999486800765e-01 -1.098768260417318926e-01 -2.122333095359211497e-01 -1.120699668125957615e-01 -1.536535197592302782e-01 -1.099732387782970944e-01 -1.664641093084504309e-01 -1.214377113144087111e-01 -2.075395443486222347e-01 -3.144944303500267768e-01 3.758844572625866243e-01 -1.481899420995538008e-01 -2.380668218758993371e-01 -1.098374874806853363e-01 3.313835311080247370e-02 -4.116969905641598149e-01 5.236294827530231510e-02 -2.576265625492891176e-01 3.986513329606850009e-01 -1.128145623211391640e-01 5.075220972405527498e-01 -1.451603430617553689e-02 -2.787747353069527367e-01 -1.117304738534179304e-01 3.140203828846130918e-01 -1.128012694117982301e-01 1.712193720192849156e-01 4.629775074623672659e-01 -2.999377249537979462e-01 -1.097630262900802650e-01 2.677668601961835093e-01 2.323977938722185110e-01 3.224428719764440010e-01 -2.318104258169977061e-01 -1.711465156008194488e-01 -1.100180446452943411e-01 -1.489001473483671789e-01 -9.955477358821467060e-02 3.553683191166026045e-01 2.735373639204340401e-01 4.609180495562284485e-02 -6.861318714099552685e-02 -9.856463648396462940e-02 -1.489442692650086719e-01 -1.121651318995501440e-01 -1.650442707665846220e-01 -2.118320496392622765e-01 3.174417215391598379e-01 -1.126382690627228539e-01 1.751586660601543166e-01 -3.128743556231914913e-01 -1.134082074663310263e-01 -1.837061898987131514e-01 1.640167556242230207e-01 6.252832623836115933e-02 -8.738112097399347578e-02 -2.564143774352918292e-01 4.414972478370557396e-01 4.953871319401523809e-01 7.916991849108177826e-02 -1.672534031467946825e-01 -1.232927635415806550e-01 -1.126189197999998975e-01 2.268371318927537017e-01 2.376876073662517741e-01 1.884873562942575298e-01 2.145363445201322050e-01 4.112212670243549084e-01 -1.166715701200915778e-01 2.344477473489200436e-01 6.308475030623610369e-01 -1.192757903771687750e-01 -1.605561879766241040e-01 -1.058345657396739942e-01 1.176846116869709191e-01 -1.105267270649288869e-01 -1.760903753723088716e-01 -1.130379635169354580e-01 -1.000487210949222716e-01 -1.120354580696681507e-01 6.392769078792005788e-02 -1.476684302710196683e-01 3.317892206015174983e-01 -2.382473016469430216e-01 -3.573543467896072023e-01 -1.285441452506836113e-01 -3.693788932488010213e-01 -7.681858701640899290e-02
-1.448475942061534516e-01 1.766768079619537857e-02 -2.322749834351165443e-01 -4.497403233919970433e-01 2.826157303932378406e-01 1.000000000000000000e+00 4.368886904516650627e-01 8.670739438504789787e-01 -2.680403463896534055e-01 5.710329467468965303e-01 -5.667302891888156280e-01 -5.652417168851152640e-01 8.975039466509658892e-01 -4.813228405214823868e-01 -1.256819889976397431e-01 -1.546428826000313950e-01 -4.494689045282345696e-01 5.925286416316046800e-01 1.390219776895932624e-01 -2.466760006911926095e-01 -3.459020328077605511e-01 -3.543160398293822566e-01 -6.488369483207522270e-01 -2.110494971210061799e-01 -2.320606357024918298e-01 2.134705724005121763e-01 6.918273079957637517e-01 8.434053702905173200e-01 -4.942898914791460929e-01 -3.064794135361408323e-01 -3.489320185659064988e-01 7.674396043525637534e-01 -2.382461774429103507e-01 -3.012730774638287534e-01 -1.841713345073180685e-01 -5.147831851735790165e-01 -3.500386451064937399e-01 -3.562578208232393684e-01 8.432087109088775012e-01 -2.015229809063150690e-01 -3.480343989938248228e-01 -5.073493409948779398e-01 -2.532890509006879842e-01 3.064067132843736885e-01 -7.919344801388611410e-02 -1.790083449548071637e-02 -2.802851627113311928e-01 6.739571707199792927e-01 -3.710808495188010481e-01 -4.387257554396777337e-01 8.484278957962326784e-01 -4.354352458589246244e-01 -4.802448756322154622e-01 6.288414509164236277e-01 -3.311987137818963034e-01 -6.873818244910736563e-01 -4.845117745158720735e-01 -1.984761976511970893e-01 -5.146789259983701736e-01 -6.665079094552284200e-01 -2.237627147461665189e-01 9.403723172389408802e-01 -1.362152420237774664e-01 3.119384793037595083e-01 -4.802861911754082169e-01 1.270105676540741191e-01 1.086044189341482669e-01 -2.886827896744061372e-01 -6.501035694099288609e-01 5.691946757165325943e-01 -2.321267489271225115e-01 6.601193790227458669e-01 1.701306902176771274e-01 -4.276410820634938409e-02 -4.876193938517810467e-01 8.599807818002876969e-01 -2.321055210702455684e-01 8.374365139669736058e-01 5.150623867778815201e-01 -2.010490470108929895e-01 -4.805868205931199677e-01 9.647989089297700493e-01 8.613080496536322794e-01 2.792347589329503554e-01 -4.536410119660064244e-01 -6.466264475871934536e-01 -4.819293973696768818e-01 4.284310221660400653e-02 -2.364611657654780430e-01 6.361099434576447109e-01 8.118169959095120625e-01 -4.670424221683186494e-02 7.459719892082675718e-01 -3.475359219368594488e-01 -2.862140086411282813e-01 -4.885421346661564246e-01 2.610564430974227634e-01 -6.639781795992456548e-01 -3.656569181674338975e-01 -2.321727709716674970e-01 1.718472389623905139e-01 -2.940154662660047352e-02 -8.839995187796401144e-02 -1.902122064659553802e-01 4.841399957630712070e-01 -1.358760227575748492e-01 6.839282572393960979e-01 -5.988817914139069609e-01 5.795669808303477444e-01 5.159765032129411955e-01 -1.636248567144699406e-01 -6.480131801275037517e-01 -3.233946270036019977e-01 -8.852765204187994230e-02 4.450894717530198830e-01 1.279296556900141324e-01 -1.121241708572595641e-01 9.404150154105194170e-01 8.043877261542456969e-01 -4.636471268876783958e-01 9.080481969538510834e-01 4.289817929717598677e-02 -2.395787005174730977e-01 -2.678872536327485676e-01 -3.598237456831679393e-01 2.492985337829368153e-01 -4.809108274465577204e-01 -6.885759782285519881e-01 -3.913959783595666875e-01 -3.569658025243117039e-01 -4.850112133053079422e-01 -3.245973872418572159e-01 -3.275958974752890551e-01 7.748397039897743088e-01 -4.456780972264858254e-01 5.552930071815154189e-02 -3.764728644762943000e-01 -4.035372102562708729e-01 -2.703490907784423247e-01
-3.009213692147600372e-01 4.557260524216634190e-01 -2.143998939138934967e-01 -4.690826866959093011e-01 -3.451275948940753513e-01 4.368886904516650627e-01 1.000000000000000000e+00 1.476341889884977554e-01 -2.066746954872499542e-01 4.856741649568701441e-02 -2.167279060487199427e-01 -4.335282621008151316e-01 4.564408266069698294e-01 -1.571384113843243557e-01 1.537856685923900957e-01 -6.360925594791184690e-01 -4.228684671510750115e-01 7.798355168211351662e-01 -1.244839580627656456e-01 -1.652736242283505685e-01 3.047836620412900932e-01 3.009707104372377207e-01 -3.452504802789160832e-01 -2.059525929381336162e-01 -2.143438605889973758e-01 -3.695392113386494065e-02 1.077259470525295804e-01 1.331407606950758549e-01 -1.818529537258333217e-01 -4.742519740999752605e-03 -3.232925327606032129e-01 2.764532686213216905e-01 2.198913051253025830e-01 -2.302825503604648827e-01 3.356299353376466788e-01 -3.662967462283415188e-01 3.174149869344829455e-01 3.026665029559744147e-01 2.920356051607450043e-01 2.925073146656468892e-01 3.063427591293603758e-01 -4.564816229396829184e-01 -2.284024196946988217e-01 -2.007595137048805156e-01 -3.105514015768244263e-01 6.829564815597772842e-01 -3.263681546894858787e-01 -7.702005249309791524e-02 2.882932991239096632e-01 -4.666042955858333285e-01 1.502339557491803590e-01 1.133934414824770143e-01 -1.577294322519693648e-01 2.553948422186193556e-01 3.450356378486288955e-01 -4.118468114916182810e-01 -1.577504183971650265e-01 -4.469429600552571324e-01 -1.433132568701698528e-01 -4.139742809732079309e-01 -3.197374045638671225e-01 4.398331569333734370e-01 3.634650044336243946e-01 6.945016692542978209e-02 -1.577007839079937190e-01 -2.839706778197306214e-01 9.276637238228885307e-03 -1.775649442034132330e-01 -3.384664288974249535e-01 1.173449525353016526e-01 -2.142757547896138870e-01 2.543275439688896453e-02 -1.000613829959121071e-01 6.841994590340487736e-01 -1.634272493124965808e-01 1.961384072639887899e-01 -2.142213383761219225e-01 2.034305109836151149e-01 1.270549324852170703e-01 -3.825132519164669009e-01 -1.580349968367129043e-01 4.860314702369719631e-01 2.214084790809771330e-01 4.406078798876798125e-02 -4.770999668079475287e-01 -2.702692846979430352e-01 -1.593686875826477722e-01 3.370091455113543577e-01 -2.228940080354681608e-01 5.342084178877238854e-01 8.706940443788430128e-02 3.358047380593834341e-02 7.239823556726795450e-01 3.054387091765140561e-01 -1.762302058377788749e-01 -1.628455817364670433e-01 6.651030114458068576e-01 -3.067110692263351202e-01 -5.160407310656485169e-01 -2.144885601385451424e-01 -4.475406717399504908e-01 1.935710008402225235e-01 -3.316048170853301835e-01 3.388822898178368570e-01 4.689108862617333839e-01 -3.416807683634410786e-01 7.612560384015655546e-02 -2.433851948951095967e-01 -1.800442259474471091e-02 -5.317518378912351740e-02 -3.048936174288943146e-01 -3.433945483984645608e-01 -2.741232391607960617e-01 -3.313452818438845093e-01 3.321903908355335888e-01 -4.680060595367168119e-01 -4.103752172217955962e-01 3.133058779504204194e-01 1.105453534203579141e-01 -1.495954673384722322e-01 2.248893426780546601e-01 -5.617812236168572282e-01 -2.160694549391815322e-01 -2.059547272605820600e-01 2.959938632463202657e-01 -3.931261083907128806e-01 -1.581989226317563890e-01 -3.399748875286384142e-01 2.971543398251836332e-01 3.001522421782266692e-01 -1.599810091779501897e-01 2.257303999440852527e-01 -2.270124089629850794e-01 5.156009723271841594e-01 -5.165017579323585295e-01 -2.726556215365275593e-01 -3.775195892386394303e-01 -5.346268909081306475e-01 3.316773160870168380e-01
-7.962189774799964537e-02 -1.880280542697885526e-01 -2.485153840217207699e-01 -3.520573609012396243e-01 2.419816846226583440e-01 8.670739438504789787e-01 1.476341889884977554e-01 1.000000000000000000e+00 -1.683281459549052783e-01 5.994317333533752956e-01 -5.113439370367262038e-01 -2.566591129846059194e-01 7.602665521354029510e-01 -4.407745266884143254e-01 -2.415708165450441980e-01 -1.100331017514544624e-01 -2.570361360399661121e-01 1.664725953005839754e-01 7.804863860327322655e-02 -2.031587998501072356e-01 -3.922253812582747745e-01 -3.986348427607279143e-01 -6.025988994555786515e-01 9.328816778252695119e-02 -2.483844336103982753e-01 3.741352593948182315e-01 9.328086236848650570e-01 9.447166911879546491e-01 -4.485959436532847011e-01 -3.893985374833948132e-01 -3.427003724509907201e-01 9.198275768563319854e-01 -3.282890005123204058e-01 -3.127614985082274868e-01 -3.211695776558067261e-01 -3.780745841289870901e-01 -4.087926479767486354e-01 -4.022695649957563346e-01 9.755645823405101336e-01 -1.626160905107963128e-01 -3.942149978034963920e-01 -3.047432965803110738e-01 -2.661325764430207408e-01 5.769100583803169480e-01 -3.601614329853767421e-02 -2.329022723113278737e-01 -9.156175922051958127e-02 7.860781711101713087e-01 -4.129106004360296733e-01 -3.842720137386437806e-01 9.760249657895481157e-01 -4.381156242243660626e-01 -4.393231946092976403e-01 7.131705368101237674e-01 -3.902675521313528906e-01 -5.254464988615081822e-01 -4.440100098168717202e-01 1.269462486632620402e-01 -4.773235508166397967e-01 -5.233580847561138949e-01 1.003518341976359918e-01 7.620930377416185175e-01 -2.077564334504711507e-01 4.151129333116060360e-01 -4.393851609658603885e-01 4.958310581779252768e-01 4.577605633900341253e-01 -3.031656910978455244e-01 -6.305314893748077409e-01 4.634403162153460376e-01 -2.484656036713324134e-01 8.128875069438030732e-01 2.223862633450667536e-01 -2.726457774588597616e-01 -4.455135727687483116e-01 9.808212182127112877e-01 -2.484596708533128306e-01 9.710129816269104097e-01 3.773245494637612052e-01 2.407212554140746585e-01 -4.392552015768191320e-01 8.134524673445451270e-01 9.909923539147380556e-01 1.267591261900486987e-01 -3.763314011776280332e-01 -5.726372033316020627e-01 -4.410627420680087729e-01 -3.732196620055630576e-02 -2.532944980993765971e-01 2.561332230750214545e-01 9.918010667987016138e-01 -1.416741329841788577e-01 3.627800066272072743e-01 -3.934149313998819286e-01 -3.172057111997073076e-01 -4.460217691907369941e-01 7.302700836043540811e-02 -6.189281861726572131e-01 -1.505120885930013586e-01 -2.484071227169956930e-01 3.081175771269053509e-01 1.752955061307686149e-02 -2.091896454201227357e-02 -3.321570963415181876e-01 1.806221929903918388e-01 -1.346642031180997623e-01 8.483277550898727926e-01 -5.295251084458382218e-01 7.672435180751603356e-01 3.240928425545904212e-01 -2.440801276897159311e-01 -6.504764056395454519e-01 -3.242692817642115477e-01 -2.172063328648041886e-02 2.520478030559141214e-01 2.781717580617072971e-01 -1.273258257725920495e-01 9.507953404214376514e-01 6.070122725636070138e-01 -4.255278095987101716e-01 9.748481626161917823e-01 7.927728514813189853e-02 -2.584601003764896987e-01 -3.353619503737138574e-01 -4.020607096404611447e-01 4.958613518404968445e-01 -4.396648674778260157e-01 -5.917493106808531245e-01 -4.317555082099245323e-01 -4.018821537454819182e-01 -4.414628056808750922e-01 -3.930631416967641512e-01 -3.462482739545002519e-01 4.485587711657398891e-01 -3.058062926435160533e-01 3.845519991137607563e-01 -3.809375856244254233e-01 -1.064115341370471257e-01 -3.893313086849130578e-01
-1.864952281068915363e-01 -4.160283221767597239e-01 -2.443311783263361903e-01 -1.190179089709883335e-02 -2.451547641383129972e-01 -2.680403463896534055e-01 -2.066746954872499542e-01 -1.683281459549052783e-01 1.000000000000000000e+00 -2.964114496869416082e-01 7.025636886470797426e-01 6.150351130033905322e-01 -4.097622979265079235e-01 3.351681157085629192e-01 -3.984608206199607983e-01 -2.642853554757411128e-01 -1.989261035851709880e-01 -2.703815040900778288e-01 -2.927738170769352832e-01 9.908001415445103488e-01 -2.392623915299094961e-01 -1.732771479999302144e-01 4.091650142863774153e-01 1.667730380631406856e-02 -2.445140484526703295e-01 -8.848540692517550821e-02 -5.691174236038009510e-02 -2.679533839642812554e-01 3.336894981612315569e-01 -6.010304558572233252e-02 -1.645790447856564365e-01 -1.944031571328871111e-01 1.940478683951027683e-01 -2.240201889856014150e-01 -3.789093556497297177e-01 1.073991002759111940e-01 -2.550593399107479176e-01 -2.329478445380015472e-01 -1.813927568066132645e-01 -3.274747394326639749e-01 -2.386017065395542036e-01 1.657255009380701471e-01 -2.172456708630075006e-01 -2.770168595673537168e-02 -2.313986999960171154e-01 -3.899502923000841004e-01 -2.582549292757575499e-01 -7.782358673753490830e-02 -2.361768864233058096e-01 -3.626355184752168281e-02 -6.740949125364585626e-02 -2.331695721416278677e-01 3.353169687895588003e-01 -1.737316789815606874e-02 -2.543812897206902957e-01 6.164572610817941056e-01 3.328218366682533791e-01 -4.047101431035637353e-01 3.189621263371849591e-01 5.406536122418856838e-01 3.665485910049844920e-01 -2.089375579944679762e-01 6.050285755270706084e-02 -2.295406726566676658e-01 3.351895475848764572e-01 -2.501678586233577750e-01 4.199438926726350996e-01 -2.504475216112720948e-01 5.454053120908466390e-01 -2.932898820453782585e-01 -2.444770030478848055e-01 -1.565024076254684926e-01 4.612898764478277625e-01 -2.427537907219931845e-01 3.457699308834017438e-01 -2.654633733684724772e-01 -2.445176136395275368e-01 -2.676310604807830562e-01 -1.725225300683718987e-01 -1.306689900415778094e-01 3.349859712221655572e-01 -2.086928833567184560e-01 -1.833499347643028632e-01 -3.702464351458737979e-01 -3.320075862980030601e-02 5.946371718194422007e-01 3.337598024138831443e-01 2.682611047109391689e-01 -2.438012123542150078e-01 -1.059508782585064507e-01 -1.725901405460171234e-01 -7.898195426124418606e-02 -9.297572093232896184e-02 -2.359524732033187744e-01 -2.674522483135254869e-01 3.451801722702810826e-01 -1.200043015575040090e-01 5.637733086756248069e-01 4.342216125221582401e-01 -2.447185176987393129e-01 -2.152201719439666705e-01 5.550392234131856783e-01 -1.673968606376387558e-01 -3.854938709657061979e-01 2.437530744819573769e-01 -2.243533500849243800e-01 -2.092846718228427022e-02 5.002045946731707993e-01 -2.538616537664113021e-02 -4.250655036693787303e-01 -3.161883228242742261e-01 4.598875034773030057e-01 -1.355618902929021374e-01 -1.697892479602717830e-01 -1.918403501342309525e-01 -2.315478920130690510e-01 -1.103238329385931166e-01 -2.017399328654109203e-01 -2.733707321707431470e-01 3.658106594839534709e-01 -2.611365525761361051e-01 -4.170745519609603824e-01 -2.419854377403455326e-01 -2.176941808858176008e-01 -2.223207394076831545e-01 2.464712850962694213e-01 3.356273846502136338e-01 6.734464677084283091e-01 -2.122310572400562534e-01 -2.297921522551984452e-01 3.390870634352847190e-01 -3.259388066412494123e-01 -1.923782779117087782e-01 -2.155157330402446558e-01 -1.270429894845664367e-03 -8.232860006201525582e-02 1.320237559244571146e-01 2.624828539812428807e-01 -3.286251830938575202e-01
2.619928366001906261e-01 -4.272149462156204502e-01 -2.946238148316185357e-01 -2.563874309197313184e-01 5.541445440004448830e-01 5.710329467468965303e-01 4.856741649568701441e-02 5.994317333533752956e-01 -2.964114496869416082e-01 1.000000000000000000e+00 -2.772406570267986203e-01 -2.228267891002755352e-01 4.238753608184759880e-01 -3.213940637843992199e-01 8.099254807397986144e-02 3.388995878384381544e-01 -2.019881037075798857e-01 2.035203406227974465e-01 -2.310362489557080123e-02 -3.123477253244362206e-01 -2.128175117620503543e-01 -2.316464414775575853e-01 -4.694497452520958181e-01 3.624366881801628359e-01 -2.945166219298402388e-01 4.347006344190436355e-02 6.196002941427819488e-01 8.211729683815500724e-01 -3.042928850884974445e-01 -2.516422640285184142e-01 -2.768428312318323981e-01 4.779115844473558194e-01 -8.108100198711609696e-02 -3.230946177888479043e-01 -3.693351180938172496e-01 2.308845740689293574e-02 -2.310972533396395689e-01 -2.186406637757824234e-01 5.322581896617484265e-01 -4.343662917396593492e-01 -2.169770063781192859e-01 -5.110740045677506505e-01 -3.084298441604841901e-01 7.588719560742827053e-01 2.644733686194783440e-01 1.541995366147042579e-01 -3.531827691763264054e-01 3.746222556291888828e-01 -2.138856995959284024e-01 -2.373944443310100627e-01 4.856255275681999328e-01 -9.414915615607143129e-02 -3.212570198005554323e-01 -1.081564321574056825e-01 -1.856771588246209637e-01 -3.718226318757139048e-01 -3.216560271388038128e-01 2.299238749264434153e-02 -3.487610725441176451e-01 -2.767802123800036096e-01 1.830660841752719814e-01 4.222007868852034052e-01 -2.137528629409618519e-01 -8.081915106534248716e-02 -3.213301328821256408e-01 5.530046404556688833e-01 1.494272254948400824e-01 -1.699075210158280946e-01 -5.096238580002783181e-01 8.389867478127668310e-01 -2.945754851575618227e-01 7.836150603764834299e-01 -4.333789309558613301e-01 -1.009507234198861181e-01 -3.255372473294623759e-01 6.634149704983084428e-01 -2.945643609671855234e-01 5.533757972895628763e-01 1.194666164519641166e-01 7.997194416855535337e-02 -3.213473171307030807e-01 4.207349803614196526e-01 6.114115574711477263e-01 -2.751892758106683767e-01 -2.781255838074911946e-01 -3.715624218900173692e-01 -3.229549524479451983e-01 -1.767201184905003164e-01 -2.938629493046473473e-01 1.494815101096328980e-01 5.996623449008715578e-01 -4.150787460542636198e-02 1.940568821336416394e-01 -2.147638038898527224e-01 -3.003300189589154234e-01 -3.253963643828118868e-01 3.404408549071127332e-01 -5.662017641921746058e-01 -8.752790335650391385e-02 -2.945980520989491813e-01 6.061744488785865415e-02 1.359212435086571968e-01 2.919341112286547024e-01 -3.903920203896798502e-01 1.741572863017339795e-02 -3.025963043305029965e-01 1.233447579938398431e-01 -2.186015109267410716e-01 6.670561524302752732e-01 3.052457814048036844e-01 -3.800150086801451499e-01 -6.112936705115359359e-01 -3.398869062297735222e-01 2.909143219619059750e-01 5.697657735670011991e-01 -4.362444613053243631e-02 -2.044871480057755264e-01 6.214580079802478618e-01 6.017960602800214165e-01 -3.242435212689362412e-01 5.397345309868523122e-01 3.221286307195902476e-01 -3.162417904331797924e-01 -5.131852961165196403e-01 -2.168919987071751543e-01 4.024870794365859594e-01 -3.214648996079677579e-01 -4.044494801309984067e-01 -2.432717469059282878e-01 -2.186352173617316097e-01 -3.208991741457438707e-01 -1.809811710862832823e-01 -3.781543636652570650e-01 1.409856136054205011e-01 -1.945319888475099679e-01 -2.115790137796730308e-02 -4.409683781555932547e-01 -2.843214233981807837e-01 -3.541529338090130818e-01
-1.503964787724223207e-01 -3.101735936304386709e-01 -2.004796849033155803e-01 1.566079071536573553e-01 -1.997009040665636281e-01 -5.667302891888156280e-01 -2.167279060487199427e-01 -5.113439370367262038e-01 7.025636886470797426e-01 -2.772406570267986203e-01 1.000000000000000000e+00 8.455764050072072102e-01 -7.081004262582563102e-01 4.276103455857096503e-01 -3.684351978640922898e-01 -1.511233054181192748e-01 -6.907695880903526320e-02 -3.460962108538855886e-01 -2.678239861110351394e-01 6.947974700009379445e-01 -1.898955480690026898e-01 -1.500638038337490654e-01 6.082895980103234512e-01 3.846495501705254894e-01 -2.008377013363339403e-01 -4.595986182555418798e-01 -3.446332593319954563e-01 -4.722883714388220189e-01 4.328115068978350966e-01 2.580037935546019567e-01 -4.845309688902279394e-02 -5.624636200079284887e-01 4.039133105294461790e-01 -1.664929461108518305e-01 -3.051582820792874684e-01 2.843142448338032979e-01 -1.993907732625134210e-01 -1.817253482782776597e-01 -5.519156756424060672e-01 -3.933444425380487330e-01 -1.895303907461624582e-01 4.060445935158021324e-01 -1.642627126485376732e-01 -2.310770107310151228e-02 -1.952413415485239889e-01 -1.633922992869936974e-01 -2.466859835798018152e-01 -3.759940464949410033e-01 -1.820150426865027871e-01 1.256044070655164824e-01 -4.236888905125739679e-01 -1.416427863310566471e-01 4.263414719381047324e-01 -4.931687472599636246e-01 -1.888608687562551014e-01 8.897108534023232540e-01 4.277067539456796963e-01 -3.227476089196738562e-01 4.157289016535014592e-01 7.589111631451459505e-01 4.690212824338432229e-01 -5.824784629230300714e-01 -2.458667910138641610e-01 -5.304153564290525757e-01 4.262247227538243921e-01 -1.032246177307875323e-01 3.036228517961917506e-01 -1.078819674318508143e-01 9.068452276183381899e-01 -4.940311099986916532e-01 -2.008155603611889162e-01 -1.797874801373164633e-01 2.712280055993749883e-01 -1.391702472536947843e-01 4.409254704956836468e-01 -5.019498185908537469e-01 -2.008334937182477964e-01 -5.984848409021289450e-01 -6.406042199016451777e-01 -1.004346268733811026e-01 4.262158383316893562e-01 -5.755425808727843151e-01 -4.802796631301751717e-01 -3.612398521704183185e-01 6.923072105371000373e-02 8.238262917715865052e-01 4.255580695621871135e-01 -2.544858568995966852e-01 -1.976093132924344464e-01 -3.354328332909785604e-01 -4.809934017766529513e-01 -4.532113542301085540e-01 -3.246297624380244939e-01 -1.885808241097965132e-01 -1.902093302771613592e-01 4.406118428551985544e-01 1.543585115241772610e-01 8.178732170039106908e-01 6.686203723563880486e-01 -2.008544635214542240e-01 -4.079408243207239826e-01 7.196691679136479891e-01 -1.434349928508213412e-01 -3.013132143120084150e-01 -1.466614537243438599e-01 -2.988671191490315238e-01 -5.227222333274860189e-01 6.961188348592176611e-01 -4.919801879593480032e-02 -3.701060195632148719e-01 -2.371672312823709938e-01 7.945306527932683993e-01 -4.761446627692075134e-02 -1.455911331885978988e-01 -5.314980669124369506e-01 -3.955547788395736841e-01 -1.177099250252661572e-01 -5.494277542187169239e-01 -4.314014973237577100e-01 4.208420222347310502e-01 -5.671834901175232257e-01 -2.815948873505941252e-01 -1.944268561730965461e-01 -9.343971354272018193e-02 -1.691714627047202213e-01 -1.591366424460133669e-02 4.270114916600312727e-01 9.295953807484492737e-01 -1.534372541140915647e-01 -1.779817293442937653e-01 4.348547173366145713e-01 -2.707161608677543518e-01 -1.079960332939345485e-01 -5.027922255938880314e-01 1.707593619616206704e-01 -1.925037587539354944e-01 1.756482793952472699e-01 1.484455915277838045e-01 -2.597622470246888082e-01
