1.000000000000000000e+00 -2.048356577504007459e-01 -9.233161749700309617e-02 1.094875745816665108e-01 -1.957334345497808714e-01 -1.497496690556675558e-01 -1.973739321289899040e-01 -5.834521002093735753e-02 3.341778326254108422e-01 4.491907224605801718e-01 2.191223947020226603e-01 3.703569450295965959e-01 -1.702964095029167180e-01 4.295447153289903008e-01 2.605371874000417254e-01 6.932841836957706061e-01 4.102513619165414349e-01 -2.642966726206530392e-01 2.562623114166606153e-01 1.699249172519534667e-01 3.408110035645087743e-01 4.411683392998768105e-01 -2.716219479820076721e-01 2.970117975011675182e-01 -2.300784487794632904e-01 4.200208317558207782e-01 1.605477260015256147e-01 1.174214281902579982e-01 2.922060376771889456e-01 -1.891475031872596468e-01 4.909826952169552006e-02 6.941668158021935264e-02 1.099504231049438785e-01 2.917058762584536780e-01 2.948622612897123241e-01 -3.135634958869948363e-01 2.449342542188196262e-02 5.021078189589769369e-01 -3.746570492047072293e-02 8.355016937272127797e-02 3.417658919672763029e-01 -5.635756313686485219e-02 -2.472526563654200704e-01 1.020835096893140254e-01 7.241341078203302750e-01 1.694952719409568986e-01 5.105570216302460218e-02 -8.395012666176371319e-02 7.600716051722226085e-01 5.095175807988197025e-01 -1.374727265820123168e-01 -2.843273092173014271e-01 2.957745995113186810e-01 -1.685554700733667699e-01 5.951351471916236369e-01 4.336265957631312840e-01 1.698817213001287407e-01 2.236858788276073484e-01 7.629629651724875727e-02 5.666567829773211384e-01 5.384317025255753730e-01 -1.171219301610002678e-01 3.684603955259211361e-01 1.241359653131151597e-01 1.324081890291348707e-01 3.187366132504589333e-01 3.612659130247856676e-01 8.488936292495057045e-02 9.720823969260190822e-02 5.089907994912343803e-01 -1.417847783185920141e-01 8.261700131856914570e-03 -3.641021762344609503e-01 4.775153738348184018e-01 1.550420702407434570e-01 9.858998166368881239e-03 -2.083589632150129045e-01 -3.661519492733183306e-02 8.145329788226647605e-02 3.574349416479345454e-01 -7.761106954956162318e-02 -1.774930510853489907e-01 -9.139693995011641259e-02 -5.407859095453275700e-01 6.320614346496263858e-01 3.157396823473869740e-01 4.162767067234096618e-02 4.776407952071861640e-01 -4.647478007936812344e-02 -4.052720233756865187e-02 -4.016599874246014334e-02 5.341809570228159831e-01 7.076573503903059448e-02 6.859051110735094881e-01 -2.332700105183463379e-02 3.914576798204922325e-01 -2.099522608868604756e-01 -1.850110136219021775e-02 -2.878370256988556641e-01 -1.409534525454075038e-01 1.460129844025098711e-01 7.441010778449978769e-02 8.551894608536902975e-01 5.475525479669322015e-01 -1.897451447187636364e-01 -1.182299698809011375e-02 -1.298818511691744171e-01 2.285092679006204275e-01 4.860453324932977742e-02 1.320782702294360511e-01 6.477500240723482738e-02 -3.952923868067975688e-02 2.160264436981450265e-01 7.901258652563512008e-01 4.465113104001126043e-01 -1.145281052988004339e-01 -1.172719227431936045e-01 -3.431180418329956433e-02 1.820990023105841238e-01 4.460263484943695622e-01 -5.963854738616709145e-02 2.151663342807282608e-01 -2.932522657629508256e-01 -3.337325533511692477e-01 6.581518875478614694e-01 2.640051879172159999e-01 3.459009517156919067e-01 4.849224240266785668e-01 5.181370602538014625e-01 2.417861869871868949e-02 1.447499764880696704e-01 -1.130425863388336873e-02 -2.906378547465354734e-01 -3.375940702784344660e-01 3.578717317621208371e-01 1.239491516358491030e-01 2.355180497729715550e-01 6.559933343771743308e-01 -1.756175808466340499e-02
-2.048356577504007459e-01 1.000000000000000000e+00 7.702172033606050072e-02 2.469248052695838802e-01 1.744627986878367065e-01 3.267219983280015283e-01 2.036737566340253158e-01 4.256629319719765908e-02 -8.384407660646989169e-02 -3.502088963986669801e-01 1.387927447553014559e-01 4.898956369012537337e-02 3.890414564465106140e-01 -3.825988518926412042e-03 2.272720245362267188e-01 1.595256189133313074e-01 3.676407701153837360e-02 6.315989155509859065e-01 3.770324393374391292e-01 5.491503508608673589e-02 5.267199486949247778e-01 3.386356270987841977e-01 6.041775233495674247e-01 2.364442322097327909e-01 1.879306889419579407e-01 1.273453620565641597e-01 -1.234816641337277282e-01 -9.930552855538710144e-02 2.745897383957197624e-01 5.024151792660240812e-01 3.643833129655058567e-01 -1.764408292283785040e-01 -1.189677431205175151e-04 4.203183673716333058e-01 5.892385833713679189e-01 1.741917094275439448e-01 5.803649885431010347e-01 2.370943130901874973e-01 -8.686982482924725246e-02 2.043073946909428340e-01 5.186559178192760022e-01 4.958682302426929422e-01 3.465875848577191221e-01 1.007946106032753392e-01 1.729214019351819065e-01 2.319211877499488539e-01 1.533768050118542448e-01 1.820115120898505023e-01 1.467887916567182927e-01 6.291452026957722321e-02 1.934405675794622637e-01 -1.665548268008482102e-01 -5.096218389999006282e-02 2.000835289370975906e-02 -4.532960629699778893e-02 3.094874120679713125e-01 -4.346099295622614100e-01 1.642575428620098865e-01 3.622413370106387087e-01 2.677575692933684831e-02 -1.485282097424366898e-01 4.337920734197308614e-01 1.250809741799328856e-01 2.763728395145592653e-01 1.808609948558855540e-01 -9.461768472845026590e-02 -2.240055252104277417e-01 1.390515812116459582e-01 6.368140598862590540e-01 -2.746183344278823046e-01 1.158243858951077815e-01 7.411156864239580588e-02 5.577318560631229216e-01 3.101108245078633141e-01 -6.833736893807167145e-02 1.857151547818508899e-02 1.975121418499244941e-01 -3.734427361711636917e-02 4.150765749155066464e-01 -2.667605148816945548e-01 -1.081354892828032127e-01 3.517333417823214625e-01 5.295094654337414997e-02 7.111057442753188074e-01 -1.393224701919129893e-01 1.007113527229323152e-02 9.615105484942618186e-02 4.168641478105445525e-02 2.139445967921451697e-01 6.433141709151175558e-01 3.571408469383656470e-02 3.762680695902921868e-01 2.958857864203587318e-01 5.663040971545366814e-02 1.493970842778050423e-01 1.329578986400263840e-01 4.152127752375801839e-02 6.383773138285284698e-01 4.138028629479318377e-01 1.562940423051153438e-01 5.248385262955410080e-02 1.264169195252329014e-01 -5.910427112105492986e-02 5.425324911298103903e-01 5.746287111643891832e-01 4.507579757324478575e-01 -1.868749780641230582e-02 2.622332977696463785e-01 8.252260871647659757e-02 6.246687757812493524e-01 4.530646221250652639e-01 6.083988814920154864e-01 1.678795654326184772e-01 4.369826154471240232e-02 -3.545938230433910709e-02 1.756260743485235643e-01 5.413535578599185660e-01 2.320569934703795578e-01 3.920990221715070501e-01 -4.275385756253267250e-02 1.688848610073148404e-01 8.310977639103823977e-02 2.889867960529225455e-01 7.977182258873229959e-01 3.354139442957767003e-01 -9.470506523259096532e-02 1.065600422965282679e-01 2.661797664226694948e-01 2.099021757261206877e-01 2.981846988917317143e-01 -9.651387012571596702e-02 5.970405053033804865e-01 4.678733421515838264e-01 6.512259206535221390e-01 3.976306606293252693e-02 2.527047498484868288e-02 5.787033545911194343e-01 -6.837429756419557969e-02 6.758342782796520343e-01
-9.233161749700309617e-02 7.702172033606050072e-02 1.000000000000000000e+00 4.407162427921501591e-01 -8.277779816129789137e-02 -9.172868902233166644e-02 -3.816215029598101632e-02 -1.824879267608775502e-02 -3.073415608670838073e-01 8.543353774915894705e-02 -2.791348785845895741e-01 3.469513319055011341e-02 -5.915403693169594967e-02 -4.576091163841474602e-02 7.188920155860248351e-02 -1.330304853924756392e-01 4.162296089157197510e-01 -5.202448468210504190e-02 -2.495652156373764363e-01 -3.816869332500484879e-01 7.619113396887232381e-02 -1.438434833572550808e-01 -2.618213423184140645e-02 1.849170403560797815e-01 9.635678116927621772e-01 -2.595649825947044520e-01 -7.025323762678026274e-02 6.082669001170071255e-02 4.730981430433227330e-02 3.557551482725435088e-01 5.643039235102578211e-01 -1.211616243351719829e-01 -1.276820486112006658e-01 -5.250172697680568490e-01 -4.800481482154247970e-02 1.775261885577518114e-02 -4.901715249618461556e-02 3.119255311506589218e-02 -2.558087665811602934e-02 2.302798916235699322e-01 -4.024052286995681744e-03 2.421394226697124175e-01 8.422497309041454550e-01 -1.010819924469337910e-01 -1.820667975827331142e-01 2.913646976282203149e-01 8.032568462690707900e-01 1.037626426425163201e-01 7.809280336226553931e-02 3.956807206256314213e-01 -5.394250452858301292e-02 -9.311802999157912930e-02 2.365152044550658528e-01 1.132237131573734373e-01 -7.258939884765204520e-03 -3.943515673744551336e-02 3.505300343834681365e-01 3.118790806928611881e-01 1.276012876472109314e-01 -3.380603940512543620e-02 -1.106229537707276722e-01 -1.203663487077051425e-01 -2.870019245154010745e-01 -1.843546686311929861e-01 2.369784893168206952e-01 5.121313550892436089e-02 -5.133154130643213103e-02 3.067173537142504069e-01 1.496450585297264824e-01 1.939416903504675646e-02 9.740269447524230184e-01 -1.937310880542283398e-01 -2.114716918418958203e-01 8.710890522236779121e-02 -6.310204609700220679e-02 2.077777995552784751e-02 9.663071879011154719e-01 5.631446374096544388e-02 -1.006819279205806578e-01 2.838149993346594235e-01 -2.898251115849803661e-02 -1.482264380328943976e-01 -2.877961808215988987e-02 8.140207794571234501e-02 3.924603578826947881e-01 -2.123603989677763371e-01 2.214845017970307750e-01 -3.223673469291710170e-01 8.558912154788081983e-01 -2.851383356162801586e-01 4.465564143385861856e-02 -2.210519801403202089e-01 -3.108008398351561063e-01 -2.726315989081982138e-01 5.925337063221164380e-01 7.777962243191935410e-02 -2.026071763696093986e-01 1.300577790076496432e-01 -2.649788970295311463e-01 9.724637666908205746e-01 4.742655145985237852e-01 -1.543232987012745916e-01 -1.574273347564759118e-01 -1.994843190747873363e-01 -3.057480873039380986e-01 5.456719364921528426e-01 4.955009419887066585e-02 -1.546040939921189405e-01 -6.509622678076336377e-02 -1.465632368147808118e-01 5.633596921072988595e-01 1.292785029652609163e-01 8.240821929152537528e-01 -2.206359695874144378e-01 1.655946706390559464e-01 4.799028918903278096e-01 5.602405842427948812e-01 -8.528575785370630380e-02 -2.170223762558160518e-01 -6.216594427852810412e-02 -3.769113015043456388e-02 4.470003196462489226e-01 9.549880961729581008e-01 5.411791388255337010e-01 -8.370117179717255496e-02 7.014138158406840740e-02 1.110224943173413886e-01 2.673556308950354732e-02 9.421439863062723574e-02 -8.144308613217998705e-02 -2.599321179010656846e-01 -4.967090344460238505e-02 7.623232948052511837e-01 -2.622600497382295281e-01 3.483440592189365748e-01 2.362696176974017626e-01 3.622165084431818172e-01 2.445544436416937362e-01 1.013483624607063906e-02
1.094875745816665108e-01 2.469248052695838802e-01 4.407162427921501591e-01 1.000000000000000000e+00 -1.660766289745289059e-01 6.449733165742549401e-02 -4.433356031889226084e-02 1.012030088530918859e-01 1.734447795176020657e-01 -1.807673087505368426e-01 2.661289351285668903e-01 5.907587926397264155e-01 -2.231222884041494936e-02 -1.751322609802157815e-01 -2.048747628248724084e-01 1.573784704281898095e-01 8.343310900621613291e-01 -6.687203287000008378e-02 2.188376281387114652e-01 2.079085745470195534e-01 2.127375335828144212e-02 2.529342234710122983e-01 -1.120724201186692054e-01 5.789056751928873812e-01 4.960053512188906666e-01 1.141379614503063161e-01 2.117666060396497518e-01 -3.681994220682008323e-02 -1.463503847048706619e-01 5.831165866930803077e-01 7.353240826786310302e-01 -1.544255558404544412e-02 -1.433282775302860967e-01 1.526420688238951384e-01 3.992571889492271819e-02 6.439252361207518094e-01 1.802909998046475781e-01 4.394074987115464959e-01 1.680932664395696705e-02 -4.265472536459419262e-02 7.758405161785760472e-03 7.944252793610275809e-01 3.360194145252560216e-01 4.336290797181184820e-01 1.321835356836558069e-02 -1.823901844814628803e-01 4.344972459627160499e-01 2.701537927903830960e-01 -1.012952383314506266e-01 8.640939809727682386e-01 1.684005071782178897e-01 2.786731368590937841e-01 -1.936593121606349499e-01 -1.054171490576737147e-01 -3.631957820615175359e-02 2.041706215609309094e-01 -3.167136450200921938e-01 7.500252698606194590e-01 -1.577835808409930318e-01 6.701046061332795178e-02 2.875224826094277542e-01 6.791851621344480172e-02 9.569623927616129067e-02 2.310541172926022790e-01 -2.257950365127201764e-01 4.844380120080084562e-01 3.472509773414665379e-01 2.900916772386106235e-01 3.128212892286550417e-01 -3.109785993417046868e-01 5.136638986030086507e-01 2.371943203552990542e-01 2.393356468228701739e-01 3.008069177896239080e-02 -2.465519184968400501e-01 5.302345594309974125e-02 4.741301212039091828e-01 9.076620403831049677e-02 1.070936396776794725e-01 6.157258878891911369e-01 -2.346187718878544881e-01 5.153125056338808685e-02 1.340595589449651015e-01 2.374003535606927437e-02 2.725572377314245398e-01 9.735505564898432052e-02 -3.515161016649533954e-01 -1.626498029252453070e-01 2.381534598041648854e-01 -1.517953689032931069e-02 1.058527620351859683e-01 1.322348374320350406e-01 -1.346373378093767559e-01 1.138230807077393880e-01 3.276484119179754462e-01 -1.301781242648582249e-01 -1.066304001877156488e-01 1.563835306417000193e-01 -2.503740682018099420e-02 4.797321015894571161e-01 1.462594582538642440e-01 6.011598511209653717e-01 3.084471405015271842e-03 -6.670660018613963627e-02 3.322034865268676529e-01 4.200713970146434662e-01 4.696518263690228900e-02 7.980107209655987188e-02 2.328404215708741454e-01 2.743243272955587231e-01 3.064008859321364076e-02 1.234094075132822488e-01 4.414908624323292119e-01 1.507661186972054645e-01 -2.187508391926636375e-01 2.039862511673234957e-01 4.869393620664807520e-01 2.037106803386874165e-01 6.533648179099210695e-02 -1.157318061251587649e-01 1.376761161292492652e-01 5.786131181255019240e-02 4.117422292663831529e-01 4.431960773958285027e-01 1.087818246117902704e-01 4.583918396747461155e-01 -7.974555454576497115e-02 2.065239287223568643e-01 -8.476943517823978813e-02 3.929365077219523772e-01 2.442915419432359903e-01 -9.865144004703869929e-02 4.930304485276078563e-01 4.474629210963768956e-03 8.968645861471832292e-01 6.416484739919481317e-01 7.444376740855930263e-01 3.225158830335720928e-01 1.481907893763234896e-01
-1.957334345497808714e-01 1.744627986878367065e-01 -8.277779816129789137e-02 -1.660766289745289059e-01 1.000000000000000000e+00 4.072645529983509594e-01 -9.623872274202133204e-02 2.714936705625572433e-01 -1.896359047441774914e-01 5.265451491550042773e-01 -1.902475744565744822e-02 -1.125556443423259695e-01 4.512396756705088774e-01 1.986822582062735057e-02 5.810539708422352012e-01 9.674025452629524124e-02 1.570106014926721250e-01 3.609162957402061167e-01 -2.787091672437324030e-01 -1.783132114635989640e-01 3.686912723967618599e-01 5.199988327412889341e-04 2.434770905704329302e-01 2.922529296569540413e-01 -5.441628895104419494e-02 -7.992779627803980880e-02 1.395452098294404364e-01 5.143761257284640287e-01 -7.425010280340912927e-02 4.092924725023632804e-01 2.146311977154019557e-01 -9.943278410074182783e-02 2.612735807576969660e-01 5.150258552263716968e-03 1.773458716795304757e-01 -2.135381589002716476e-02 3.484131733313183266e-01 -2.481300701074937859e-02 1.419493278574752160e-01 -2.738530061756813683e-01 2.764557692792533605e-01 -2.696354981134282958e-02 -3.829855759016553840e-01 5.045423985794900146e-01 2.529755219888127349e-02 5.669087624548749815e-01 1.333106291209477934e-01 2.052827934599463500e-01 8.169125456498665949e-02 -4.301480353215548780e-01 2.431811750703560260e-01 4.850854731925320906e-01 -1.088381078345603131e-01 -3.963585046075541740e-01 -3.015483687646064448e-01 -1.963933097673129236e-01 -1.401865773684925903e-02 1.413348962278276333e-01 -1.297782455006718794e-01 -2.786736034739802359e-01 -3.142788205138203339e-01 2.996354714262034480e-01 4.060734241509308950e-01 -4.069105749236115455e-02 -6.278640053098021034e-02 3.174715755204016721e-01 -2.847087641662205959e-01 6.016604210353800053e-02 8.248927518956513478e-05 5.001032739047727160e-01 -8.268152462511302314e-02 6.139386661730972250e-01 2.573855263048985265e-01 -2.681069066298538139e-01 -1.773408789470147795e-01 3.811213632606646473e-01 6.588459548479659762e-03 2.359682595133157645e-01 4.101591523821392915e-01 -2.594448246805801106e-01 -1.057092391225206290e-01 4.433190920594495266e-01 3.180139911778376849e-01 9.044765476296001694e-02 -6.055949400447044884e-01 -1.144600878876017858e-01 4.674823327799276090e-02 3.290818557883554707e-01 -8.957158205812376650e-02 5.442623901059470137e-01 2.689552113647400988e-01 1.219512605747321565e-01 -8.211009397888856254e-02 1.502679265292855282e-01 4.311439220029570363e-01 -9.822767861803793910e-02 6.321949622269893432e-01 -1.145428179083528286e-01 3.673198780333610802e-01 -1.715421946391625374e-01 -4.028716204582524080e-02 2.306220735537206634e-01 -2.937181082329228671e-02 -7.118384542754079003e-02 4.147824988802373825e-01 3.815558475515116177e-01 -3.189205230525796742e-01 6.235518049527508794e-02 5.079107907978417380e-01 2.026520570038443658e-01 -1.162572526780826371e-01 7.579624453142573548e-02 -2.884999134126583487e-01 -6.894433185405268727e-02 3.620931516597146183e-01 -3.846820797835089067e-02 3.478653117557570229e-02 3.268873914557747784e-01 2.060703453550980779e-01 -1.845716996479658811e-01 2.299097254567251669e-01 2.940379754439939597e-01 7.736857770584004354e-03 3.600568575192151233e-01 -3.817558679368989599e-02 -2.682864660584118044e-02 7.125298261665441446e-02 -2.066389326253970093e-01 -2.618520808033715230e-01 -5.430495780702628839e-01 -3.970257223868722263e-01 3.977726418615442627e-01 3.229908250177581097e-01 4.289904908609844525e-01 5.192564444064022566e-02 9.946952511529670582e-02 -3.091571820102845813e-01 -4.708958781474061328e-01 1.784463801923984183e-01
-1.497496690556675558e-01 3.267219983280015283e-01 -9.172868902233166644e-02 6.449733165742549401e-02 4.072645529983509594e-01 1.000000000000000000e+00 3.145723023109958660e-01 9.352642021286329266e-01 8.471489642017450417e-02 3.765262043243770562e-01 1.930953575701790242e-02 1.445821718251994736e-01 9.707644326861188944e-01 -1.164454652575380444e-01 2.877965039375553480e-01 3.030180708917067922e-01 1.127004953377379048e-01 7.415435313096604419e-01 3.167697948123562868e-01 8.457856291787912983e-02 -7.692339041385247433e-02 -6.247322150393208595e-02 2.985929003927010328e-01 6.638594670614480497e-01 -5.715684512104905746e-02 2.858076824167727903e-01 8.055012200258581112e-01 8.060034053122523412e-01 3.771067011989240325e-02 3.270025506787041514e-01 1.559346227579003034e-02 7.107950188063927310e-01 -1.810544978881998418e-02 2.195005759602756956e-01 2.100629938669019425e-01 -2.090788999798798564e-01 8.495091233857127166e-02 -6.138312476612282215e-02 8.303858719365676544e-01 1.103309689934122151e-01 -4.109798383403319953e-03 3.943206304919505412e-01 -6.749770127986630397e-02 6.160728529740062687e-01 1.370897821632434677e-01 1.661542671028628515e-01 2.784992225919235564e-01 9.033545363516806148e-01 -1.322390006867688872e-01 -1.350854370908073088e-01 9.578228350217776743e-01 -1.736266977929681876e-03 -1.762696199773363670e-01 5.084037914669660152e-01 -2.167704748226843003e-01 2.064973083472545490e-01 2.371106275694959131e-02 4.421441747663571453e-01 -1.186063241496669758e-02 1.313692603357754542e-02 2.304695350665567355e-01 9.511456734793857226e-01 2.379319803791177593e-02 3.839445400103675410e-01 -5.694307859556812373e-02 5.509217611906220835e-01 3.151168261658444658e-01 1.877095623438937988e-01 4.002867849778709575e-01 3.254083925212205020e-01 -3.577372316274298608e-02 8.279639189077725447e-01 7.788615675595479404e-01 8.894385473035885947e-02 -1.018130997613367894e-01 9.061615496257861002e-01 -5.039593978057816531e-02 8.923579376184032075e-01 6.524311895849452814e-01 1.453561703061274635e-01 -6.175049694829530533e-02 9.812388682866841627e-01 9.381522402866955268e-01 5.703881903083608540e-01 -5.386137996732758004e-02 -8.724509690594776934e-02 -2.186145613263983795e-02 1.116935350515907560e-01 3.559428051258299586e-02 7.585210390986790729e-01 9.125244976652251427e-01 2.894080171539939461e-01 4.588220190594541892e-01 -1.200678607857917496e-01 -3.194037088551917453e-02 -1.338557578199985609e-01 2.433796493364283609e-01 2.332007014940901124e-01 5.119635824666723956e-01 -1.081567820145725167e-01 5.911638938574343971e-01 3.825167777988391915e-01 7.675479227360948453e-03 1.523337654005615660e-01 5.369963216503472747e-01 6.419420801031866519e-01 6.456105869666693975e-01 8.197919083035619392e-02 8.239515109226702716e-01 7.174253243375134925e-01 4.142374877099661568e-01 4.299972371385692438e-01 -5.824768103925052898e-02 9.995376416640332218e-02 4.330259018337514476e-01 6.796704720192670024e-01 5.561307495937476419e-01 9.719217996099963619e-01 8.144643183747172221e-01 -8.655657185367381101e-02 9.630999248866315421e-01 5.608916959706572447e-01 5.983785802577049756e-02 3.312887809952241303e-01 -1.161521844195264330e-01 5.293353778834967160e-01 -1.164301125247163421e-01 -2.676701719018522926e-02 -1.859019712590689599e-01 -2.531202290870323002e-01 -7.982483503603611530e-02 1.849638693843433379e-01 1.506928943278333377e-01 8.466429972260353098e-01 6.263317614214378160e-02 5.956446139164509601e-01 3.120376763640747564e-01 1.164758784904511291e-01 1.765313907843899244e-01
-1.973739321289899040e-01 2.036737566340253158e-01 -3.816215029598101632e-02 -4.433356031889226084e-02 -9.623872274202133204e-02 3.145723023109958660e-01 1.000000000000000000e+00 3.476406567726047503e-01 3.438274453621099069e-01 8.334727753256696015e-02 5.609909474621427306e-01 2.842776100174577714e-01 3.095743334899830335e-01 1.651725883003621331e-01 2.530339393135227488e-01 -1.027771564669512916e-01 -1.363795704243038753e-01 6.904414360994119981e-01 -9.270437362203394743e-04 6.071631565212155524e-01 1.423773012829471496e-01 2.327385974745078412e-01 4.836955856954310295e-01 2.781063020896609173e-01 5.279752596585743363e-02 -3.166180173957410804e-01 3.350112975261475556e-01 2.044544889241237673e-01 1.763574994002910235e-01 -1.009576925410619053e-01 -1.616421579217088567e-01 5.091806967120907634e-01 3.327825995902271572e-01 9.649447671827995898e-02 -2.625749988715594951e-01 1.091884849410660469e-01 4.419255293806443330e-01 -4.585230254489147117e-01 4.964232132748477300e-01 2.404784239152202574e-01 4.059926517389541023e-01 -1.758254301708037093e-01 2.262452357388396174e-01 3.375126460829854791e-01 -3.708177860967766803e-01 3.594915102723363898e-01 -2.920392928383029607e-02 5.215008353854215795e-01 1.229884449628628612e-01 2.248122022688081242e-02 4.018102798711906121e-01 -4.502743903355028166e-01 1.818512333772756284e-01 6.130533915703350045e-01 2.810335173695531763e-01 1.312849788797320338e-01 -9.303043399636397315e-02 -3.503891990222669506e-01 4.052570771981440223e-01 2.527645648767740116e-01 4.267827611483773764e-01 3.301366763070209820e-01 4.573208759039229521e-03 -3.647966646364534937e-01 1.892373054235999552e-01 -3.099649276150106547e-01 3.598222688784119550e-01 7.295223736993121655e-01 1.302703929800131111e-01 -1.566407296608894051e-01 -9.616585864876375789e-02 5.662381553382297289e-02 3.720410258645429624e-01 5.972822228807085354e-01 5.826415608930224366e-01 2.403196936622198909e-01 2.971604767691738910e-02 3.930593637762754833e-01 -1.854174046839808521e-02 -1.174995175666636721e-01 4.303078021260648423e-01 2.306903591340722370e-01 3.343846206181850800e-01 1.300924811386596214e-01 2.784753704700870802e-01 4.691477727041098444e-01 1.050266571418889405e-01 2.728929857940423087e-01 3.415014733458054397e-01 1.836308346902705835e-01 3.015355861868385667e-01 -4.462128833158166691e-02 6.994368268108598352e-01 1.839481195567800043e-01 1.881283909782299479e-01 3.843278787200026803e-01 5.321200585160933139e-02 2.436739053395354029e-02 1.146262092343979661e-01 8.267835997388270353e-02 5.474203478210970530e-01 4.385137668438884861e-01 -3.420190878333662643e-01 3.175470566898236924e-01 3.161261018945125123e-01 3.508091415917271028e-01 4.933423129296309328e-01 4.351563378158277984e-01 3.512735753307613118e-01 -6.221647284841046177e-02 1.510671637277058166e-01 2.844857109045155139e-02 2.170883623455686917e-01 -4.532595104067465575e-01 2.100313106666345797e-01 5.881512391172384335e-01 4.227362833605056158e-01 3.302529026473216556e-01 1.992898309104351728e-01 4.442878074499370111e-01 3.111730200852130257e-01 8.881481282100642249e-02 5.550265177007212419e-02 2.945326279837976857e-03 1.099556604809616284e-01 5.362316153323956058e-01 2.815390462718793674e-01 1.539565698409162131e-01 3.720456297420085545e-01 3.122250341189391487e-01 3.286103307280859309e-01 4.294533646254429238e-01 2.700355347049139890e-02 2.395626146073060181e-01 -6.992329793195056764e-02 3.976480207248002385e-02 2.425045048018248106e-01 -1.406552649162600421e-01 6.312444146830135105e-01
-5.834521002093735753e-02 4.256629319719765908e-02 -1.824879267608775502e-02 1.012030088530918859e-01 2.714936705625572433e-01 9.352642021286329266e-01 3.476406567726047503e-01 1.000000000000000000e+00 2.588076101915208760e-01 5.006391362586239957e-01 6.221305093540515502e-02 3.009070037239346962e-01 8.912259092982629527e-01 -2.900159004900835016e-02 2.129748585471105959e-01 2.223252322780082668e-01 2.056230080858340026e-01 5.824122299047496121e-01 1.778966836326074386e-01 1.946621318528810318e-01 -2.121482333662504660e-01 -1.047335911496056343e-01 1.953970241376376815e-01 7.142506382196379677e-01 -3.819647413579394662e-02 3.222569934650798551e-01 9.302590384851346927e-01 8.942934782869229604e-01 5.548035246238888080e-02 2.222816714942406902e-01 -3.957353368336434529e-02 8.771853815825931822e-01 8.937049484609093167e-03 3.895613226344669944e-02 4.828963875721799942e-02 -2.070568704389774417e-01 -6.652909777842196115e-02 -8.802511563873458011e-02 9.614719347630249491e-01 1.917894161677144160e-01 -1.479537618021158907e-01 3.452773448741587869e-01 -5.438171881985094658e-02 6.089471539375660436e-01 3.737511189383673632e-02 1.220715360120125381e-01 3.786909328971999056e-01 9.458967112909720809e-01 -1.445552191378380869e-01 -3.211644482590322869e-02 9.811998415991262101e-01 2.610027466019967934e-02 -4.148207450065649615e-02 6.256847484619830757e-01 -9.073985904260888080e-02 2.510064323354859184e-01 1.868976930859612140e-01 4.760199279208428558e-01 5.734880176159968049e-03 1.368287549609964737e-01 4.087317271778387884e-01 8.670820535227670156e-01 5.603901879279993108e-03 3.663181759107427826e-01 -8.946095285742042269e-03 6.322834318544275911e-01 5.593872773511537888e-01 2.055252108116751297e-01 3.441006722962448583e-01 4.139582346561010984e-01 3.678218125828936272e-03 8.178496103839203446e-01 6.876246640786382036e-01 1.161622071103999981e-01 2.397861990229061338e-02 9.755071933643911786e-01 -4.108648897150637969e-02 9.897340575737829660e-01 5.667335904624748455e-01 3.885659657201824824e-01 7.464842005000969782e-02 9.021484596512177045e-01 9.964615022773428699e-01 3.923496890143961524e-01 1.206328822409249990e-01 2.405413253852438978e-03 3.403635140649701601e-02 1.253404404037745112e-01 4.941628961029458089e-02 5.509586292267569796e-01 9.920971285770899817e-01 2.198278429161404923e-01 3.632442114032899405e-01 -1.222702700639690943e-01 -4.904565469837136177e-02 -6.879072060535765254e-02 2.013616646039501079e-01 1.544542693899643993e-01 4.338874711560955499e-01 -6.524872512727937501e-02 6.944839100973086987e-01 4.157824919718354217e-01 -1.013645652933080343e-02 -7.675137769252004388e-03 3.500563126460390917e-01 5.785821205687068369e-01 7.782596331695708081e-01 9.776502317768265282e-02 8.818692482947848577e-01 5.093946697262148327e-01 3.602599949949690794e-01 3.559361407990046522e-01 2.952975443555882692e-02 4.741105539624979048e-02 5.054963640181999729e-01 7.543343246552846049e-01 4.897184142421526221e-01 9.629078689476163744e-01 6.766057949685468920e-01 4.825538272995706646e-02 9.850378128214900553e-01 5.414747826451735691e-01 6.229200456572622085e-02 1.431207357644082856e-01 -1.727587591678206580e-01 6.763846740325090146e-01 -6.832019294877922366e-02 3.946009121658511365e-02 -1.334496172271319170e-01 -2.276086541896110149e-01 2.841587079366126103e-02 3.050261625395905840e-02 6.270364325560207064e-02 6.414235913707535541e-01 1.286768179743961737e-01 7.271694020648900025e-01 2.524921835489969957e-01 2.799329436876558663e-01 7.778612206021263270e-04
3.341778326254108422e-01 -8.384407660646989169e-02 -3.073415608670838073e-01 1.734447795176020657e-01 -1.896359047441774914e-01 8.471489642017450417e-02 3.438274453621099069e-01 2.588076101915208760e-01 1.000000000000000000e+00 1.604719758270129193e-01 6.370851759573532558e-01 8.369964787175911969e-01 1.037811762348957167e-01 5.495403336871004241e-01 4.278938197046721487e-02 -6.734322618951965600e-02 2.973493033106038297e-01 4.699943688531629804e-02 -1.223369308914781378e-01 9.048223801105755859e-01 2.123505160354310639e-01 5.008709522850964824e-01 3.453850301404067236e-01 4.285636457047788950e-01 -4.198380327931454659e-01 5.852260441700452009e-01 3.678932019895228001e-01 2.321820771568573194e-01 4.523815009990831970e-01 -5.521479831784094350e-02 -1.284785760247005859e-01 4.841551874684071333e-01 2.924775858923490679e-01 5.927016376841210549e-02 1.644594874796314055e-01 2.924724386321858050e-01 2.246356528607998670e-01 3.162668353945777833e-01 3.986207706765779180e-01 4.828255647881525281e-01 1.533794435463320949e-01 2.205801531656758629e-01 -2.144221559144942613e-01 1.987997129343827829e-01 -7.102560926449641432e-02 3.170785449165913761e-02 1.116206087568211575e-01 2.377310643341300489e-01 2.341197242327975880e-01 2.805530824928424427e-01 2.752495491044104625e-01 1.298113298592686871e-01 4.683094066915711728e-01 2.747922535804634414e-01 6.434510706116661760e-01 6.644270241851114589e-01 -1.044409613093514044e-01 1.632550109073870048e-01 4.966955985032101006e-01 6.665680976362590160e-01 6.724450969826522018e-01 1.650038206651867068e-01 5.232351990814620990e-01 4.227038195398242215e-01 3.260781864918899098e-01 2.553299683572349266e-01 8.569270299556369652e-01 5.114905334767362588e-03 4.700445822379561989e-01 1.736668691714025603e-01 -4.291752207863285817e-01 2.037811404377587177e-01 3.856747823991152901e-01 4.844099713588139178e-01 5.526842370588920250e-01 2.668428981209332584e-01 -4.365747207856599532e-01 2.463676205813306042e-01 2.784192480426701533e-01 5.996148800789620203e-01 5.135225076313942871e-01 1.176651163351360857e-01 2.598865792789506468e-01 -7.958239182213551477e-02 2.650402956792026199e-01 6.362913803035126215e-01 2.739893477845971037e-01 5.384580941812647792e-01 -3.535889290827410325e-01 1.075088189865275323e-01 2.879630306148849850e-01 4.481476622225442630e-01 1.138151693432700763e-02 4.525448673224746199e-01 -2.278041703143574848e-01 4.964203527459356557e-01 8.563967607361160084e-02 3.687519353608706418e-01 3.784888549203090369e-01 -3.617549507938326303e-01 7.438312013707777670e-02 4.645562295952472831e-01 1.405515297450440210e-02 1.208743958398998675e-01 1.213691383368750015e-01 -1.330173864413869422e-01 3.503152147083751777e-01 5.931928100000570803e-01 4.417582594772783700e-01 -1.232620128423168593e-01 -1.844421285973267266e-01 3.567726427919186150e-01 1.518387301849198449e-02 9.987232999427176836e-03 2.554288855946552084e-01 6.076124102857252685e-02 -1.143660033589894154e-01 2.281174672824677341e-01 -9.534023019503586049e-02 6.763655501312495488e-01 2.223660625784230349e-01 -3.837258980725629653e-01 -3.605238672597479987e-01 -2.048489514010676804e-01 3.910766231769627899e-01 4.568508722320361870e-01 3.782382832961498353e-01 7.251593563331329984e-01 5.431362647243029862e-01 5.724003509458815975e-01 5.009432236297969299e-01 2.250851291395401521e-01 -3.431900577733122404e-01 1.484904012288109330e-02 1.789070048795013690e-01 4.620393498720347658e-01 1.342954808024262037e-01 4.767392880751096240e-01 9.499784542465480874e-02
4.491907224605801718e-01 -3.502088963986669801e-01 8.543353774915894705e-02 -1.807673087505368426e-01 5.265451491550042773e-01 3.765262043243770562e-01 8.334727753256696015e-02 5.006391362586239957e-01 1.604719758270129193e-01 1.000000000000000000e+00 1.092107711283630544e-01 2.177546381167362877e-01 3.770101368406611475e-01 3.929062394258966973e-01 6.108646087658202717e-01 4.121922233088937682e-01 3.288692944849834210e-01 1.648390052180926102e-01 -2.144773673991666185e-01 1.212322676752572610e-02 2.285642058327718995e-01 2.750635508371493398e-02 4.141735386842548133e-03 5.292071520624606062e-01 -3.511909695822454380e-02 8.957307149527972412e-02 5.574375554362147600e-01 8.121820504067844837e-01 2.004217929488020800e-01 4.036325779783702522e-02 4.104363833462542493e-02 4.249170700781382815e-01 3.680339465940872801e-01 -1.257978885745772157e-01 -1.135808690956178688e-02 -4.614771233925297200e-01 1.725487445734051606e-02 -4.059699721853933518e-02 5.210400137370739815e-01 -6.381956412066239898e-03 2.220728635586060318e-01 -2.541966762836445071e-01 -2.770929497589958990e-01 4.850686223041359435e-01 2.815597188903784520e-01 6.360736283884409481e-01 3.626342376574142601e-01 4.062278670459695817e-01 4.951420897001825860e-01 -4.883508029537583089e-02 3.591737599596754871e-01 1.594573380091487969e-03 3.366898568740944730e-01 3.826221842679315699e-02 2.171615741799051702e-01 1.352606008846807262e-01 5.300717200467115475e-01 1.885188658159413777e-01 5.042227495721043201e-02 2.948933344664586564e-01 3.556347826020597180e-01 2.451829734641670921e-01 2.988521033105061009e-01 -1.168184115267917322e-01 2.045543476993317289e-01 4.943259888091355858e-01 3.175059761504711031e-01 2.947207302323608391e-01 -1.144074609432416643e-02 9.106296319212165979e-01 8.957859160392035031e-03 5.336514909653418126e-01 -6.562711584286851085e-02 1.977391932673775998e-01 2.374298177708991375e-01 6.205344780189380183e-01 1.110973233146814523e-02 5.563052050898853462e-01 2.514672750313924898e-01 2.159603251787387268e-01 1.561221173301031995e-01 3.205023637207113918e-01 4.922221048663650844e-01 -3.580841726949401393e-01 2.404627733398559120e-01 1.909033294637783595e-01 2.625887844702899931e-01 4.950199514991877603e-01 1.621732857453123955e-01 1.924757538610249730e-01 5.213159012842983886e-01 1.975074941716758459e-01 9.137896157866133573e-02 3.629821192939459151e-01 3.811920027389534837e-01 3.038454861029559195e-01 3.488182199495773461e-01 -2.165413154600092094e-01 4.179163712677573528e-02 -4.146217209261411629e-02 5.232540616060473715e-01 1.978117607436844227e-01 4.139158975514964367e-01 1.136399981799244008e-01 -8.705758784201386713e-02 4.125293900723752683e-01 9.322776966638016138e-02 2.088014113674695471e-01 6.196057900452465184e-01 1.340320639463118621e-02 1.393963463142239567e-01 -2.439116642090192327e-02 1.060044150368905369e-01 2.398758370904656434e-01 8.251832745747734732e-01 3.355202509959591683e-01 5.905854657746556491e-02 4.112404300554078906e-01 2.780115206600316524e-01 3.472334581353231364e-01 3.997921012994409828e-01 6.256652248699964280e-01 -1.306745857384110365e-02 -1.334979473597153188e-01 1.491457366920972138e-01 4.248204118196427514e-01 3.789703035557090427e-01 1.291911806441859989e-01 1.726876054093048618e-01 -5.736473262092722791e-01 -1.277772795878752421e-01 1.148558701598561410e-01 5.012179464211549001e-02 -1.320639519790909981e-02 1.755667991892350399e-01 3.121156911191001471e-01 -1.857786401815570698e-01 2.095558172572694888e-01 -5.677667636590574135e-02
2.191223947020226603e-01 1.387927447553014559e-01 -2.791348785845895741e-01 2.661289351285668903e-01 -1.902475744565744822e-02 1.930953575701790242e-02 5.609909474621427306e-01 6.221305093540515502e-02 6.370851759573532558e-01 1.092107711283630544e-01 1.000000000000000000e+00 7.482428034215459212e-01 -7.008474572097576905e-02 5.786995183461653980e-01 -1.514168732605036122e-02 2.463514900351732317e-01 2.751432869249070823e-01 1.845923773659296774e-01 2.110816805666682339e-01 7.934911806240747545e-01 2.724264007112722763e-01 3.153844256085220343e-01 4.942889257180689833e-01 4.675445457875670452e-01 -2.170186212500711531e-01 -2.697471734075757022e-02 2.791150835865486846e-01 4.714814557143245932e-02 4.308940709448291773e-01 2.867063646186617798e-01 2.840722060527367532e-01 2.455134333438112881e-01 7.435113444569682040e-01 5.331080097890074088e-01 -2.230975156869291764e-01 3.629246614373230484e-01 3.677332554474003201e-01 -1.286533072929362531e-01 1.623193135076918814e-01 -1.399927273544090134e-01 3.958445022735286867e-01 4.181644882253516410e-02 -1.823110272336977977e-01 4.593858088515428428e-01 7.377974304650365689e-02 1.603805254721385187e-01 -1.410717672430048808e-01 1.498255292641279823e-01 2.612021304900670193e-01 3.503053711984057128e-01 1.287347989370584700e-01 -8.949875455833126991e-02 3.446276345472075731e-01 -3.492362396303012873e-02 2.452653847814166843e-01 5.221209309150178779e-01 -1.080842706822313648e-01 -9.819434556871070238e-03 4.139640960013773463e-01 6.348439036262599755e-01 7.261009396317249509e-01 -4.798284738902884594e-02 2.539757306281694160e-01 -1.157175094620148809e-01 2.879132468806995249e-01 8.654798313537642729e-02 5.165614578552222280e-01 4.348125633452409322e-01 3.117422081259788591e-01 -1.195515804176254665e-01 -3.070006097892944985e-01 1.742477717975478291e-01 2.997045486162900341e-01 3.749704748819136513e-01 6.809638207828464518e-01 4.560664404005371902e-02 -2.379610642487504091e-01 7.199909360871578623e-02 -1.823214361334810629e-01 1.027576236769809220e-01 5.716797954262895498e-01 -5.250909597147990215e-02 8.805153102235759033e-02 -2.600263199308486262e-01 2.309490559180235048e-01 9.342000577338095413e-01 1.329724657255310361e-01 3.066787470800663162e-01 -8.922308066147337235e-02 1.213274806171646923e-02 2.125373684894644663e-02 3.993195863950170510e-02 4.517646973473976035e-01 4.846584791154893157e-01 3.192557387707216643e-01 6.165706023522670165e-01 4.763961522716581576e-01 1.353227181330977358e-01 3.656530274231967748e-01 -2.206539227270895576e-01 6.762688095536328881e-02 7.008162281382286363e-01 1.405758464265805807e-01 3.756979895474208964e-01 2.573774777342666686e-01 1.669339055386102888e-02 -2.259131663224110687e-02 8.702749574446003722e-01 3.052533699543567569e-01 -4.853509448036176510e-02 -2.857938581245250687e-01 9.652506871100448305e-02 -1.182994799752419834e-01 4.512519745200060939e-02 -4.291972924695769409e-02 2.245235676460268642e-02 -7.458479570639350853e-02 9.842330898455182997e-02 9.754695911219023186e-02 6.980267125416053098e-01 4.454828826635229971e-02 -1.647801667056727759e-01 -2.440318534550972585e-01 -7.545308122508997961e-02 2.318333745497300480e-01 3.684045553060918410e-01 6.409573589610765287e-01 5.763192859189506523e-01 3.360786269899260770e-01 3.303953270305142742e-01 7.969761989495749432e-01 1.920264903136927881e-01 3.403296385722742734e-02 -4.302700344346407912e-02 3.279548875181051426e-01 1.088622857414885126e-01 1.796933454003102892e-01 -6.452829851190954730e-03 3.826652277941833824e-01
