1.000000000000000000e+00 1.085231600292352744e-01 -3.124135013099485687e-04 2.094066442995330402e-01 -4.074202538311162969e-01 -2.066564437738404800e-02 1.237533241411328463e-02 3.639535642959147027e-02 3.041306384547301511e-01 2.718754105519091135e-01 1.727935392139058335e-01 2.638080762286821312e-01 -2.244845599373856623e-02 1.572788538769148148e-01 4.107293042440145203e-02 4.051081273192673193e-01 3.628085799361525088e-01 -1.263678590930507606e-01 4.010313215532023134e-01 1.486753541199295481e-01 2.110268697953685824e-01 3.302295012809243757e-01 -3.089516113275105336e-01 2.288676311108396866e-01 -7.665116623464474088e-02 5.110821533973896047e-01 1.538861913891050315e-01 6.891786162660645809e-02 2.661354195182604188e-01 -5.182245297585279242e-02 1.170805120891452306e-01 1.778873196690931302e-01 3.991642144047722468e-02 -6.779227245864123674e-02 3.397786734494935290e-01 3.548081125623380738e-01 -4.870604147235439024e-02 5.743968345354446420e-02 7.020162417381019260e-02 2.756327952932600134e-01 2.416662276087592764e-01 3.289355293905426442e-02 -6.900995663939345215e-02 -1.585370441697071071e-03 7.143330987520721820e-01 1.583073868248585647e-01 8.680216359203137000e-02 1.263387638570604571e-02 7.481979345399051295e-01 4.992616303881727280e-01 -1.513888042529792574e-02 2.753923652442152314e-01 2.763194356525771056e-01 5.120571611593865979e-02 7.424926169479640903e-01 2.883059895317990895e-01 -4.787312109825331841e-01 3.091705561749220066e-01 8.687951714720200391e-02 4.704883076693144317e-01 4.691859823469068380e-01 -1.480748275705539782e-02 2.304848551983590399e-01 3.277027841286965781e-01 1.477932688871755884e-01 2.670337852398083633e-01 3.873186986980372559e-01 -7.637052274172074010e-03 1.166762028838205234e-01 3.265051617971960196e-01 -5.359999918558576437e-02 -2.685051967756912211e-02 -2.086644199867583038e-01 5.201924511934825635e-01 1.763088224195839548e-01 5.718282966769706877e-02 -9.947120771081090218e-02 2.894280718780111589e-02 4.576208994280982212e-02 4.527215820571111049e-01 1.082336575835137066e-01 -3.250503151260096535e-02 5.329631772063596687e-03 -2.701176200635103108e-01 6.336069203562005869e-01 2.202134779360326589e-01 6.484605107808312507e-02 2.683663330911160161e-01 -4.725059444417675780e-02 -3.996512510527793632e-02 4.548138005089460978e-02 3.913536234986262352e-01 1.554593191719951320e-02 7.711633221907680802e-02 -7.742248796049905346e-02 3.395264533755443792e-01 -2.710227464905381467e-01 1.608700023842596707e-02 -2.891904515703743184e-01 3.612104090200092543e-02 8.261406354235784066e-02 4.004027267675154544e-02 8.333352251294925406e-01 5.248951692348101661e-01 -1.953827363245285442e-01 -7.028769611138835360e-02 8.220336336673922384e-02 1.849085773485012463e-01 3.033016267090109241e-02 8.913106285957714259e-02 8.144012260830615912e-02 -5.960747834584605165e-02 1.986498046662836525e-01 7.572856555966069880e-01 3.098693979736933390e-01 -4.831806258826537581e-02 -5.493127811863428994e-02 4.568218635396094351e-02 1.040914116987824850e-01 3.294449943387672830e-01 4.955374203543904538e-02 3.956887803968804629e-02 -1.512542895365792395e-01 -2.514355208264410502e-01 6.467033825302721528e-01 1.818460864076898720e-01 8.299713589440826933e-02 4.344340721729196275e-01 4.974248008983371827e-01 2.465948620433977001e-01 -5.408522715306505330e-02 -8.126643674344914692e-02 -2.137685739771222615e-01 -1.594044370654291443e-01 3.034160476906307413e-01 1.952023990349841254e-01 1.646063644379088253e-01 6.177843904685824672e-01 9.413377207483827327e-04
1.085231600292352744e-01 1.000000000000000000e+00 2.493366417007006619e-01 2.895719029067749806e-01 1.878943115169557920e-01 4.892639845690897604e-01 6.057646592834162735e-01 3.783892208166753091e-01 1.439816203574852682e-01 2.157094553151457997e-02 2.536184706002070355e-02 5.515437505036244192e-02 5.501429025496152869e-01 7.218293714116520710e-02 3.150989609219026488e-01 6.938806703580946596e-03 2.182590744466612609e-01 6.295956686134004388e-01 5.240169483247345550e-01 1.331842581940419490e-01 5.808061618364924739e-01 3.350366392081283728e-01 4.430116622261210391e-01 3.406917105913028765e-01 2.305778046452205687e-01 5.664696016451289395e-01 2.870823068531878075e-01 2.953194292779924290e-01 3.975996252097178107e-01 4.456120964926248429e-01 2.921791261568234543e-01 3.884331354190220242e-01 -1.201734641469657042e-02 4.306546901772808633e-01 7.700518624320762395e-01 -2.825336200938818321e-01 5.847791331486779098e-01 1.789526955418946075e-01 3.751249559025944258e-01 7.106519707924729978e-01 5.251842836436669826e-01 3.915617982517968776e-01 4.293166009915821979e-01 1.445127902725029112e-01 2.952304799897140231e-01 5.416673027736617074e-01 4.424029215269996151e-01 3.794693223761074763e-01 3.889173483250039642e-01 1.287368264008084129e-01 4.027296054744292086e-01 1.353241481235326060e-01 2.177678555958071638e-01 4.642685329114265569e-01 5.791040783291617755e-01 2.975733080350352888e-01 1.907596164312606035e-01 4.248300643249095510e-01 5.343039034845106228e-01 1.235351867588962288e-01 1.666678443078691285e-01 5.328578170555976490e-01 2.219932438201525082e-01 6.443434690486326000e-01 3.889800043622814174e-01 2.022605685022523803e-01 1.997795058886959463e-01 1.410874798942207409e-01 5.381393193906428563e-01 1.061196292965499305e-01 1.629393194810108414e-01 2.608067329758084196e-01 4.440338457335882283e-01 7.121589721243799520e-01 4.958053605127027419e-02 3.739744766421085886e-01 2.796882800406695346e-01 3.466712063279744904e-01 5.300658202178314404e-01 2.123892363428149244e-01 6.312526370536193643e-02 4.905868568021768406e-01 3.797264604439004043e-01 7.563552259090920993e-01 1.012971351145984938e-01 -1.339610193431256535e-02 2.386512370081607659e-01 1.570497545777042592e-01 3.082026533190529438e-01 5.676302300722504413e-01 3.688877629130720703e-01 5.408458188171020309e-01 3.496174219339462930e-01 2.515235249489162772e-01 1.478231142079688420e-01 1.584322903223613355e-01 1.077711043772474619e-01 6.325012516136809815e-01 3.034625072903218701e-01 2.105923682464291291e-01 3.026174315342791132e-01 7.322321909651165195e-02 1.037755035602406090e-01 6.751103100013924330e-01 4.949945096078994800e-01 4.076517974953886569e-01 4.073274266812893507e-01 3.158259579366859415e-01 2.934189781129502017e-01 5.643486150603583829e-01 6.099325847964159886e-01 5.262550608804980046e-01 3.486846382541357592e-01 1.480461460618070491e-01 4.275900840699216610e-01 3.743316362285387111e-01 4.343998297944879350e-01 4.478935881741024083e-01 4.242760732845871074e-01 5.536491783657523230e-02 4.465967857999593726e-01 1.236910306961329920e-01 3.821873274756663608e-01 6.476206626672272870e-01 5.998432507369405586e-01 1.819317777155044225e-01 -3.851611548771869536e-03 2.683268969802000137e-01 4.120655736790849177e-01 1.915380331740500208e-01 3.589359407089446220e-03 6.070928814468441459e-01 4.055308217980484464e-01 6.145155656524980969e-01 8.032028244310225606e-02 3.669117141982753405e-01 3.846236439607984003e-01 2.204743405171896431e-01 7.541784857255738883e-01
-3.124135013099485687e-04 2.493366417007006619e-01 1.000000000000000000e+00 6.544414796045467941e-01 -1.135497861696983524e-01 5.270398326988258442e-02 1.187082209724798637e-01 1.083907744866838135e-01 -1.879292582491756125e-01 9.624977626489160387e-02 -1.033544961141442120e-01 1.989388651504112870e-01 3.557847388237508207e-02 9.544530237279748308e-02 -7.637549509174548779e-02 -3.544892184662177398e-02 6.118822553884619708e-01 -3.434879454565659910e-03 -2.235668816808722079e-02 -2.470163808060928945e-01 3.331207721959392187e-02 -2.480972987076538738e-01 2.412273208207003569e-02 2.814391083112082748e-01 9.882509949855411424e-01 -3.123284958874197534e-02 1.189418303610932232e-01 1.313354042365725005e-01 9.825676713272198104e-02 5.696329221300805434e-01 7.628400943164657111e-01 6.065581746537777874e-02 4.128875493213345071e-02 1.182072615697484091e-01 -4.442371474496110278e-02 2.306814476010432824e-01 -2.558395809125893223e-03 3.476454821321601218e-01 1.117389048312810301e-01 2.162577664127973698e-01 -1.523073310760878277e-02 3.748741161273521083e-01 9.268773588496461713e-01 1.446418806623176734e-01 -1.001209203708826462e-01 2.538161605857987002e-01 7.330316512324204226e-01 1.879501551027443762e-01 3.897471794468754247e-02 5.859752302246800104e-01 9.101626810665300327e-02 -2.440943502355644446e-01 2.980972930003248367e-01 1.221275982365843116e-01 1.731298882242590653e-01 6.796311248311277808e-02 4.367817112207700303e-01 4.802279362238917604e-01 1.504045531224386389e-01 3.864367688621968971e-02 1.310203969581315298e-01 -1.046218711964977399e-02 -3.600755451226956283e-01 2.120037669101600749e-04 2.436726976815999646e-01 2.584942638386751868e-01 1.414353154549089497e-01 4.197705385527126243e-01 2.236908476646273236e-01 -3.537123865944100110e-02 9.727459390675932127e-01 7.463461192843712580e-03 -1.546294514295398423e-02 1.781406948694144177e-01 -5.686386392379499943e-02 1.269434327455520317e-01 9.848811420668664995e-01 1.480860011983771984e-01 -6.932919121465930257e-02 4.008128091498230905e-01 3.118841113517105135e-01 -4.252807607514134426e-03 1.141060580368991051e-01 5.700571785393878516e-02 4.888973912096929997e-01 -7.873605826825164425e-03 1.868500550933595017e-01 -4.310033134852138126e-01 8.914943226228528861e-01 -1.837063965874796423e-01 1.330035221640665233e-01 -2.237958713349229856e-01 -2.244052254429506066e-01 -4.068469427928329551e-01 8.130458792774675203e-01 5.500975314385545684e-02 3.859651663800210946e-03 1.999524464866541118e-01 -8.340223823056872043e-02 9.952974254357386252e-01 3.977477063584228811e-01 9.469101841471798398e-02 -7.677082988709675593e-02 -1.258486082727623134e-01 -1.783291309822709891e-01 4.547385208649936672e-01 1.148842608063565668e-01 3.999071467015546943e-02 9.063251016569653928e-02 1.083009633212972563e-02 5.028030557723862648e-01 1.811825765349419914e-01 8.402523927548937177e-01 -1.192925565355064110e-01 1.161738138760735062e-01 3.949707391564082348e-01 4.429770719782608612e-01 7.487288044906303952e-02 -5.790667039758982254e-02 -4.299398398203196220e-02 1.222620812245968636e-01 3.679314300493735090e-01 9.608626693714307221e-01 5.720282832776690807e-01 3.194208650266954636e-02 1.868842140916727734e-01 1.405575314923117151e-03 1.144136458190321698e-01 1.096052950589689878e-01 -2.371897612878234307e-01 1.681659842900830870e-01 -1.049962603156383012e-01 8.474078640174017574e-01 -1.219455796810561682e-01 5.672660920869024848e-01 3.368029081061040819e-01 4.315470131885017491e-01 3.102390003468203927e-01 8.203823658906438110e-02
2.094066442995330402e-01 2.895719029067749806e-01 6.544414796045467941e-01 1.000000000000000000e+00 -1.985523111816571984e-01 2.542042078171739550e-01 1.785588030447241292e-01 3.303215461275141873e-01 3.527778629239597952e-01 8.639738337563672432e-02 3.927625435578478985e-01 6.598367805254189422e-01 1.925379798945452137e-01 1.857650146794242729e-01 -1.622971257251839550e-01 2.396852994788573610e-01 9.177768245482369469e-01 9.179414026382443081e-02 3.256823946430710826e-01 3.477041394622285564e-01 1.350470633827446365e-01 1.682713704825774537e-01 1.484330582431257761e-01 6.125669732808861623e-01 6.388949059026621802e-01 2.908159037457964113e-01 4.266817934586494832e-01 2.543902021110454603e-01 2.200201012189447747e-01 6.922761177747815964e-01 8.016312761216584093e-01 2.982068551619864727e-01 7.703021925795519587e-02 1.207222740794677979e-01 1.028864030535567298e-01 3.351521359248619270e-01 1.531222867882363614e-01 4.383001778372601631e-01 3.097246403504055334e-01 2.422734396034652293e-01 5.231741491873206484e-04 8.163446841887344041e-01 5.887290676280499957e-01 4.931901371472182105e-01 1.256894739635197877e-01 -1.054779541539450048e-02 7.397097582837696139e-01 4.335642998081715160e-01 2.703717254247519838e-02 9.183062834343425074e-01 3.519136808725795706e-01 4.484079762945922948e-02 2.260914116301132870e-01 2.242191639484209797e-01 2.849134868672119625e-01 4.935356282868930133e-01 -2.547196660349257957e-01 7.985290272687125546e-01 1.900259811709504587e-01 3.692807895844081312e-01 5.459410810432574479e-01 2.295451039602876553e-01 3.757459576246817423e-02 3.367372152416669429e-01 1.303553653454226358e-01 6.043938111234583577e-01 5.463181011654971719e-01 4.586734755954819942e-01 5.296316848831584823e-01 -7.625914981387686697e-02 6.389448537903228420e-01 3.350590510798965305e-01 3.677628541958653519e-01 2.810454865325777152e-01 -1.609247354525697449e-02 3.089624604353990445e-01 6.153240192521572949e-01 3.398656439973032906e-01 2.108337881721187024e-01 7.327843337498370913e-01 1.224659497478127468e-01 2.202082197722615708e-01 3.440822310221930413e-01 1.542520908912611843e-01 6.151898888764687490e-01 3.134600204383503619e-01 -1.520670482975984908e-02 -1.650511793970859675e-01 4.901805311240081120e-01 4.856237578750653011e-02 3.421340523220188223e-01 2.144740331732522265e-01 -1.491322511087330577e-02 3.247772558941493942e-02 5.338117820944560110e-01 1.494840039533192055e-01 5.121031912489187182e-02 4.797571110005315886e-01 2.159707987189521117e-01 6.831207582525936628e-01 4.481323868397623644e-01 6.101047708590814356e-01 8.651163927347889360e-02 4.638208358583068014e-02 2.439963499705623540e-01 5.438012437884712780e-01 3.242370150952251784e-01 3.545442648585096501e-01 3.794683870493105182e-01 3.407357308237649596e-01 3.843972704604557977e-01 4.205598792461284763e-01 7.475412156862800694e-01 2.379780912472290177e-01 9.683097665924088326e-02 4.685517673305393815e-01 5.627777404073315282e-01 3.446190504861604276e-01 2.021876348346675623e-01 1.736646634764894559e-01 3.376959849849739959e-01 2.428403522091921451e-01 6.374536167792732577e-01 5.909521157130779301e-01 1.330844061951461654e-01 5.634130727528962046e-01 9.241343095850165779e-02 4.960366976912484738e-01 1.352561347376619871e-01 7.660395813660134112e-02 4.016310422398926550e-01 -7.577355104968423738e-02 6.498618711232145850e-01 1.078948757621921856e-01 9.321644654618642667e-01 6.781803561554553550e-01 8.116981950583210814e-01 6.513476863125492455e-01 1.578391495024616953e-01
-4.074202538311162969e-01 1.878943115169557920e-01 -1.135497861696983524e-01 -1.985523111816571984e-01 1.000000000000000000e+00 5.350850201169514708e-01 8.620200042758455194e-02 4.478496594432390676e-01 8.124006424261814852e-02 5.289749072056936230e-01 8.487482549410431398e-03 9.337386612053495683e-02 5.736799669478976904e-01 1.246859227210682791e-01 7.151264086866673253e-01 2.705964125952277644e-01 7.630421782557680194e-04 5.784488131483281892e-01 -1.468199929162337658e-01 3.746992583033381674e-02 3.818136433178785372e-01 2.145560805860824427e-01 5.788047070343195211e-01 3.504509807342317540e-01 -6.508962624847507150e-02 9.189861189631690075e-02 3.156561241900979753e-01 5.515451995756672776e-01 2.181595429573987555e-01 3.711226205607576767e-01 4.439714310487869603e-02 2.134465363557758455e-01 1.282873731747378732e-01 -4.414270835291497774e-02 4.245570795063442482e-01 1.573358848844255420e-01 4.125565342540424840e-01 1.103359600010826447e-01 3.706855327263954281e-01 5.027920382840763563e-02 3.533088772110192788e-01 2.761058814755915081e-01 -1.742875861720574737e-01 4.868259284007771526e-01 3.844155333336804481e-02 5.188727364133010056e-01 2.628042120724684572e-01 4.156339892098869782e-01 1.771801889991933901e-02 -4.230217747916194537e-01 4.561952244745668961e-01 6.436793988798684973e-03 -1.138419559140910892e-02 1.564591253326691744e-01 -3.151613932826551889e-01 2.214948724077744624e-01 2.924401596524470182e-01 1.227406780309868023e-01 2.205545551003190441e-01 1.988022977689383672e-02 -9.797541389381805854e-02 5.331274582679534912e-01 4.165490800288803586e-01 1.475381696177707758e-01 1.595347549497199979e-01 3.147529755468624901e-01 6.900151665161832065e-03 1.490106287067348712e-01 4.050365898484000193e-01 5.984470359203054590e-01 -3.887384895930399292e-02 5.935440183364720790e-01 5.419120398090846447e-01 -7.758447612891940237e-02 -2.436953611589961349e-02 4.897142759050190364e-01 -5.834985688683642230e-02 4.235909347206651687e-01 6.227134636492536179e-01 -1.218384532420402760e-01 -2.243822643535961850e-02 5.772758604053356279e-01 4.568453846460330259e-01 5.142202757029191718e-01 -3.686843836881698588e-01 -9.634194389858508067e-02 3.137371748159666351e-01 4.863612178606265823e-01 4.710597506385021116e-02 7.052481316816677781e-01 4.474309189003928267e-01 3.897690747438755099e-01 2.564885059681830115e-01 -1.285483325174695962e-02 1.772648265358505448e-01 7.552369588278050327e-02 5.451806910045764454e-01 4.161210971156505956e-01 6.050041032581500167e-01 -1.313361453075496121e-01 2.981693437745221997e-01 2.606801066035878134e-01 -1.257037211141471267e-01 1.033000850707020274e-01 5.616475554734018383e-01 5.377761025329840239e-01 1.855123072612477608e-01 1.535846216597251956e-01 5.448718785527535413e-01 4.898243741616808977e-01 3.785014680003845333e-01 5.584589109527103856e-01 3.921205195420520567e-03 -8.077325109849516072e-02 5.027954057663894805e-01 3.475945621832570165e-01 4.282544916787966449e-01 4.610580217889255206e-01 4.610400244742548503e-01 3.164255647965972390e-02 4.339725799044414356e-01 4.916645135301632163e-01 9.798384620781777632e-02 5.389744754506015090e-01 -6.160175577838149230e-03 2.068761734810418973e-01 2.600406878622855689e-01 9.788954033182926950e-02 -7.118082679655030054e-02 2.325120457219471276e-02 5.490170001619008866e-02 6.322876042182756784e-01 2.845306770792644935e-01 6.290747804925366227e-01 -9.045517440149533628e-02 2.480431810261711223e-01 1.470322088566618779e-01 -7.473710805786135114e-02 3.478635408318808131e-01
-2.066564437738404800e-02 4.892639845690897604e-01 5.270398326988258442e-02 2.542042078171739550e-01 5.350850201169514708e-01 1.000000000000000000e+00 6.676962764494034364e-01 9.792138289118875738e-01 5.047145559196944964e-01 7.052833823920072742e-01 2.601978421106396211e-01 4.948485456189959941e-01 9.881261077682860217e-01 2.638616151962045464e-01 5.565644328901382387e-01 4.882233801376558158e-01 3.607305316995557676e-01 9.111150816602141544e-01 4.854149566618007894e-01 4.398321307803026436e-01 1.413320011566283063e-01 1.555511573952065574e-01 6.440413736824024404e-01 8.382497973079438003e-01 4.162746976674805421e-02 6.095879796382104310e-01 9.230463598148122006e-01 9.434436371285396250e-01 4.799864918965495164e-01 5.356467585397838294e-01 1.416224695915676290e-01 9.073284808237744858e-01 9.685079301443408339e-02 -5.099212849941221239e-03 5.329130525389615958e-01 -6.310664326192541584e-02 2.703129743413563713e-01 -2.108596585509440180e-01 9.539939875867574637e-01 5.309188487405687162e-01 1.961540922208595272e-01 6.882149823323840954e-01 6.035892891518947895e-02 7.987314751413535641e-01 3.042154747348565502e-01 4.804202885524915811e-01 6.479204695059602725e-01 9.578086183531312470e-01 8.620129566256611031e-02 7.260498437179245534e-02 9.815675551277008859e-01 8.706391674434556249e-02 1.974112339390353965e-01 8.707733026352461048e-01 3.918140602441991249e-02 6.577897151404311638e-01 8.122403689856767806e-02 6.433414033812019373e-01 4.537707913941079196e-01 4.401052989353114175e-01 5.831830387513191605e-01 9.881033020111230636e-01 2.285692220901341665e-01 6.351673490446638759e-01 3.246589536917788843e-01 7.578643133720545100e-01 6.618612798688713328e-01 4.269113387826612427e-01 8.241476534955255451e-01 6.688168075096672105e-01 5.490392722423453886e-02 9.365597487960876100e-01 9.024457359550119850e-01 4.933184081772038487e-01 1.911765513176404141e-01 9.719911817236416285e-01 5.854379499539054399e-02 9.670521270267128378e-01 8.914252361385167633e-01 4.757545183040854386e-01 1.961407576951855192e-01 9.940136744007991298e-01 9.788708110284228825e-01 8.464105516918603023e-01 3.142312418598041668e-01 1.325360792917224251e-01 3.388002505522506591e-01 4.042626219967967449e-01 2.455246771185942700e-01 9.024341836925473537e-01 9.709350415303851234e-01 6.671342119277033911e-01 7.097963031831646674e-01 -2.931243942969295052e-02 3.489133109042743403e-02 2.476938402282673479e-01 3.760178200884500832e-01 7.556258668026507586e-01 7.472372746754344375e-01 4.824664458601087696e-02 8.420212856799381695e-01 6.334330368670382239e-01 1.356289037765475158e-01 4.529851335894078956e-01 7.515139582431058507e-01 8.284926864976300820e-01 9.074912033190296601e-01 4.217266014713319522e-01 9.216207202345003680e-01 9.039742517478462913e-01 8.369580036139292467e-01 8.563845443781863409e-01 3.461591995360354668e-01 2.217077330116645206e-01 8.038831393549431548e-01 8.894060362640872075e-01 8.304971053383644053e-01 9.892318303360894127e-01 9.223627964520482170e-01 2.987105271155891528e-01 9.864658501468124285e-01 7.259302923043250422e-01 2.638754508311290103e-01 6.167446856150127221e-01 1.630611545200568724e-01 7.922061239394817544e-01 1.587579864741913427e-01 4.375604066187367414e-01 1.520702164256592381e-01 -1.344993385622594018e-01 1.585830794779322372e-01 4.495597345102156916e-01 3.065442563824397615e-01 9.336335606410179899e-01 2.309435344099264875e-01 8.132668143606807121e-01 6.622340530783841217e-01 5.859066230859536484e-01 4.427025959221726481e-01
1.237533241411328463e-02 6.057646592834162735e-01 1.187082209724798637e-01 1.785588030447241292e-01 8.620200042758455194e-02 6.676962764494034364e-01 1.000000000000000000e+00 6.534712865009143501e-01 4.994931751061355008e-01 3.687815669970197496e-01 3.906210652836222263e-01 3.984516584744169920e-01 6.831267444800397381e-01 4.514000686048751376e-01 4.043607877544609375e-01 4.852085360127879332e-02 1.820480341729203144e-01 8.056699840064032170e-01 3.148935004259257320e-01 5.733707688766580546e-01 2.901861972131011824e-01 2.032699516662958561e-01 6.752129243539544134e-01 5.531229872525830205e-01 9.427292928722869059e-02 4.232431820040638559e-01 6.243010885811396404e-01 5.924208693588877139e-01 5.852314859038127981e-01 2.472336240220292802e-01 -6.163181440148752729e-03 7.520185224274991143e-01 2.738630401614939314e-01 9.150399730197515680e-02 3.418252778411626780e-01 -2.192096803602152089e-01 4.578282643075204938e-01 4.152119579964181489e-02 7.235660840376939573e-01 7.291538333914474590e-01 3.981054197363150249e-01 3.335456591644581081e-01 3.250879238291076168e-01 4.531820537828902817e-01 -2.913476625322171734e-02 5.869430062700632389e-01 5.009977513545040839e-01 6.832180223222857895e-01 2.776035232635906680e-01 1.001093697019565382e-01 6.769976872406970880e-01 4.172126626460461174e-01 4.854787799898517275e-01 8.386990402847517290e-01 4.024791410833435390e-01 5.579392848084940848e-01 2.287748429400376926e-01 2.874429651906558192e-01 7.499116974202716390e-01 4.416416304783944979e-01 5.434022999355403449e-01 6.857988324432546801e-01 1.372979463022758195e-01 4.016290250330036837e-01 5.545479638676623635e-01 2.790668745262477324e-01 5.654833304730827459e-01 5.233771438482821559e-01 6.639246004299153014e-01 2.776050143777156198e-01 2.371284788932477572e-02 4.828273809463333732e-01 6.415124724179949167e-01 8.068961226950180921e-01 5.446898723319114621e-01 6.385404215685769325e-01 1.294349731376783774e-01 6.717008859074864446e-01 5.438577418716648015e-01 3.199413039689740224e-01 4.036171843269181769e-01 6.283808756493292069e-01 6.615135224484582910e-01 6.911100364487022807e-01 4.010299123947079214e-01 3.689595782971717974e-01 4.367049646660543516e-01 3.452063243182016405e-01 3.543387847898067933e-01 5.707084662368169248e-01 6.580668838857903769e-01 4.540703640388513707e-01 6.749367140248859753e-01 2.899993980230357038e-01 7.593059642635724416e-02 4.623807301185462459e-01 1.835287825520438287e-01 6.647041632610531936e-01 5.092851332532463138e-01 1.277365609498488930e-01 6.864789111621101281e-01 4.495827550237039838e-01 -1.205442295189689261e-01 5.570659814742059401e-01 5.255315203015167302e-01 5.174157468495176326e-01 7.587162692194866498e-01 5.489819184474150626e-01 5.867501681987447038e-01 4.868566853031658370e-01 6.566424202413445599e-01 6.473156847571666095e-01 3.721190446179907241e-01 -1.656236421491383837e-01 6.145870179381350829e-01 7.191111826386603623e-01 5.708926674210663688e-01 6.701043371698447437e-01 5.428154155348757781e-01 5.248893135180605629e-01 6.744024680858989873e-01 3.410537666984161942e-01 2.644530245611538821e-01 3.886723778681673847e-01 3.424042757113416324e-01 5.860767842925086457e-01 2.446038155879792231e-01 4.558229543755221713e-01 5.834604355115577956e-01 -9.803787706033988136e-02 2.409464638104621692e-01 5.107974080084640711e-01 2.179820105590528356e-01 6.344352112971773927e-01 4.150980359549973076e-02 5.034363568833584157e-01 4.458409936189298706e-01 3.728076124435311112e-01 6.688188270800522472e-01
3.639535642959147027e-02 3.783892208166753091e-01 1.083907744866838135e-01 3.303215461275141873e-01 4.478496594432390676e-01 9.792138289118875738e-01 6.534712865009143501e-01 1.000000000000000000e+00 5.927585293273099909e-01 7.538694853969104548e-01 3.186599858968780508e-01 6.072063958819418072e-01 9.555998096314967105e-01 3.348593023847033501e-01 4.849042672226770434e-01 4.840648298426086793e-01 4.567865422983720669e-01 8.377815506261211409e-01 4.374894910019266336e-01 5.032114283175321834e-01 4.801210777657037576e-02 1.129509054688594138e-01 6.056038754129913215e-01 8.902088432306656252e-01 8.095852479043509631e-02 6.290100213132889806e-01 9.746416299709986797e-01 9.709765249870151438e-01 5.042123444366979346e-01 5.503678728624818994e-01 1.811764220791602653e-01 9.508244976146901228e-01 1.388201404249350124e-01 6.487593983189765979e-04 4.416611900502342980e-01 1.886149997947179219e-02 1.730310258782072619e-01 -2.078008036181303309e-01 9.887015779457976050e-01 5.331787394723509488e-01 9.344091971164146526e-02 7.290228287547394492e-01 1.023505360642819745e-01 8.290459660904008210e-01 2.676908622295259277e-01 4.260886629470956866e-01 7.049066442682374589e-01 9.822721000815849424e-01 5.834128748109983914e-02 1.734212233937234005e-01 9.948258821172708544e-01 1.192459285504944844e-01 2.750014052025330225e-01 8.933949404121316329e-01 3.620401612097753907e-02 7.121680005324242391e-01 6.428473110697560666e-02 7.068114401151502912e-01 4.598031285153773573e-01 5.227498477889266359e-01 6.828717152985444017e-01 9.561819686173750332e-01 2.008075903368138904e-01 6.312588881627652082e-01 3.519811568777141408e-01 8.337010815487555515e-01 7.750972559899349523e-01 4.439104661248430284e-01 8.419989630874251674e-01 6.898028342876066921e-01 9.751968267848790117e-02 9.525099330628156169e-01 8.874413446719221499e-01 4.835095218884032930e-01 2.523691960222078090e-01 9.947695527104811752e-01 8.780701384187887537e-02 9.963777979512146166e-01 8.522316430995494629e-01 6.047239294443863544e-01 2.926610697258115734e-01 9.673994470781022148e-01 9.989861253345868608e-01 7.584231704581764211e-01 4.240531619025183496e-01 2.071348721383636515e-01 3.753667722281249786e-01 3.786681734449725001e-01 2.609584075447045626e-01 8.183154990887867575e-01 9.985450416153246467e-01 6.237527010255891069e-01 6.430502482858972968e-01 -9.804504426636134751e-02 6.025862567806576642e-02 3.020011764986769154e-01 3.736665131238794957e-01 7.501010947591355560e-01 7.376691198516716064e-01 1.181355640542874064e-01 8.818390298597936772e-01 6.970355208558332016e-01 1.419051107442158566e-01 3.562322296288019663e-01 6.686542571425984072e-01 8.259534622139025339e-01 9.454573816874316528e-01 4.559112742049564182e-01 9.554555273963556417e-01 8.391604554894079859e-01 8.149894499307752671e-01 8.556919120134802714e-01 3.970770990793976440e-01 2.166902045943673860e-01 8.052486618568026611e-01 9.194853559147565525e-01 8.259699689116616339e-01 9.919030354250356618e-01 8.761224251766414062e-01 3.755518904508894362e-01 9.963086324577321573e-01 7.356937543091270904e-01 2.905600854534425292e-01 5.601852705135618171e-01 1.210894678643915923e-01 8.597310307453451816e-01 1.732030104003157989e-01 5.109213859550423287e-01 1.799964067831595349e-01 -2.254316970243994689e-01 2.676397037084805586e-01 3.416825199192049523e-01 3.068876869881433378e-01 8.537459852634906587e-01 3.178806762818737752e-01 8.838682950818868012e-01 6.855394495380615627e-01 6.953070329966631880e-01 3.285882545620165684e-01
3.041306384547301511e-01 1.439816203574852682e-01 -1.879292582491756125e-01 3.527778629239597952e-01 8.124006424261814852e-02 5.047145559196944964e-01 4.994931751061355008e-01 5.927585293273099909e-01 1.000000000000000000e+00 4.558945282354223139e-01 7.533558223967793399e-01 8.527762130053517797e-01 4.901909189393799937e-01 6.639886833178417769e-01 1.648967174500808042e-01 2.110878981939314503e-01 4.972523928951661509e-01 3.867233286377348978e-01 1.955322468869362118e-01 9.321534304175781438e-01 1.957125298594999674e-01 4.200162110985325437e-01 5.404322098986241718e-01 6.940496892240676230e-01 -2.642862759159159691e-01 6.618981493883946410e-01 6.831499523461833645e-01 5.709699263728562624e-01 6.730658177065523828e-01 3.496259042146703799e-01 1.122023780611193372e-01 6.849187443379999296e-01 4.577332274839158721e-01 2.569167639592574437e-01 2.830397738645205608e-01 2.148174858123194364e-01 2.265147524631380416e-01 1.778785237770414140e-01 6.435715118420536340e-01 4.852890772557925669e-01 1.020040589914821411e-01 5.781572622891683055e-01 -7.900766168980843940e-02 5.521389120959693253e-01 1.359711811002863868e-01 1.803126451740220682e-01 3.980184024676552967e-01 5.841418998163051546e-01 2.055942205877480111e-01 3.271556550603682556e-01 6.083800931053218175e-01 6.045465109898091605e-01 5.731702079417683171e-01 5.193169553022433105e-01 3.120021850955299603e-01 8.436512815488408368e-01 -2.931635694689241900e-01 5.344731029658686960e-01 6.411113091121413143e-01 7.840077778155425392e-01 7.999435548603733848e-01 5.176760602162094882e-01 5.325176844412535804e-01 5.867404811285960031e-01 5.032400520981896719e-01 6.473380742838173996e-01 8.898087797047448122e-01 1.568720326240103935e-01 7.405306198152903363e-01 4.132658845479861842e-01 -2.885215229008513682e-01 6.237231480883880241e-01 6.530274299111743508e-01 4.865660405940838151e-01 6.092212809202460777e-01 5.988196629968363105e-01 -2.867044194534863477e-01 5.850648029607502520e-01 5.356273264434229242e-01 7.061093544294302360e-01 4.657342103266380318e-01 5.158522379676034886e-01 5.986226627992059512e-01 2.881866526948288487e-01 3.791209896112719413e-01 6.769885372867643358e-01 4.666574294145952595e-01 5.424053894453703117e-01 -2.231064627286447610e-01 4.202484950018032239e-01 6.107097699508815536e-01 5.874673427746489596e-01 2.713407604735110779e-01 2.789734385337405698e-01 -1.023741723540785437e-01 6.411050238023178194e-01 4.066291817520318874e-01 7.031333329600857329e-01 6.506818597591425002e-01 -1.196275349077208228e-01 4.143226181061046010e-01 7.202486198893582880e-01 1.312893100471778374e-01 2.260580842941931345e-01 4.022410987230676249e-01 3.143752742465497629e-01 5.994288801115078558e-01 7.582632602139590672e-01 6.980942043606789271e-01 3.492966517914771751e-01 1.966226643209735281e-01 6.795115340346745691e-01 9.840100166458770614e-02 1.772963161820952094e-01 4.731910512656797296e-01 4.362418047987467462e-01 2.887842120498330112e-01 5.872609380978162097e-01 3.651782146247672944e-01 7.637943577539079154e-01 5.692451880356627081e-01 1.010010724073032579e-01 -1.238824227182795112e-01 1.302856029988729847e-01 2.620732512834553218e-01 6.480020329922628886e-01 4.056316695081286783e-01 8.538266642748142399e-01 5.068617424868412380e-01 1.306201842033507914e-03 7.306324262001521186e-01 2.524076343642944198e-01 -3.855346035250224734e-02 4.096149760650839577e-01 3.467524800149552333e-01 6.923132634183815082e-01 4.103647086130081667e-01 6.878469076913401592e-01 1.684067143934021848e-01
2.718754105519091135e-01 2.157094553151457997e-02 9.624977626489160387e-02 8.639738337563672432e-02 5.289749072056936230e-01 7.052833823920072742e-01 3.687815669970197496e-01 7.538694853969104548e-01 4.558945282354223139e-01 1.000000000000000000e+00 2.894628152784674002e-01 5.565335018430541680e-01 6.888482985766390954e-01 4.525161535554533820e-01 6.852019235478377102e-01 6.431251899802576943e-01 4.098565579394010117e-01 5.871299553288897854e-01 1.071789862946094657e-01 3.148738589172826452e-01 1.592530395025838763e-01 1.509507150493459571e-01 4.328644182284297481e-01 7.621068427550848901e-01 7.588445571094562525e-02 3.885855187758047169e-01 7.604235528656309029e-01 8.792778965116770928e-01 5.092646556728794849e-01 3.616281795059132498e-01 1.375712350663762240e-01 6.784541955480567488e-01 2.914883878266822936e-01 -3.174546202403780160e-01 3.108064363822868326e-01 4.375810695448303367e-01 1.147195435361114402e-01 -3.104147026061079839e-02 7.473585170384563492e-01 2.876507793439864180e-01 2.719724774171383697e-01 3.959177686621373482e-01 -4.617387572614416874e-02 7.459306804566724347e-01 3.693629528911498983e-01 6.169974181118025314e-01 5.779650084672143251e-01 7.324181896687309568e-01 3.917141019811820057e-01 1.127669842364687897e-01 7.108451287748276393e-01 1.858511188139267412e-01 3.887078677693550643e-01 5.558354343518928653e-01 7.278891087175862196e-02 6.099374276514583082e-01 7.326376799553480090e-02 4.531565650580183235e-01 3.724127668642737699e-01 5.799101728223816643e-01 5.815712890457954698e-01 6.575641287028807236e-01 2.798735289307443530e-01 2.607350195511092816e-01 3.820243691896241245e-01 7.028410697646498839e-01 6.139021375389190904e-01 4.893265309318181600e-01 6.201125813537681220e-01 9.421109755309520217e-01 1.277230625405453290e-01 7.649330365650460761e-01 5.228811405745361629e-01 3.647532584699668123e-01 3.601433692794258068e-01 7.989200272019135740e-01 5.541710507353741350e-02 7.704132894014894539e-01 6.327920454745490364e-01 4.429396805640949952e-01 3.652392425782026164e-01 6.884847613227738083e-01 7.418468236807294058e-01 2.993213532589945047e-01 4.958321330872264010e-01 2.599304383656935724e-01 4.904040562846785356e-01 5.651415490823215038e-01 3.008048678655940167e-01 6.097505857896142745e-01 7.710106685487736478e-01 5.018584805891493916e-01 4.623380853664452173e-01 -1.866383980964896605e-01 2.401622473003939273e-01 4.677959873643802169e-01 3.594147376031021079e-01 4.652909273724273320e-01 4.882739940465672945e-01 1.305396099123145859e-01 7.803437440563348870e-01 5.612929191368053461e-01 3.701955465616091345e-01 3.288303710189726115e-01 3.499305406764366966e-01 6.983371190810334639e-01 6.019712856587978722e-01 3.884585337897922264e-01 8.042115052064396918e-01 5.556551378407276198e-01 6.568112617624344285e-01 6.221597017951689956e-01 3.933372951699944942e-01 3.014407422968434780e-01 8.718981365445812592e-01 7.077784962546019853e-01 6.321220753492167166e-01 7.176547234965142685e-01 6.710661277387759416e-01 5.087801411014029052e-01 7.228570953160882162e-01 8.361902460053205477e-01 1.896672941874383567e-01 3.089385233367360484e-01 1.981001654817452773e-01 7.055858532089348545e-01 4.017700743978302458e-01 5.175070080187146315e-01 3.065674555140730506e-01 -1.359769013242655145e-01 1.694135179679765180e-01 3.200770981746399180e-01 2.184606534766135588e-01 5.036900989305749254e-01 2.756334013282184525e-01 6.274725274166578215e-01 4.602664243157466029e-01 6.314190153211189926e-01 1.854021294066729997e-01
1.727935392139058335e-01 2.536184706002070355e-02 -1.033544961141442120e-01 3.927625435578478985e-01 8.487482549410431398e-03 2.601978421106396211e-01 3.906210652836222263e-01 3.186599858968780508e-01 7.533558223967793399e-01 2.894628152784674002e-01 1.000000000000000000e+00 8.320409190784174847e-01 1.846243010463631540e-01 8.124931780249010638e-01 7.212356561951404309e-03 4.093110420624173629e-01 4.372898663287159149e-01 2.309003757924795175e-01 2.466429636687124394e-01 8.432877130436068347e-01 2.159836954005612819e-01 2.437993237314487194e-01 6.395628967941952014e-01 5.792449980844305291e-01 -1.110895347912950609e-01 1.814922338347784714e-01 4.637125744000754612e-01 3.121432428041883145e-01 7.281687632497865215e-01 4.208739290720899251e-01 3.339611089458699444e-01 3.742853160203716278e-01 7.787064266917589350e-01 -9.733746783783246703e-02 -9.490178218165534751e-02 1.556344092444359728e-01 2.150278161332704885e-01 3.871135857442482009e-01 3.483182769030799819e-01 2.001028734794892475e-02 2.032325460103950043e-01 4.399187056080914315e-01 -8.412709191795327002e-02 5.365301285577872559e-01 1.590553032881374396e-01 7.809980670318736329e-02 2.756861445331591498e-01 3.664963674088930201e-01 1.809207756408186263e-01 4.359613951855685343e-01 3.682818588971246698e-01 3.461831852828979317e-01 6.143702517994846790e-01 1.921886228626379922e-01 1.507135450182721104e-01 8.466393753977852210e-01 -4.051275554987242566e-01 2.867663548691781750e-01 6.319939117969115561e-01 8.440487262934933677e-01 7.612978430209348391e-01 2.259177471693979977e-01 2.544785815967112730e-01 1.224225002091266085e-01 5.516123877564070854e-01 4.151807130454132633e-01 6.189488449411046922e-01 3.888527171201336396e-01 6.368277926270272671e-01 1.031466478248369983e-01 -1.176054334850622635e-01 4.076592511618530312e-01 5.057490565851966435e-01 2.741618825838734175e-01 7.495812985089380653e-01 3.240443077348042489e-01 -1.471483122674581978e-01 3.394358220814512328e-01 1.510166683299319079e-01 3.532030824048801310e-01 4.626423189948664638e-01 2.270786964229263571e-01 3.365124547498218321e-01 2.479011896526452444e-02 4.237364940839058458e-01 9.536324139559456681e-01 4.384471311361487489e-01 2.965896661017606850e-01 -4.358411208962002792e-02 1.803894194758096370e-01 3.324547522872921546e-01 2.430943085708430762e-01 4.129245832103611846e-01 3.555185386912613210e-01 2.528523194497696580e-01 7.870049701359633776e-01 5.701861776785097646e-01 6.092802528943577212e-01 6.286481465464240914e-01 -2.777348208517991732e-02 3.375019984810981311e-01 7.583894881519591680e-01 1.509836247879465798e-01 2.738277028305379224e-01 2.989374393104931027e-01 2.597513100421522392e-01 2.692539781598370929e-01 8.983308502008015006e-01 4.547850181974273376e-01 2.390272790789172153e-01 9.142786415914071207e-02 5.566838659759022478e-01 1.012874570978986588e-01 1.675812060883174193e-01 1.374924083099484107e-01 3.164959308254823855e-01 2.195227737064029128e-01 3.234970103050427981e-01 2.921999492269044540e-01 8.644234843823910275e-01 3.011030380857727673e-01 1.412489294513933347e-01 -4.643227647440500289e-02 1.903364477943321198e-01 -9.249696518455958680e-03 4.863382783358655703e-01 8.063186743908192788e-01 8.432823804762816788e-01 2.855304978597776877e-01 4.898183945517943227e-01 6.748944100667806367e-01 9.180057888049478199e-02 1.665433185253304416e-01 1.602708246754581956e-01 4.402218936651112746e-01 3.922551267978229284e-01 4.573433325878970557e-01 4.291687805037670556e-01 1.842021484199203862e-01
