1.000000000000000000e+00 6.321345239652510495e-01 1.309503966405613229e-01 5.364416136583635142e-01 1.521979715209958728e-01 4.426666194688790301e-01 5.294810168761925340e-01 4.465278844258050994e-01 4.976491387118926468e-01 5.745269396111682969e-01 4.473322414177220430e-01 4.302014976551027936e-01 4.482339153506796903e-01 2.569655159847766268e-01 4.373192367204457587e-01 5.535687319816117169e-01 6.633043088367538420e-01 3.959351058645639854e-01 7.069123045445321329e-01 4.113967530325167155e-01 5.601801889059192519e-01 6.362149766055174016e-01 -6.381922290241921585e-03 5.753131514720518647e-01 9.999051066006547916e-02 7.672451136844659070e-01 5.106959286818959498e-01 4.728267935085115337e-01 3.603146983632488087e-01 3.845205673756478260e-01 4.419606975487156975e-01 5.249471232265588982e-01 4.099377310406723263e-01 1.010727625499514559e-01 6.593133963936524955e-01 4.472215848511971736e-01 5.064091439156395147e-01 6.018237828706862746e-01 4.649109360788526435e-01 6.205057659286064009e-01 5.684526077123855936e-01 3.446179362551391456e-01 2.193267993470393029e-01 4.945480756241924514e-01 8.566203391913905785e-01 6.081578219898566839e-01 4.594041941919568828e-01 4.381638881507429195e-01 8.266719202349617213e-01 6.628037049048085549e-01 4.140235677757498900e-01 4.807302307874002367e-01 2.692802100888829209e-01 3.519426221302897617e-01 8.186011252790734716e-01 4.206593527611069416e-01 -2.010400141692620102e-01 6.399721912640863319e-01 2.686608082079368631e-01 5.065296614949161835e-01 6.763065139880517496e-01 4.451296127150420889e-01 5.992585204801657017e-01 6.477635028906596482e-01 2.344575095968793044e-01 5.758598782607405875e-01 6.089755996524545134e-01 4.194676566303542908e-01 3.597269101298437577e-01 5.839365238200681096e-01 6.761108818544564469e-02 4.364747044585366997e-01 2.411016548277516158e-01 7.911249241727620340e-01 2.087665719778076523e-01 4.709359507044669768e-01 1.279635006241311712e-01 4.592682998535513317e-01 5.029015496221665993e-01 6.557039390945597068e-01 1.214490108766068666e-01 4.297229719764351086e-01 4.432075793230708105e-01 1.846592210869817396e-01 6.404103829876620635e-01 4.583165820272760982e-01 6.497546956440729271e-02 5.813870698237973977e-01 1.334802364546576192e-01 4.414257279174664261e-01 4.515139160005716135e-01 7.668410925820875468e-01 4.364319772840798972e-01 3.903530723199961638e-01 3.491476696182965744e-01 3.579541910913999203e-01 3.069536115806394405e-01 1.693232420444696906e-01 4.751770137113383446e-02 1.613985048104384090e-01 4.502273307469996655e-01 4.586327576097791181e-01 9.112533184636192329e-01 7.598223107859148895e-01 4.153670992119515293e-01 3.548937779574212747e-01 3.958028607838701141e-01 5.195957156015901246e-01 4.533943445873164224e-01 5.622067792621520121e-01 3.021120653385037658e-01 1.876509170588079867e-01 4.181560229429313602e-01 8.934004229374594708e-01 6.597488561948802177e-01 3.263588502335476038e-01 2.586977258312585515e-01 4.899588754972834526e-01 5.290608705711775661e-01 3.931097686301516236e-01 4.787076045229153864e-01 3.030223875571529946e-01 8.176517077468292705e-02 1.661824935149139593e-01 8.433643566886519505e-01 5.676740029510809471e-01 3.273029289591387059e-01 4.477306142201839534e-01 6.381804054379914826e-01 4.710269960835833936e-01 1.064770585956875126e-01 4.003403718481207685e-01 1.964264628505964783e-01 3.499356533742212783e-01 5.976503554545677943e-01 5.614718990255316289e-01 3.300148004153222736e-01 6.505116346201044175e-01 5.400795396301371065e-01
6.321345239652510495e-01 1.000000000000000000e+00 2.910510017425241291e-01 5.725092836232200666e-01 5.949230659410582600e-01 8.060506309003190317e-01 8.454347425173823760e-01 7.437053255524364026e-01 4.813550122978801360e-01 6.399840584828424550e-01 4.284909115279952330e-01 4.162598444505305473e-01 8.394456181315631538e-01 3.004354099361435382e-01 7.094104215698842086e-01 4.135038166562233775e-01 6.539810816237078273e-01 8.766954666123065731e-01 8.090192570280453355e-01 4.503866789355854272e-01 6.888151351908784470e-01 6.300553117384154467e-01 4.358406876246968542e-01 7.553147849951408199e-01 2.751469634860632119e-01 8.513673271421416944e-01 7.013686782965733446e-01 7.249515970429319944e-01 4.860251653551682649e-01 6.774288975115112521e-01 5.652110948765043386e-01 7.431357612695707049e-01 4.545126157078983598e-01 -1.228206893367286834e-01 9.194043373995557378e-01 -1.849055321269721941e-01 8.208042565730696571e-01 5.521065697116991355e-01 7.330609775621345081e-01 8.793513769743545039e-01 7.242746165844015094e-01 5.893374215981902475e-01 4.251396384371124992e-01 6.928554913692457351e-01 7.306887713239239579e-01 8.577704753643929925e-01 6.869571550448333452e-01 7.450609918862890479e-01 7.303563023635049056e-01 4.753716963370560045e-01 7.450569027919196063e-01 -1.368522315773555431e-01 2.726677253195244344e-01 7.047358519719509884e-01 7.098993253437926310e-01 5.004584048387862305e-01 -5.648781550463391476e-02 7.681041376194596149e-01 5.177188651940773934e-01 4.096941211319866105e-01 6.263363293769841356e-01 8.426291120624406217e-01 6.153783572090094633e-01 8.643054034360462268e-01 3.954283786773322706e-01 6.732496673423804534e-01 6.373172163301292770e-01 5.450160593986023150e-01 6.451805101809906517e-01 6.549667244893073725e-01 2.385910696909272488e-01 6.972726569048295353e-01 7.077003744388403739e-01 9.200244788117097894e-01 2.123291557272272978e-01 7.476932882331155383e-01 3.099656470178938639e-01 7.284279481462739847e-01 8.798604818904819380e-01 6.089268954375609555e-01 2.342533246866805585e-01 8.095190894419380667e-01 7.407379246260147321e-01 8.079932128200497665e-01 3.871813852344380136e-01 3.661963662034859457e-01 2.372859768236868505e-01 6.034592710012137706e-01 3.408290430999793563e-01 8.857164710407674502e-01 7.400767491117665742e-01 9.035006638868711137e-01 7.287132704069573252e-01 5.692324801384486266e-01 5.101450000468855661e-01 2.848974163280119654e-01 6.076222813599799766e-01 4.856123698050229254e-01 4.637601579108943661e-01 3.064529677489752357e-01 6.761625474783998779e-01 5.852869151530700753e-01 6.280117109050318280e-01 8.764219175213341373e-01 8.581794829431184102e-01 7.116860743699209291e-01 6.978492405810896582e-01 6.374213542505050567e-01 7.133331539863453363e-01 8.939376036769993705e-01 6.803564434530137151e-01 5.634475598757001658e-01 5.292635654819501934e-01 6.271917154700817898e-01 8.302060850039125750e-01 6.655352999421575433e-01 6.551771679211793042e-01 7.960608465062047889e-01 8.179854577490541789e-01 3.172536798517401890e-01 7.804234793343370891e-01 5.007254116767534402e-01 3.768905426441516715e-01 6.420033761781003268e-01 6.713565053325079024e-01 6.696509568651864974e-01 2.734536055365358043e-01 4.306670666674021763e-01 5.800255522944898212e-01 5.261094664022792911e-01 5.036838885709982866e-02 8.046481110093347544e-01 5.367103451912822454e-01 8.584270142497784084e-01 5.317167184867518381e-01 7.290226765124224739e-01 4.977965610677350106e-01 5.000175676139904102e-01 9.088129584671365002e-01
1.309503966405613229e-01 2.910510017425241291e-01 1.000000000000000000e+00 7.148061661290598945e-01 -3.719745362494326912e-02 2.254852016915666613e-01 2.571086762037981255e-01 2.534601029876589751e-01 1.151792618198225898e-01 2.333606760600587526e-01 2.253249779887347148e-01 4.511380606579592500e-01 2.094680835771556282e-01 3.044441626022666436e-01 9.802824648423535958e-02 1.855062889401139503e-01 6.056441347515948426e-01 2.312839189545514429e-01 1.691018953749222065e-01 6.273011413922109647e-02 1.737913588380782248e-01 4.456369858691563990e-02 2.701457390354694565e-01 4.522697160968630614e-01 9.891080700972092465e-01 9.497921498320049949e-02 2.753380920209710925e-01 2.578659020415970948e-01 3.096691685650584391e-01 6.333905348187064410e-01 7.781478173961926537e-01 2.037101852698555149e-01 1.851631247235371314e-01 -3.302902883049900762e-01 1.149186175333061083e-01 2.295062536956246069e-01 2.009660802705122429e-01 -3.593790133861795438e-02 2.457739640127697966e-01 3.186078814187349728e-01 1.840179647060725121e-01 5.993157073133341672e-01 9.397986597170914225e-01 3.199473323607645026e-01 8.984075746635238058e-02 3.356679198923972485e-01 7.527506842218961713e-01 3.620122245879678902e-01 2.260889136999055526e-01 6.795532677205253780e-01 2.718549463926097642e-01 -5.045230910960767368e-01 3.948842921449026155e-01 2.904337423299097609e-01 3.226781246648354196e-01 3.770373508715749722e-01 4.835562912768370802e-01 4.863032323194320661e-01 3.352325357333595934e-01 3.271348972832712199e-01 3.295541112148372975e-01 2.118599760003758714e-01 -1.662949289781242290e-01 1.347353856915742831e-01 4.089575266405751641e-01 3.538939942173794373e-01 3.240979591882924282e-01 6.091555066900984361e-01 4.631251883015354842e-01 7.103450179232541351e-02 9.870589288978679487e-01 1.901605451496096444e-01 2.447513501165203553e-01 3.210241370515155013e-01 1.789470879762421474e-01 2.648816639517390659e-01 9.917977353168272447e-01 2.945041842617500683e-01 1.542909072537818060e-01 4.872920869537986643e-01 2.890453278105691304e-01 1.838883406875498061e-01 2.552971620923031315e-01 2.331464642224164718e-01 6.882678275308444782e-01 2.158214062235568886e-01 3.191066948180142915e-01 -2.107818542944304430e-01 9.369155878594316311e-01 8.905446417303827800e-02 2.794930969186015801e-01 7.565052976126068751e-02 5.453210701988455561e-02 -1.936565343448942711e-01 7.979921868281103503e-01 2.859343939444184413e-01 8.779532353962331281e-02 4.099640870771742995e-01 1.530657073920748679e-01 9.814899443796973877e-01 5.733751817545744700e-01 3.699263867526201288e-01 6.338722416184665309e-02 1.514286651373724923e-01 1.166793274046322715e-01 6.311898758770952966e-01 2.901638026309609764e-01 2.765747139823228062e-01 2.721186345970093567e-01 2.482432926710522736e-01 6.899874454570531501e-01 4.168293871317058086e-01 8.922152099955629190e-01 4.954330527902160719e-02 2.279375409943134312e-01 5.860106201575168150e-01 7.588871807755255272e-01 2.397340914674669643e-01 1.915943319437032610e-01 2.216846984439464763e-01 2.597459461004898440e-01 5.272333440992270637e-01 9.750864733617782276e-01 7.164408340918836382e-01 5.718369991538795744e-02 3.909795770891761335e-01 2.425035066184280941e-01 3.783205328112067001e-01 2.070768996269920503e-01 -8.475416007182695610e-02 1.942806491118407308e-01 7.026292924672040974e-02 8.708798349094881708e-01 1.143224979814495834e-01 6.372360983736861106e-01 4.496422589838065531e-01 7.478901694651344245e-01 5.480872424300388124e-01 2.815731630303041078e-01
5.364416136583635142e-01 5.725092836232200666e-01 7.148061661290598945e-01 1.000000000000000000e+00 1.762412796148172256e-01 5.462696133290765310e-01 5.370733188945118197e-01 5.823535500853642688e-01 5.889199246465780524e-01 4.983475453075568717e-01 6.485878998032992282e-01 7.852918619017108526e-01 5.119509052453198317e-01 3.377651817134754708e-01 1.793568794697135427e-01 4.841973707021844375e-01 9.538352770225273503e-01 4.529267506783165032e-01 5.884449734534383802e-01 5.390289580668670144e-01 3.231706246087531764e-01 4.038837980110836501e-01 3.304476671375750074e-01 7.974707770009241692e-01 6.744775534594880106e-01 5.662589466184961839e-01 6.510653400512121936e-01 5.588062994378452109e-01 4.563266420838902881e-01 8.604061955064359335e-01 9.392587373501143366e-01 5.726692230461127853e-01 5.070643287004826805e-01 -2.106687784666552155e-01 3.917941114158250415e-01 2.338578585548320710e-01 4.283776384806293747e-01 3.206062567086442883e-01 5.736124018728582241e-01 5.242021856211939168e-01 2.924399854802822163e-01 8.931179927104754279e-01 6.808596158684546706e-01 7.120771451577010414e-01 4.808019382683696996e-01 4.619010729431921036e-01 8.656073886312709575e-01 6.610788802224211169e-01 4.172374930766896139e-01 9.466210911535919426e-01 6.015363186759682401e-01 -1.463722793032671277e-01 3.932140826247797483e-01 4.795867950621239273e-01 5.073779939181022325e-01 6.568673198136225633e-01 2.695360572304069113e-01 8.718847196006781486e-01 3.976036279925394545e-01 6.011401503237316923e-01 7.671227321000171351e-01 5.252184693809504035e-01 2.711856319425254847e-01 5.931987783654003588e-01 3.921828710463513001e-01 7.742465895676146070e-01 7.580423221401239031e-01 6.889155624091508612e-01 6.713665123227681164e-01 3.355242387302674878e-01 6.916091752048071362e-01 5.954452586672600578e-01 5.745269173765588100e-01 5.986669345570824197e-01 2.621810425595824112e-01 5.915611717919857515e-01 6.940709860118631225e-01 6.072154019987544560e-01 4.974734205905959605e-01 8.665431690556240074e-01 3.719297007293119184e-01 5.140830995983979301e-01 5.966424867177593239e-01 4.315432404251432486e-01 7.729975604063796801e-01 5.826458950457279462e-01 2.325503179663035158e-01 1.383591380831241946e-01 6.068594133397703372e-01 4.064789060144061716e-01 5.986168096390629412e-01 4.978235710146952098e-01 3.394950829716348872e-01 2.313364902043396898e-01 8.091954576763145113e-01 3.844719637842985427e-01 4.899969944128796384e-01 5.038514084701115614e-01 4.136442839018513729e-01 7.335792763502063663e-01 7.105511298541126175e-01 8.004913327791499666e-01 4.499751075435552972e-01 4.229118558951787121e-01 5.137941337975114875e-01 7.564078523077892857e-01 5.681702657867933048e-01 6.412689249638171551e-01 6.416242159748458684e-01 6.088755079408300075e-01 5.896828455310745287e-01 5.482451565578702057e-01 7.839449350566566332e-01 5.104181889467165334e-01 4.788437217237598853e-01 6.867540133951315351e-01 7.660157215383252005e-01 5.975253023796193164e-01 5.314699735520790336e-01 4.278806924036600012e-01 5.923321013728402029e-01 5.413312123897113803e-01 7.107690266831517834e-01 7.065949954727136495e-01 3.747296531774604311e-01 7.684263679658802637e-01 3.628986389340086438e-01 6.145235562718597278e-01 3.260683208986115411e-01 -1.415202423828340883e-01 3.555560162998327445e-01 2.059636683235702148e-01 8.032383072656267275e-01 4.182909536663569905e-01 9.687061674587019722e-01 8.233935666490871386e-01 8.426921213961994228e-01 8.094732549163450308e-01 4.730160750717514184e-01
1.521979715209958728e-01 5.949230659410582600e-01 -3.719745362494326912e-02 1.762412796148172256e-01 1.000000000000000000e+00 7.832048480778112109e-01 6.014845965792128268e-01 7.338484351736471734e-01 3.361098297876546348e-01 7.585096241005881978e-01 2.804114257807842070e-01 2.800817985551781186e-01 8.074098369023963162e-01 2.047789469418776209e-01 8.125706415041484831e-01 3.787718278158532792e-01 3.820768288840583615e-01 8.086653237609638945e-01 3.663891726457039200e-01 3.149689731898648315e-01 4.117946728307971260e-01 3.210209055031533754e-01 4.499380689790980492e-01 6.281794601019410340e-01 4.081567472242766947e-03 5.220666293558354765e-01 6.646926792213423418e-01 7.818844838918321827e-01 2.529489078085767062e-01 5.241265268414061484e-01 2.520972363852321818e-01 6.361812801899807690e-01 4.209840308638338469e-01 1.096933826414742130e-01 5.880333180341060784e-01 -6.321141255864128894e-01 5.890144270254569214e-01 3.437009472459954251e-01 6.999296391878455648e-01 4.624016740819718030e-01 4.333235170451277263e-01 3.990496955015831460e-01 -9.720345189508880490e-02 7.311543463354281958e-01 3.641393570927302092e-01 7.204009812642583332e-01 4.483336018455253424e-01 7.222217976293953123e-01 3.627409564131799380e-01 -2.896159740794694223e-02 7.324514802596839846e-01 -7.800121356377283377e-02 8.668606193883136857e-02 5.521984872221388230e-01 4.002324955095373227e-01 3.106226935073168050e-01 -8.771405501662964121e-02 5.137801420373389050e-01 2.591696189958323515e-01 1.851066281099068289e-01 3.922520193294208868e-01 7.982069763277893637e-01 5.590203387688316150e-01 5.591233295330813036e-01 1.732383586312859214e-01 6.180734714611343383e-01 4.526853880502774707e-01 4.311972583569901318e-01 4.514802105315184333e-01 8.046991781510292041e-01 -4.601976032409428596e-02 7.982870564260795554e-01 7.162257271292983285e-01 4.625960186831036824e-01 1.073448565947345001e-01 7.463946610495038048e-01 -1.978872311330465497e-02 7.141556551490080285e-01 8.424986067094558662e-01 3.125870844842837948e-01 9.436960665753571509e-02 8.077072305486250325e-01 7.388914773431957128e-01 7.052964370522623039e-01 -7.879405488928571677e-02 1.725348396211973667e-01 2.167750442600713534e-01 6.455802050030140515e-01 8.274157471374321560e-02 8.725885053216683174e-01 7.339037164307754546e-01 6.292538516770760371e-01 6.093156205967478201e-01 3.724415789165682611e-01 3.773182521375718079e-01 7.278814748407050339e-02 7.737374243152022046e-01 2.884145148080696219e-01 5.886924008994524060e-01 5.853759029564492393e-03 5.785183760713727974e-01 5.703480102369553606e-01 2.451294463998255624e-01 4.556463346110397605e-01 8.231351448778593261e-01 6.604068729348951949e-01 5.875941857033143423e-01 4.058222577294911537e-01 7.713003958846439412e-01 7.331903447066488999e-01 4.362076593072324315e-01 4.760135236281401450e-01 1.139600355860560937e-01 2.435769700370376267e-01 7.448798966048421066e-01 5.942267635625934075e-01 5.297449309408636120e-01 7.525270281118403570e-01 7.386891472719042673e-01 1.287391845957284175e-01 7.252719651876635698e-01 6.512768660329770753e-01 1.127068775746134094e-01 4.550668573045080767e-01 2.606728153206692711e-01 5.819069716163188799e-01 1.959614627164511791e-01 1.674855970309211683e-01 1.643025532689190160e-01 3.897175642811078200e-01 4.338287561390936041e-03 6.757375267831136068e-01 3.439678226293130248e-01 8.358015211220852780e-01 2.591278521654928335e-01 5.740920225080768935e-01 1.896955828154111290e-01 1.127410082323458407e-01 5.982977499124630949e-01
4.426666194688790301e-01 8.060506309003190317e-01 2.254852016915666613e-01 5.462696133290765310e-01 7.832048480778112109e-01 1.000000000000000000e+00 8.940677912122438897e-01 9.896924966920720435e-01 6.048666487199030328e-01 8.825897034664278440e-01 5.210140095634127055e-01 5.672805188660066111e-01 9.945731097354932881e-01 3.029096756217536934e-01 6.321217520873279039e-01 4.858981502226288329e-01 6.680757676267060630e-01 9.442803032137739860e-01 7.625411785323090719e-01 5.474228256424880090e-01 3.218037067476318125e-01 2.538134635752443691e-01 5.089531662262282152e-01 9.001584814290194414e-01 2.104508350039620002e-01 8.208606962196947077e-01 9.612073450019950061e-01 9.764237178580720267e-01 4.698413412110409859e-01 7.649841613772736526e-01 5.289941414460015423e-01 9.642719291292271011e-01 6.102227292498928479e-01 -1.906989094272250884e-01 6.491815422858173701e-01 -2.447299342199111827e-01 5.434555199170265638e-01 3.329396794292472928e-01 9.799208139274581120e-01 7.362135330277971290e-01 3.660389529522526941e-01 6.695042051669500838e-01 2.420302521818007979e-01 9.147594826387270839e-01 5.992801081319155676e-01 7.693764396627108537e-01 7.410008759984404447e-01 9.757766658585820263e-01 4.398981233076588726e-01 3.631326010069486632e-01 9.874614218024672097e-01 8.169935853897866695e-02 2.749405134311944665e-01 9.174019125840229272e-01 5.067592162209310080e-01 5.582750524048912810e-01 1.702890433555473981e-01 8.435935555449137757e-01 4.405189037292971954e-01 4.782886273280643197e-01 7.830207181943628081e-01 9.957266303875869085e-01 4.269047072607523585e-01 8.674072548306744901e-01 3.782998172503492240e-01 8.890089979559361311e-01 8.295799599820494752e-01 5.941857481894819992e-01 6.886522106954497957e-01 8.385430743463205827e-01 1.911694649795743772e-01 9.649949404164421818e-01 9.010974706844472326e-01 7.467111548060111348e-01 3.188822123955201149e-01 9.869195506951862207e-01 2.188200077215121941e-01 9.816435432634258440e-01 9.379316039812221062e-01 7.178033573423530100e-01 5.106819726502527246e-01 9.975475864243797952e-01 9.882101005918543235e-01 8.745681878242259621e-01 3.576738389516091465e-01 4.377126817364059286e-01 3.352006065379957711e-01 5.173891640424042038e-01 2.782084539933358802e-01 9.305237419209508865e-01 9.855064806565728697e-01 7.391725606159207373e-01 8.347734758617059159e-01 2.941391917519922683e-01 5.157861603878146628e-01 2.239472322218972744e-01 8.973938095883020605e-01 4.561705271869267442e-01 7.007413630521398540e-01 2.320253636013822895e-01 8.766376024403741418e-01 7.888153032486024951e-01 4.993209623405230890e-01 6.298590625540642085e-01 8.745422356643447470e-01 8.231424250296360823e-01 9.475468921934134814e-01 6.742372514847124743e-01 9.562776681024902636e-01 9.395096380571518191e-01 6.841314877696721419e-01 6.345367362717869719e-01 3.206897167536771898e-01 5.030950465811402372e-01 8.961584597366308858e-01 8.820072058353646272e-01 7.289978663360664468e-01 9.952876935470998943e-01 9.637092382992887840e-01 3.536847547732496211e-01 9.935234126276222266e-01 7.558263911874557595e-01 3.469455391351325413e-01 5.697566129871051155e-01 3.084091092371222254e-01 8.771817999225763884e-01 3.063163459399977917e-01 3.950931671441699766e-01 3.214144223485265739e-01 1.857749104544636487e-01 1.381564152599352169e-01 5.689279431273459586e-01 5.291208169688710328e-01 9.601616745436960532e-01 5.421349624250644261e-01 8.903519768086254338e-01 4.489248296128791060e-01 5.400696159302059707e-01 6.692212203990156594e-01
5.294810168761925340e-01 8.454347425173823760e-01 2.571086762037981255e-01 5.370733188945118197e-01 6.014845965792128268e-01 8.940677912122438897e-01 1.000000000000000000e+00 8.835074051635927184e-01 6.518673436721837966e-01 7.825905599494596965e-01 5.825503326491527911e-01 5.358040317182594103e-01 9.014337231609496071e-01 3.555062987283681419e-01 6.513953583233242917e-01 3.451161994255528276e-01 6.332853354420138192e-01 9.273799525692151269e-01 7.368769511950485906e-01 6.589455588322602475e-01 4.571988726462959951e-01 4.199551201374555065e-01 4.901198267879718906e-01 8.241709090641080593e-01 2.307110494904990872e-01 7.973446648208142307e-01 8.647370233594180444e-01 8.547968199866706751e-01 4.823117916664754756e-01 6.438524094724977775e-01 4.729819862120396290e-01 9.114161645888806396e-01 6.200281296481495730e-01 3.933108489187430584e-02 6.525611348607898154e-01 -1.284463824294135581e-01 6.937216004845917494e-01 5.700443329183590979e-01 9.000386591700451078e-01 8.369976909052683212e-01 5.511880609818418097e-01 5.353381848449028091e-01 3.989047888649462914e-01 8.241380328364470431e-01 5.413162150104625647e-01 8.227396398652807585e-01 6.804696892102389816e-01 8.870543894862958911e-01 5.689197002604592379e-01 4.320663504775306696e-01 8.801007804150209335e-01 1.163490921118959937e-01 3.306394760319800730e-01 8.991028313791648019e-01 6.366386189984593047e-01 5.155987057502361415e-01 4.656614459088032065e-02 7.340754729779342957e-01 5.292495047205106884e-01 4.807798932911545031e-01 7.711097415863885640e-01 9.081051167247292666e-01 5.229007292362038983e-01 8.020625807399378582e-01 4.145147414413240528e-01 7.298595406030013999e-01 7.983757540931535335e-01 7.093024174321964637e-01 6.332802920111681999e-01 7.103205768397490294e-01 2.048730098484431161e-01 8.095912799140415617e-01 7.951008906796670495e-01 8.862404330827476917e-01 4.419218047243249070e-01 8.726205338761734431e-01 2.659589228325156540e-01 8.801016294345263002e-01 8.509529777276332307e-01 6.707495990767461391e-01 5.215546535662767269e-01 8.828151386954971036e-01 8.817911989181497212e-01 7.831401561278112933e-01 4.645683359291702952e-01 5.248856859594593915e-01 3.019323431853638828e-01 6.303407570016864581e-01 3.562336181196364415e-01 8.547745859952674552e-01 8.768520184473284074e-01 7.791686868468183924e-01 8.638064206659947786e-01 4.463766292651051293e-01 5.184151752998193974e-01 3.155159917356030741e-01 7.466593154138720934e-01 4.086411044138943960e-01 5.587246409931598823e-01 2.889225088155117915e-01 8.281221154276779961e-01 7.376715327520549925e-01 4.694863046852177368e-01 7.330544224072332860e-01 8.573354329789466544e-01 7.461845787664360685e-01 8.831706222871612555e-01 7.124801059348238041e-01 8.475821708610061789e-01 8.284158345943973822e-01 6.401015677374575219e-01 5.367163553173540658e-01 4.478199557076554260e-01 4.389404700561208572e-01 8.739003053994222059e-01 8.291324205082151177e-01 6.847889690458334178e-01 9.010073117013844834e-01 8.555063445051295234e-01 4.533527055748050594e-01 8.908824939598019022e-01 5.621757761270621545e-01 3.413971705270442691e-01 4.956611486998585558e-01 4.784322799025803041e-01 8.586452827544358568e-01 3.581867086384095678e-01 4.166452303679475389e-01 5.681290421329221463e-01 2.925481935528723154e-01 2.679751685412015139e-01 6.803855443863123797e-01 4.817907745879664305e-01 8.691490734552101971e-01 5.168791876543400443e-01 7.944984115733291219e-01 4.491821298583901778e-01 4.961589546268742046e-01 8.167830030494627191e-01
4.465278844258050994e-01 7.437053255524364026e-01 2.534601029876589751e-01 5.823535500853642688e-01 7.338484351736471734e-01 9.896924966920720435e-01 8.835074051635927184e-01 1.000000000000000000e+00 6.578306015619688196e-01 9.010110371756377967e-01 5.598743274196485986e-01 6.283527147321251727e-01 9.751963789651898473e-01 3.181634896946843316e-01 5.682046793589408118e-01 4.768087533676524936e-01 6.996560739870560930e-01 9.028111585256982652e-01 7.336663392069118217e-01 5.899837051192562409e-01 2.521931650142646419e-01 1.999865363938982676e-01 4.957880060808451672e-01 9.187229672620926824e-01 2.281296520102400194e-01 8.138370294414518646e-01 9.864358851304462217e-01 9.873755955386276373e-01 4.774787832597202630e-01 7.718530931974020293e-01 5.431341124547874877e-01 9.828770256375229941e-01 6.372039625080732073e-01 -2.042612719539827759e-01 5.754161930494118282e-01 -1.493068112079870002e-01 4.744100936898723031e-01 3.202497636232756184e-01 9.965020597123672719e-01 7.182956344464183074e-01 2.920974472837192248e-01 6.917888545022181646e-01 2.569550866506619680e-01 9.294275463444419128e-01 5.631419897021524568e-01 7.281150262466939971e-01 7.632622286683725665e-01 9.886347940871473838e-01 3.987511690855294888e-01 4.065805148908896993e-01 9.964087750091568108e-01 1.474324643268876411e-01 3.119644449103428641e-01 9.327144562814105866e-01 4.979768657078152416e-01 5.855990683471127278e-01 2.288228341557879963e-01 8.612865937072300415e-01 4.371773092411276318e-01 5.235129061172724141e-01 8.306082708359954214e-01 9.765361049026534124e-01 3.892789449016484382e-01 8.549557564407331833e-01 3.918299454129684500e-01 9.195122955189067859e-01 8.823535492384716461e-01 6.064217137751766185e-01 6.944817800785344497e-01 8.358700673567355244e-01 2.138747153212302299e-01 9.741984414364727174e-01 8.957907319352436115e-01 7.214490489105385151e-01 3.652828604799422396e-01 9.976755615697892043e-01 2.348926354122956583e-01 9.979812405244621321e-01 9.049674991399881963e-01 7.763407894264671150e-01 5.735660552184260741e-01 9.830391071988445750e-01 9.993132046296275828e-01 8.333041574186815792e-01 4.159634901812801488e-01 4.832464869989774869e-01 3.586794392043101687e-01 4.825002402358344877e-01 2.865168023374379813e-01 8.774713085536797186e-01 9.986422049032114279e-01 6.954284100220263776e-01 8.005314232994844570e-01 2.411532469145803159e-01 5.248827304352297052e-01 2.471685606304032112e-01 9.028333362283188501e-01 4.529721007356213303e-01 7.067891419746590298e-01 2.542082796106314158e-01 9.006025258144966239e-01 8.251852075984837942e-01 4.789989889477813678e-01 5.657141828090215263e-01 8.248984560677453670e-01 8.172233759483483739e-01 9.714268156433201185e-01 6.877334734149901374e-01 9.716027645528521051e-01 9.009166754064966698e-01 6.661346725987700168e-01 6.328881931758291168e-01 3.251552714170517500e-01 4.838665530415834359e-01 8.831305107196503190e-01 9.025434784848528347e-01 7.276565917423176710e-01 9.948690379880182899e-01 9.397363626993361363e-01 3.939678252326471730e-01 9.976694883953122206e-01 7.636719751904755826e-01 3.625051578621506509e-01 5.390572984460747508e-01 2.644185404359740699e-01 9.147293567911970458e-01 3.301827501194932735e-01 4.240195332705011810e-01 3.168016252637020358e-01 9.991653927846293193e-02 1.974975983093542053e-01 4.871352487532898956e-01 5.292060520414041402e-01 9.153361521024075964e-01 5.799951752868158783e-01 9.214551949429290456e-01 4.581645217788612445e-01 5.952199985730132203e-01 5.989944656231459552e-01
4.976491387118926468e-01 4.813550122978801360e-01 1.151792618198225898e-01 5.889199246465780524e-01 3.361098297876546348e-01 6.048666487199030328e-01 6.518673436721837966e-01 6.578306015619688196e-01 1.000000000000000000e+00 6.070229379170578587e-01 8.964211404679958139e-01 8.887290454628148373e-01 5.863106462162822607e-01 6.630764555771394564e-01 3.337444557187136951e-01 3.965940115797883525e-01 6.655875470248399095e-01 5.496578218768932711e-01 4.532304205747632042e-01 9.673932667531202068e-01 4.181389052250361615e-01 4.625860438566817834e-01 6.394507773521190819e-01 7.681583261211671898e-01 2.222992999577521819e-02 6.833339810382059731e-01 7.149182921001110413e-01 6.529916001450217777e-01 7.471902835284975897e-01 6.317767954644732953e-01 4.994928489850498643e-01 6.945927467276092893e-01 8.464431232151723439e-01 2.866681103674779962e-02 4.322001345914145420e-01 1.769593427843366429e-01 4.847302835015731004e-01 5.665188021250211481e-01 6.763261359471739453e-01 6.171111877804439372e-01 3.608066054084192453e-01 6.801756932837620395e-01 1.768274883125858787e-01 6.910444802290061084e-01 4.115935529060142928e-01 4.909029778073009664e-01 6.261122681476462004e-01 6.750147566878360594e-01 4.570435969459405445e-01 5.529853163329131460e-01 6.821558693009541763e-01 2.789887715778668342e-01 6.956083475907148816e-01 5.995554915089120751e-01 5.409317800525405007e-01 8.428905619045372610e-01 3.258307592506398120e-01 6.574404425130859764e-01 7.178029856204390935e-01 8.484261207545743533e-01 8.673650333205408236e-01 6.042692980555227633e-01 5.760481633021123926e-01 6.533901666431102262e-01 6.544361306615890106e-01 7.074234541957822309e-01 8.846060437982072866e-01 4.833225639003059793e-01 7.817227052596921189e-01 5.477644642459055246e-01 3.655013761577513565e-02 6.753375141694599737e-01 7.426047885255513403e-01 6.267488329074546449e-01 7.639867893036933477e-01 6.713301936442063189e-01 5.749763807002734178e-02 6.596099445026158969e-01 6.274242888073728874e-01 7.482394708180089005e-01 6.683310241339064373e-01 6.008910216989740150e-01 6.692277457467027402e-01 5.351798169324503140e-01 5.525839043483722346e-01 8.889641789676970829e-01 5.877666131518016757e-01 5.687991450421998607e-01 1.123026920950796620e-01 5.438506703258831898e-01 6.741795248750679370e-01 6.560272799150690393e-01 4.828591421004616580e-01 6.060524775713937995e-01 4.085597207208900850e-01 7.013335117191005219e-01 7.412834280528867170e-01 6.705437443784734164e-01 7.364613425673711689e-01 9.740465872063244768e-02 6.206436077372959881e-01 8.158762388551564770e-01 3.676097930595310648e-01 4.592711787200727258e-01 5.569195101374253554e-01 5.350875363819319608e-01 6.543815541535712432e-01 8.898956114901572789e-01 7.454296540113737324e-01 5.480541590569862898e-01 4.033190269558682983e-01 7.036614386801761656e-01 3.161290159499884345e-01 3.923473142405114467e-01 6.083412228347511164e-01 6.017849013733328478e-01 4.854416608371210917e-01 6.547797626649716207e-01 5.492925026040518244e-01 8.297353060262081526e-01 6.461415648838388925e-01 3.507130582717620237e-01 1.920494326568616128e-01 4.101832743727740205e-01 4.517196387037113459e-01 7.522327872718815867e-01 7.041948724657424163e-01 8.172365879517133891e-01 6.423373356789298105e-01 2.532751268529333591e-02 7.688471299958195004e-01 4.173303013064937894e-01 3.649967399136375135e-01 5.215779890728278190e-01 5.894866998097355593e-01 7.491782904591436365e-01 5.154106594432116273e-01 7.371464388874655604e-01 4.580220056147614183e-01
5.745269396111682969e-01 6.399840584828424550e-01 2.333606760600587526e-01 4.983475453075568717e-01 7.585096241005881978e-01 8.825897034664278440e-01 7.825905599494596965e-01 9.010110371756377967e-01 6.070229379170578587e-01 1.000000000000000000e+00 5.336827730374505974e-01 6.020822211970660032e-01 8.749969936775394697e-01 3.945874787101428804e-01 7.259182807846077390e-01 5.909026700451117664e-01 7.016411890355298553e-01 8.102426637435626855e-01 6.031264583379155608e-01 5.170692012684289240e-01 3.740534185339930429e-01 2.940993194058053595e-01 3.952240527691716077e-01 8.781447565347154649e-01 2.313766805968415219e-01 7.412353554102338871e-01 9.083517541506570536e-01 9.526928358509710870e-01 4.540526755349564847e-01 6.812561766312884570e-01 4.976782321357463568e-01 8.750521690457423452e-01 6.516060106382531858e-01 2.822960253099312394e-02 5.622118144748711188e-01 -5.030476425188452200e-02 5.007278042057178302e-01 4.171529319778743972e-01 9.003443149085638142e-01 6.434110343641925578e-01 4.156306165887553861e-01 5.556727283971171216e-01 1.872393325755491167e-01 8.991146375387554235e-01 6.180629879757757461e-01 8.194990726134304682e-01 7.191997427543750376e-01 9.010652308089395213e-01 5.793827229585623018e-01 4.065144171045885768e-01 8.803309098481720829e-01 3.081289019757012526e-01 3.611714217299896723e-01 7.692436632683312681e-01 6.810902744370718187e-01 5.489420511031056771e-01 1.277366284920123940e-01 7.792319810358656618e-01 3.891215896315093348e-01 5.444830537131104542e-01 7.981468011241242833e-01 8.662593915134025879e-01 5.011617716291285607e-01 7.094977358720646610e-01 3.773743913932883776e-01 8.716275449470343162e-01 8.150244982190961718e-01 6.774406710992114666e-01 6.057684362154690527e-01 9.599098502587916082e-01 1.892151085987239523e-01 9.066362344232913317e-01 7.222565709439123793e-01 7.172409171638375325e-01 3.815914266517254072e-01 9.203257890611565850e-01 2.211973405755476851e-01 9.131275208169792323e-01 8.422322600533714843e-01 7.183010889956310541e-01 4.384225734503174876e-01 8.742223419512391569e-01 8.998207354073369801e-01 6.081315814809125087e-01 4.891030425569599105e-01 4.825966203747026895e-01 3.664396239216262674e-01 6.414700050631801931e-01 3.195648499139392973e-01 8.034407753271511909e-01 9.103491997889667786e-01 7.155291690668289517e-01 7.143192451300555135e-01 2.085099431646963708e-01 5.807643928158034985e-01 3.262136724315807812e-01 8.199789496803819855e-01 3.474016364455230210e-01 5.533352618011435631e-01 2.581218299372729508e-01 8.745769483028366098e-01 7.794465543517262729e-01 5.833181833667617777e-01 5.956859566938449424e-01 7.227210910337544814e-01 7.838281000660394238e-01 8.158355373525042475e-01 6.378700902920722005e-01 9.179621079116543347e-01 8.054549278239521160e-01 6.119527461222971088e-01 5.286838704404720479e-01 3.730865461019676199e-01 5.472123761429801281e-01 9.381895892450393681e-01 8.246293366600675467e-01 6.671186241871834843e-01 8.969173044773640635e-01 8.625479678017325957e-01 4.329511534216802238e-01 8.927883895995446517e-01 8.325242490237687587e-01 3.093277970253096587e-01 4.402850892535877803e-01 4.242037355587329195e-01 8.826967952301633114e-01 4.284339264423336346e-01 4.321679713389141586e-01 4.244650062804772306e-01 3.097782615413170459e-01 2.114421790698333692e-01 5.142303975657683823e-01 4.757807560878753450e-01 7.699028537563860075e-01 5.834446804547049892e-01 8.373947654878669544e-01 4.054834176565514925e-01 5.892126517822983134e-01 5.798734797298432664e-01
4.473322414177220430e-01 4.284909115279952330e-01 2.253249779887347148e-01 6.485878998032992282e-01 2.804114257807842070e-01 5.210140095634127055e-01 5.825503326491527911e-01 5.598743274196485986e-01 8.964211404679958139e-01 5.336827730374505974e-01 1.000000000000000000e+00 9.222329796869278562e-01 4.814354635575804342e-01 7.682948451631368414e-01 3.133225802190377496e-01 6.327257289528608331e-01 6.849736630241699542e-01 5.085785063112272519e-01 4.911745797297795701e-01 9.261440745910819450e-01 4.630591105508756744e-01 4.813825549550440619e-01 7.123189664264972798e-01 7.568881482652639603e-01 1.717642165592902781e-01 4.802092201033476560e-01 6.458101218231907525e-01 5.547876646670396594e-01 7.908302211044144769e-01 7.114370097967195328e-01 6.551895019355160610e-01 5.672931683727475694e-01 9.443940242150437037e-01 1.791694329770989469e-01 3.130680576658867453e-01 2.927734651517176212e-02 5.051309470119729195e-01 4.395557835140113667e-01 5.605041067958123069e-01 4.041603325059488494e-01 4.228811336995253467e-01 7.134984550978138440e-01 2.348210127048844242e-01 7.036853078756882818e-01 4.609389699181171696e-01 4.506744094912927823e-01 6.246110518396401634e-01 6.204469326363019066e-01 4.780087291697101559e-01 6.536775307624890230e-01 6.003644239169235730e-01 1.720138204964272999e-01 7.112614484683635885e-01 4.566434238795148981e-01 4.474263577360497179e-01 8.891006739291762440e-01 3.501591814198541375e-01 5.944026845818923821e-01 7.285906122263874352e-01 8.918766454991402526e-01 8.521748574155995071e-01 5.095003217806567397e-01 4.619627102932117313e-01 4.585994425341056724e-01 6.880022123931527345e-01 6.409314048484326953e-01 7.826521240896104903e-01 6.633663970370767826e-01 8.050291424670056317e-01 4.161495674903080699e-01 2.064948961614523903e-01 6.054385262274131208e-01 7.077565657945282807e-01 5.573798680281940587e-01 7.867148356830542255e-01 5.708569177239212200e-01 2.087767821763287790e-01 5.673928985211061926e-01 4.926480589612824423e-01 6.154754706011943410e-01 6.717972677301742301e-01 4.979002905420179537e-01 5.761030382087952706e-01 4.314718971381921730e-01 6.667286015221165485e-01 9.828028342729437927e-01 5.832177399199273138e-01 4.803339270885791379e-01 3.040768404828036453e-01 4.730478811505317571e-01 5.729200682133974709e-01 5.613113753419775032e-01 5.645336183217065651e-01 5.629558018477898163e-01 6.084117295830857586e-01 7.945271599330682166e-01 7.319461187272257030e-01 6.961124387713353290e-01 7.327716890368256575e-01 2.538704924574965993e-01 6.442862088729289782e-01 8.548599016510233239e-01 4.116145806819679898e-01 5.198584262189617222e-01 5.451266956564008170e-01 6.345574378405586247e-01 5.206812338902433446e-01 9.426429863289954580e-01 6.801961387468435927e-01 5.505476597160174901e-01 4.817674231460909451e-01 7.168791208210771870e-01 4.266788216754596186e-01 4.321956701866141448e-01 4.917689755880052527e-01 6.132965208761037568e-01 5.952195234546781011e-01 5.709184807285776486e-01 5.508937063188025229e-01 8.859103949574008707e-01 5.499816413740666876e-01 4.466608678220074236e-01 3.088855427545071364e-01 5.332968254606308411e-01 4.504156329494475308e-01 7.282306490148419131e-01 8.323171880079308638e-01 8.666740526199988581e-01 5.457253613986473573e-01 -3.844754317428925733e-02 8.469075454074387332e-01 3.714160680386811575e-01 5.216628039082520374e-01 4.356308488691750802e-01 6.810014981003550405e-01 6.545278893410884091e-01 7.359874297697855949e-01 7.295870509759071476e-01 4.974034113691004344e-01
