1.000000000000000000e+00 1.206722434501537738e-01 -2.052830180021417150e-01 -1.452566221225650434e-01 -2.186173866499484808e-01 -2.005786469219015822e-01 -1.274602308664723738e-01 -2.253071264454357958e-01 -1.921815621915695382e-01 -9.271686911519208540e-02 -2.048807071012339331e-01 -2.811296023521610565e-01 -2.006615297381578178e-01 -2.377220039125519657e-01 -6.391707991955031254e-02 7.250642295750173716e-01 2.724236883865707032e-02 -2.006937401631014306e-01 3.880481042338553843e-01 -1.929785544803206410e-01 1.875752247288773322e-01 8.462139444786700992e-02 -2.861178693527303141e-01 -2.889670088518959679e-01 -2.109903354930591501e-01 3.191259419095424099e-01 -2.007634463255252300e-01 -2.112851733073995708e-01 -1.361818549961571478e-01 -3.818161517375880942e-01 -1.694901077247857879e-01 -1.596042941457887498e-01 -1.972355587137853694e-01 -2.409198911860782610e-01 3.578434075926865687e-01 -1.630559035936634260e-01 1.233795743119686789e-01 -1.703348799018216120e-01 -2.137714787001262773e-01 -2.630354626895846110e-03 1.868790976696160511e-01 -3.602492830123453227e-01 -2.619691668137454910e-01 -1.563882763505289042e-01 9.567670468742500711e-01 7.914011888590918864e-02 -3.536687538207244907e-01 -2.474083029111529553e-01 5.206413375733052185e-01 1.779065681964346612e-01 -2.427958660422996351e-01 -1.528180706812621026e-01 -1.800759166711378145e-01 -2.091849865514101015e-01 -3.447547799390627415e-02 -1.440158331360228972e-01 -2.539374517198176306e-01 -7.933809839645077078e-02 -2.237684283609937819e-01 -1.038889667572117231e-01 3.238074094334116720e-02 -1.874458300679526512e-01 4.734771004207559419e-02 7.719707348609847197e-02 -1.987843326706357217e-01 -2.687473668911645741e-01 -2.120662877488915798e-01 -1.566614244308877357e-01 -2.178750624458513918e-01 2.836316448636592904e-03 -2.445201387606085186e-01 -2.374347409990407165e-01 -2.850101527529450007e-01 3.500732554243473627e-01 -2.030015551088932002e-01 -2.397280797770847405e-01 -2.042073098117583307e-01 -2.297471277048219740e-01 -1.328478136784349006e-01 -1.237574373111170328e-01 -3.038863614965474635e-01 -2.076809981480270406e-01 -2.338791902095118391e-01 -1.903038804055013633e-01 2.407635637501681358e-01 -1.499268369167197634e-01 -3.271469894693661562e-01 -2.610379490409742848e-02 -2.048229468873127568e-01 -1.336165370032653954e-01 -2.404170039041014229e-01 1.628787988064815673e-01 -7.383278749513438877e-02 -1.074685065513017873e-01 -2.298394481685056556e-01 -1.891297517447909360e-01 -3.522531031594176021e-01 -2.401782165730101670e-01 -3.584059621987046862e-01 -3.218406380754982865e-01 -1.854541800259935924e-01 -2.756710556593461314e-01 9.500883657525183157e-01 5.768606230001008806e-01 -1.086338039268718164e-01 -2.041330594377679108e-01 -2.068576451680618766e-01 -2.083237898562655815e-02 -2.622229867057359054e-01 -4.461983600417320645e-02 -2.357777494113275085e-01 -2.505078311660018930e-01 -3.352555036702142277e-01 9.519647921857234962e-01 -5.955189472846879328e-02 -2.708056852902839262e-01 -2.324149710667632041e-01 -1.753115604009288786e-01 -6.372622531559307690e-02 -1.806424818674115529e-01 -2.124553596628891983e-01 -3.821159852877908936e-01 -2.144964859924623213e-01 -3.261834254154359902e-01 1.278038326522810408e-01 -1.490758552971676587e-01 -2.464826090387173263e-01 -1.080648243644663220e-01 -6.428880934548204806e-02 -1.173396564127895392e-01 -1.624204547409813792e-01 4.517378718115635378e-02 -3.046399131296370633e-01 -1.851025548721665637e-01 2.522879876911187508e-02 -2.835957536511023447e-01 -2.387939879662073772e-01 5.804490151822520871e-02 7.134435026004551372e-02
1.206722434501537738e-01 1.000000000000000000e+00 -1.282390669542170514e-01 -3.474023835975761920e-01 -2.019752073117335178e-01 1.266780439148688098e-01 6.142041039709642547e-01 4.188798111702572713e-02 -2.706043726709944641e-01 -1.867559576379387576e-01 -2.859137318181432241e-01 -4.260372841367947583e-01 1.926342518950557858e-01 -5.936559227234991520e-02 1.029419926845784317e-01 -3.946545392951661957e-01 -9.964119011737207487e-02 1.972437359021633752e-01 5.407643104223349706e-01 -2.490672443929099755e-01 6.531981155089039426e-01 4.555892483694514716e-01 -2.153136422134003525e-01 1.743559116706018541e-02 -1.326932077221584516e-01 7.204869395051423098e-01 4.510360520214045515e-02 -5.479870853082765420e-02 -2.288122527732887879e-01 -2.909625094431167458e-01 -3.115116872494165245e-01 1.882309187021127539e-01 -1.971659116929150579e-01 -1.167199165587833321e-01 7.043133427534724600e-01 1.973360299934945675e-02 6.334989129766107618e-01 -3.859641857438276397e-02 8.487284453910272364e-02 8.726400444567182779e-01 6.341960204902507003e-01 -3.144542680557381176e-01 -1.401242666637188550e-01 -2.120732925747671749e-01 -4.583244139999620437e-02 5.842971480852706678e-01 -4.108727418211160498e-01 -5.615481035852532173e-03 6.036820655376147204e-01 -3.137146419841664868e-01 3.325498951185367619e-02 3.433087748881662876e-02 -2.117783621302684050e-01 1.454740814105945357e-01 1.566408746216777226e-01 -2.827895714653154702e-01 2.341450761456922644e-02 3.957575954702910459e-01 -1.453859378313017425e-01 -2.404155798082980022e-01 -2.870182446167485191e-02 1.147110865800440027e-01 2.931053604936739720e-01 7.334490574855856426e-01 -1.718077823478879051e-01 -2.832856598040692925e-02 8.019327347526120087e-02 -8.376486355664151950e-02 -1.671204194002335608e-01 -2.082637597827227682e-01 -1.530238519924773388e-01 -4.587012431698905129e-02 -8.079770253104558153e-02 8.691308375260222707e-01 -1.834768255196574938e-01 6.904819883671906022e-02 -1.314508318721467062e-01 5.659215401187760869e-02 3.148121039307222313e-02 2.850483606414754845e-01 -2.942427344144706372e-02 1.152115884997731987e-01 5.545455373376401154e-02 1.269656998829036543e-01 -4.019119461074998068e-01 -2.067624122901280670e-01 -2.676926281567529875e-01 9.755270391508949479e-02 -1.172262647481965014e-01 8.938114963787263667e-02 3.583515495462930023e-02 8.381429320143353456e-02 1.445701294756241706e-01 3.483907400740631627e-02 -1.617660114811713956e-01 -1.700269490058245458e-01 -8.967887503629248455e-03 -1.609218084710306029e-01 -3.584069903212758201e-01 -4.324248827499488357e-02 -2.045813844746887100e-01 -2.917582142690200442e-01 -6.400718440904495932e-02 7.468391469961676021e-01 5.509379531660142659e-02 -2.657393238536421287e-01 8.461665307607976749e-02 -1.604360835512262939e-01 -3.104020079048179503e-02 2.107540604725382793e-01 -1.874446890899813256e-01 -1.593040358883626717e-01 -6.182113277981317323e-02 -9.523785986254645897e-02 8.248254754990573534e-02 -1.591320078263111781e-01 -2.659007555889266738e-01 7.168976008240626752e-02 4.716039874600880255e-02 -2.011418049752244086e-01 1.246371561335881673e-01 -3.203469275284821505e-01 -1.432526121777562000e-01 -2.024916370835595503e-01 3.035641220528427775e-01 -1.356848939078721394e-01 -1.534940811542227224e-01 -2.186722469735465912e-01 4.920630388723739590e-01 -2.713798846953972138e-02 -1.662530626338740991e-01 6.186313270207645099e-01 -2.085741587079286419e-01 1.508057863826447742e-01 -2.920589784027037838e-01 8.150459744097435233e-02 -4.007731300405339425e-01 -5.144333745782595502e-01 7.545221271069928459e-01
-2.052830180021417150e-01 -1.282390669542170514e-01 1.000000000000000000e+00 5.268735978392646846e-01 -1.433222928009593722e-01 -1.759527035510172199e-01 -2.180481911970382769e-01 -1.615556281333914157e-01 -1.914633279994188975e-01 -1.981207169583021621e-01 -1.745982303479143294e-01 -2.524157139720756282e-01 -1.958775510795029429e-01 -1.610080375803693009e-01 -1.462135659480163774e-01 -8.509408679914533258e-02 3.428006539230813998e-01 -1.460442328398869061e-01 6.023375991021522741e-03 -1.695501960172328682e-01 -1.531589394911848367e-01 -1.294114668688077785e-01 -1.721503080695618582e-01 -3.203823697439827090e-01 9.971389849519723958e-01 -2.911962034010572853e-01 -1.652120557000509304e-01 -2.000960183658407887e-01 -1.881875399873226273e-01 3.517451869835662714e-01 7.540122204636516834e-01 -2.018456524406248287e-01 -1.371463007666619272e-01 -1.009626159448378802e-01 -2.428014190265927741e-01 -1.165302586609582164e-01 5.118443184975065424e-02 -1.007157091847759867e-01 -1.750325174106782955e-01 -2.850477040960669450e-01 -1.520587895564434744e-01 1.141106954051282901e-01 3.783705940260286837e-01 -5.045413554070881518e-02 -1.368242751716435557e-01 -2.066826694436315059e-01 4.380158476421161518e-01 -1.011445070584721800e-01 -1.824144277916174006e-01 6.010375698050228754e-01 -1.567158796120864117e-01 -1.797104944748019739e-01 -1.064126314394793771e-01 -1.616382183422060692e-01 -2.230935895042321926e-01 -2.261152257818950795e-01 -1.359595787871913097e-01 1.076894418519004498e-01 -1.537132275701157402e-01 -1.771427729899054671e-01 -3.755788802046540753e-01 -1.697246059858482647e-01 -1.499652463223505039e-01 -2.574027716546827271e-01 -1.112477134857669109e-01 -2.534201642363008156e-01 -2.672028385720000565e-01 3.387357231971540594e-01 -1.390921214525419614e-01 -1.712442414603813357e-01 9.909671731146553197e-01 -2.003287134663320201e-01 -2.037775907376800921e-01 -2.470204631277406471e-01 -1.378306993948235082e-01 -1.993238918544830429e-01 9.995329600980246143e-01 -1.605773315687994696e-01 -1.628420708288240148e-01 -4.148208909065944500e-02 -1.890354235106518344e-01 -1.713822830692047772e-01 -1.666957276818953060e-01 -1.821298979911494809e-01 7.047287473005980907e-01 -1.164304346984523925e-01 -1.840975217187527380e-01 -1.258081501055975659e-01 9.991454737364543481e-01 -1.676998817876318715e-01 -1.794145419810957154e-01 -1.396354316633078019e-01 -9.591067988424784030e-02 -9.931916499452864144e-02 9.558363929910000945e-01 -1.098588228051809584e-01 -2.510040278366204580e-01 -1.484923306833727530e-01 -2.247956818797430256e-01 7.491136358237787674e-01 3.407763801523844976e-02 -2.697171626677596912e-01 -1.473064963528277760e-01 -2.110309284012110709e-01 -1.307227209577562499e-01 1.539194574999498133e-01 -1.585000368635995083e-01 -1.291297103722460760e-01 -2.100280364893270246e-01 -1.309697972266643251e-01 2.514004180265757005e-01 -1.621464935422874953e-01 6.011020662949975168e-01 -1.364100283857584694e-01 -1.360748092967968559e-01 4.489059195311743966e-02 2.004855439307519360e-01 -1.630014183434292108e-01 -1.139592193335683262e-01 -1.391737297543613194e-01 -1.689507368486911909e-01 7.637123729846770348e-02 9.975054385669231971e-01 4.166963963632852042e-01 -2.514949045201031463e-01 -4.792328530233646439e-02 -9.928996031100693898e-02 -1.837115982395381708e-01 -2.557852246865287005e-01 -1.126841207168596121e-01 2.220375667053280794e-03 -8.921560404765480068e-02 9.259631962826506690e-01 -1.728390567545399492e-01 4.014404387380769434e-01 -1.040223838093508463e-01 4.977332859771686491e-01 1.907709233412556438e-01 1.548897824532670109e-01
-1.452566221225650434e-01 -3.474023835975761920e-01 5.268735978392646846e-01 1.000000000000000000e+00 -4.413009489111898165e-01 -3.864907150007314551e-01 -3.898349817404007656e-01 -2.954025332995382502e-01 -1.856330942458516431e-01 -2.561301095380711934e-01 6.169893219487042335e-03 2.943692552536006923e-01 -4.482748661808509949e-01 -4.919513385046410114e-01 -3.830076663766735501e-01 -1.138201088332755073e-01 8.975134783611753431e-01 -4.756972802079587614e-01 -2.133913470679498214e-01 -2.316392629823738891e-01 -2.401743636381738212e-01 -3.063276387509898391e-01 -3.008371295514725152e-01 -1.786469442897949678e-01 4.981118925409920295e-01 -4.379609391947605346e-01 -2.010475746247769868e-01 -3.043207929974335313e-01 -3.229284460680498237e-01 5.940826803481265017e-01 7.342643066397734897e-01 -2.859770570279172586e-01 -1.740994874874309262e-01 -3.468705896500002273e-01 -3.775213393630280634e-01 -4.404646361759556594e-01 -9.983404856128298699e-02 -3.175718328959906134e-01 -2.982339086605261813e-01 -4.257057010393350827e-01 -2.678802564369273664e-01 2.930000277486818905e-01 6.825368563914336294e-03 -7.006786469107406656e-02 -1.648963750494180924e-01 -3.970075719960898808e-01 5.067048163206232525e-01 -2.469120713109307363e-01 -2.291720011415353808e-01 7.534158431703263936e-01 -2.903446753554123627e-01 -4.220085460880554362e-01 -2.545711320402772038e-01 -3.276848962726610637e-01 -4.980034704185005712e-01 -2.500523426172802655e-01 -4.226307609893527051e-01 3.597605788022378293e-01 -3.007856191473460838e-01 -1.283797918488178147e-01 6.887288932641320860e-02 -4.140983627317822435e-01 -3.196134199161901335e-01 -4.381021361598370634e-01 -2.354755874520260972e-01 5.789249528257182226e-02 -8.709894949547070109e-02 3.004310256942663293e-02 -1.764477745593797942e-01 -3.284204862885986009e-01 4.839359537745065998e-01 -2.694689652617425213e-01 -3.329479355787154371e-01 -3.630437142625474456e-01 -2.685242190776069293e-01 -3.234445537755851752e-01 5.134853838830175654e-01 -2.889947689268573816e-01 -4.010734686384259118e-01 3.913556492849862845e-01 -3.492115551786126870e-01 -3.969733135893451781e-01 -2.867148651650399671e-01 -4.604667710318884333e-01 5.461249667795892160e-01 -1.551108962415548853e-01 -4.113371076880189547e-01 -3.149953376098039715e-01 4.954181945534676945e-01 -4.571113885023540546e-01 -2.980852261441086504e-01 -3.828542737526459683e-01 -3.462974790764342115e-01 -3.336679937476972335e-01 6.177768950393810465e-01 -2.482893170994503740e-01 3.787892388226653945e-02 -2.904252783059587673e-01 -2.544390690601805449e-01 1.990698970074595009e-01 -1.858644900384009702e-01 1.278115419391198937e-01 -1.532919937180039216e-01 -3.238110720803970000e-01 -3.362852943109465031e-01 -1.028267702620206531e-01 -2.881905793411889127e-01 -2.201120676845678137e-01 -2.776924235881445546e-01 -4.982869023732823810e-01 -1.915980954216792709e-01 -2.619477834714644682e-01 3.738038894174831178e-02 -1.220485007999830424e-01 -3.856619103592596742e-01 -2.071071596359659039e-01 -1.249732548734347332e-01 -3.327703048839283362e-01 -4.012810931646814683e-01 -2.418007420890086467e-01 -3.362645917555083797e-01 -1.726957312545288059e-01 5.108001947856750657e-01 1.790838793154201081e-01 -5.085015974324049726e-01 -1.266454759886906645e-01 -4.457543040798885858e-01 -2.147127308737759865e-01 -5.973032435401081086e-01 -3.055500394336001513e-01 -2.341592493339019199e-01 -3.386239477886684446e-01 5.143076130878120322e-01 -4.581576988766367098e-01 9.695642014723736546e-01 -1.425986464544558470e-02 6.439940173960914671e-02 3.553975656005092798e-01 -1.121075546747654084e-01
-2.186173866499484808e-01 -2.019752073117335178e-01 -1.433222928009593722e-01 -4.413009489111898165e-01 1.000000000000000000e+00 6.217618947271484897e-01 3.008993215083591299e-01 6.109639137899467443e-01 5.133674489773122351e-01 8.370044982472678585e-01 -2.195960058863505315e-01 -3.473548538177502754e-01 6.442959169992011903e-01 5.475090214680314871e-01 7.127723946815146538e-01 3.733026700472299314e-02 -4.114625419927680494e-01 6.212713269210791145e-01 -2.993593538292645961e-01 5.567495318513674407e-01 -5.664901952697928844e-02 3.199818324792416124e-01 -1.895911257524745819e-01 3.349642351925630201e-01 -9.314961428357393380e-02 6.901074524256087250e-02 5.597503145611504305e-01 7.002791789400670819e-01 -2.655773747080195646e-01 -3.246715951703207925e-01 -3.327910182411010775e-01 5.010976914361329193e-01 -1.830161317128234377e-01 6.382685339462481622e-01 -1.129598336812778908e-01 5.696855896390914387e-01 -2.921663779261991431e-02 6.377109977381306694e-01 5.962554935513237897e-01 8.537284588693346693e-03 1.413163901389066779e-02 -3.400233278648038260e-01 5.537811917351669333e-01 6.536460464684935578e-01 -1.899180420783449785e-01 2.915767016077208673e-01 -1.287487150835489036e-01 6.111666309174380585e-01 -1.018370956670279492e-01 -3.912487864031698459e-01 5.876241009245789515e-01 5.936619978792865293e-01 -7.843972080374146671e-02 4.928487374529456067e-01 6.112514378195798015e-01 -2.965204825614770057e-01 6.054633111490258512e-01 -2.766550214684894149e-01 -2.221133897799742463e-01 -2.615263356152076057e-01 -1.040650744570063013e-01 6.372728380034953233e-01 5.545692780085426099e-01 4.984666967359457218e-02 -1.919848148995288162e-01 4.219538015599420544e-01 3.163793788249522065e-01 5.655787646642685962e-01 -2.673712436891320654e-01 8.161233641354301849e-01 -5.730036618096751022e-02 6.866472035912686289e-01 4.985531284447219935e-01 -3.977690578330791288e-02 -8.041180389961304076e-02 6.268205277635723327e-01 -1.203134317293302336e-01 6.074903665002709952e-01 6.844238000364312180e-01 -2.972404814061213041e-01 5.257598222974140256e-01 6.391061101224536634e-01 6.118832439298172998e-01 5.055585463865905904e-01 -3.033634824789487316e-01 -2.002041647979353189e-01 3.345557887952705922e-01 6.746499775299317214e-01 -1.220640759250687796e-01 7.026504731055321917e-01 6.099686565923387871e-01 6.083257552793621681e-01 5.473125660169404494e-01 6.754979510131274845e-01 -2.250308497773246819e-01 -1.362894368602132200e-01 -9.803975941931426796e-02 -2.299559145870883892e-01 2.898625576877674193e-01 2.358324254558280264e-01 6.337747648644442844e-01 3.619494851424263082e-01 -1.404602001377289189e-01 -1.938001874601863184e-01 6.508477238239542828e-01 5.859961877564094923e-01 5.182062022639993826e-01 -2.654386173420642536e-01 6.317999264253070235e-01 4.914931644304048608e-01 2.706811552142457944e-01 -1.856354051891874746e-01 4.154017518896324646e-01 -1.956447457388412747e-01 7.511133987526382727e-01 6.180050974110472550e-01 5.642419207177885587e-01 6.181249011497069734e-01 5.985766999365184082e-01 -1.226782623042192433e-01 5.798275917450677053e-01 3.774527712249345912e-01 -1.542536150402153139e-01 -2.658292748361164581e-01 5.830562917024303404e-01 6.504022388254968590e-01 3.651759213395651127e-01 -2.885223569028186885e-01 4.513154582439748985e-01 6.401165590552060358e-01 5.964169035882173064e-01 1.661729826792106846e-01 -2.569913748446230883e-01 6.333827559803194562e-01 -4.258755155300359974e-01 3.299891397407797577e-01 2.136412068582623780e-01 -7.792575256831070496e-02 -8.888020824365365502e-02
-2.005786469219015822e-01 1.266780439148688098e-01 -1.759527035510172199e-01 -3.864907150007314551e-01 6.217618947271484897e-01 1.000000000000000000e+00 8.180461548969170105e-01 9.909260388344210968e-01 6.820927773026027596e-01 8.141269184397688097e-01 -2.495737145637833831e-01 -2.195437949532881017e-01 9.953529612077947064e-01 8.327949035965618307e-01 7.455350653311454412e-01 1.054313127085787782e-01 -4.376970955565241406e-01 9.726000920394219929e-01 1.838522671350760751e-01 6.893295773246120861e-01 -1.314709226484260529e-01 3.803243287574418208e-01 -5.416796957696333459e-02 7.788023136868529317e-01 -1.093134315765163650e-01 5.765779660606292767e-01 9.663760563611833998e-01 9.648987035096024956e-01 -2.342388076329182667e-01 -3.211393322417788743e-01 -3.748351757610405288e-01 9.676691845559086680e-01 -2.648426986212980005e-01 9.210333726927638631e-01 -4.744925544137658380e-02 9.484943199473191422e-01 -1.331274111978273667e-01 9.464841143020986669e-01 9.881151670273237153e-01 4.326928856926990363e-01 -3.639926395615891014e-02 -8.377857546122491339e-02 7.752555003846605119e-01 8.615032873890869913e-01 -2.032956858053400206e-01 -5.588886331982812275e-03 9.368868674681117559e-02 9.804681536868739000e-01 -2.016488665111159928e-01 -3.675506369457967049e-01 9.890169019716588128e-01 9.585821733079959994e-01 -1.153609241790415629e-01 9.832586003710005462e-01 9.217869058233169044e-01 -1.957088671663713975e-01 9.378013009960322055e-01 4.829276407374102908e-02 -2.281788318845773544e-01 -2.730902588417906118e-01 3.008211796891744894e-01 9.951761381067665280e-01 5.859563093804156519e-01 5.466347840880981801e-01 -2.311203334994153535e-01 7.151832192598301940e-01 7.815667739587859320e-01 6.596395007709889846e-01 -8.604231647491518420e-02 8.185581830791991420e-01 -6.295020060904038539e-02 9.685787268036973874e-01 9.041311372387629275e-01 1.529423181088283845e-01 -9.735485349747016737e-02 9.889310254825871560e-01 -1.545301832049774393e-01 9.899277081893108621e-01 9.346960047513724890e-01 3.460668293535977547e-02 9.530253062725023705e-01 9.982683156618323839e-01 9.899307651673933117e-01 9.139909565598550722e-01 -2.590259554567629352e-01 -2.461107050911606475e-01 4.435336449043340012e-01 7.547948526721423024e-01 -1.572831525967797461e-01 9.520917944204317918e-01 9.864899599185644741e-01 7.554107691914794254e-01 9.560426122884659872e-01 9.386623389450730048e-01 -3.110813967556340098e-01 -1.785027445582763883e-01 -6.837138062675278405e-02 -9.617691342002640531e-02 5.079860605570815091e-01 5.096829873454145066e-01 8.986248910216365626e-01 6.432411632570969040e-01 -8.637114195300781005e-02 -1.551902623241203649e-01 9.254230388238724458e-01 7.997907020172763115e-01 9.824056666604821242e-01 -2.789607914490606078e-01 9.587351258431763279e-01 9.364142958812532447e-01 5.522580600533815165e-01 -1.464358440599060687e-02 6.388371228670284285e-01 -1.956447913225616009e-01 9.046308299678746945e-01 9.153604407982268709e-01 7.724787820999523547e-01 9.948271467660564360e-01 9.740308291740554791e-01 -1.623929365064289976e-01 9.941352513427241799e-01 1.077535451651629866e-01 -1.875717315945414632e-01 -1.340772160554254966e-01 8.380010856743620451e-01 9.015777515104299589e-01 4.604515717522532081e-01 -3.003685425131150666e-01 6.398446669944014564e-01 9.491649224396349060e-01 9.018203077177929794e-01 2.577939021842910461e-01 -2.701868776433720143e-01 9.879985633024457314e-01 -3.879812733614916853e-01 8.500243061039808312e-01 4.065374784435998312e-01 2.176180322614209850e-01 -7.093011806571342115e-02
-1.274602308664723738e-01 6.142041039709642547e-01 -2.180481911970382769e-01 -3.898349817404007656e-01 3.008993215083591299e-01 8.180461548969170105e-01 1.000000000000000000e+00 7.770326014446194973e-01 4.584511592039171579e-01 5.062417761417602469e-01 -1.786970898828779408e-01 -2.805246416155930400e-01 8.404482913641792008e-01 5.949340575511680163e-01 5.447517416199305629e-01 -1.728578251050886805e-01 -3.105297915452770452e-01 7.991345246195866725e-01 4.727877144528671027e-01 4.588438318710800212e-01 1.695552031563514750e-01 4.638901688150554592e-01 -2.348337605366242198e-01 5.826900214603358830e-01 -1.763332736361219177e-01 8.580276425693380560e-01 7.980789347105712306e-01 6.876911818583359981e-01 -2.814855572402023554e-01 -3.488980138966553124e-01 -4.063307014463988787e-01 8.797067115167697127e-01 -1.721298197365457860e-01 5.830525511319399889e-01 2.056324106600813106e-01 6.857771318189667120e-01 1.669070390249734748e-01 6.625227257488911503e-01 8.152878677533917928e-01 7.446746062396784049e-01 2.302640705241443264e-01 -3.190233242723000684e-01 4.787498258977131438e-01 5.479262703724034900e-01 -2.182420164467304968e-01 2.041607553477433334e-01 -2.339226083547238932e-01 7.395266374995601577e-01 9.837490009500010624e-02 -3.792167974263682129e-01 7.685597914080940507e-01 6.952680355519179622e-01 -8.380347979639692080e-02 8.371058732885265918e-01 7.597797992953433388e-01 -3.118777470521011397e-01 6.516662838913532818e-01 3.354657965119330898e-01 -1.927819799808955792e-01 -2.023224041929776174e-01 3.934453041861442069e-01 7.915453520694123446e-01 5.532636966770804188e-01 8.530357596750434146e-01 -1.561689175994597223e-01 5.866656620183684501e-01 7.625667685678020336e-01 4.389882067381308817e-01 -2.642252228530507230e-01 4.679150335270905736e-01 -1.571255865370344562e-01 7.115669888131942455e-01 6.077004202691718149e-01 5.532701049760502254e-01 -4.760037000234394744e-02 7.857324826579812349e-01 -2.061360602345730098e-01 7.928787444838178988e-01 6.702102939681677807e-01 2.896946483686908547e-01 7.204627859908965259e-01 8.007745317174762567e-01 7.871930638749448095e-01 6.817198548468731412e-01 -3.671059354223104032e-01 -1.600108787759233209e-01 2.406233821285431451e-01 5.922517652449633685e-01 -2.038911719457112415e-01 7.173690331160315070e-01 7.692968904797876650e-01 5.545955714951248394e-01 8.271097676923366837e-01 7.082797293380611592e-01 -3.156764836953452336e-01 -1.075808374152407154e-01 7.018521103943721473e-02 -2.643749984292262378e-01 1.379520502971579854e-01 3.538944611024014142e-01 5.423510345579939385e-01 3.625527363723236030e-01 -1.274206497042292552e-01 2.145970713445512490e-01 7.017041213502747121e-01 4.035919685292972958e-01 8.075914089983748934e-01 -1.799797744579904601e-01 6.957623304978971523e-01 7.545553562672460135e-01 1.759192311129443853e-01 -2.204039950702648409e-01 3.985414052094041759e-01 -2.356335147833242827e-01 6.925874624853173289e-01 5.754749077930486623e-01 3.690276993050682908e-01 7.900454373301214472e-01 7.321142036163311717e-01 -1.098561040669916306e-01 8.229394329758686899e-01 -2.531825031097617584e-01 -2.464176795288313404e-01 -3.564206144423348044e-01 7.608626413968717639e-01 6.344368102234421158e-01 3.482314749590219582e-01 -2.599590116219861469e-01 6.716125845288912766e-01 6.890441251890947472e-01 5.667302838742672710e-01 4.018620029656788661e-01 -3.750224969018737808e-01 7.962528678518978609e-01 -3.627951773475298070e-01 7.103348772673752087e-01 1.133297659423629193e-02 -7.860551223781110652e-02 2.776828830304751694e-01
-2.253071264454357958e-01 4.188798111702572713e-02 -1.615556281333914157e-01 -2.954025332995382502e-01 6.109639137899467443e-01 9.909260388344210968e-01 7.770326014446194973e-01 1.000000000000000000e+00 7.235963203354350837e-01 8.412813234935975215e-01 -2.290788293749611571e-01 -1.271542943911225798e-01 9.760468542776430390e-01 8.247488116032614114e-01 7.300181595288491865e-01 1.033892058228074312e-01 -3.574000959417781287e-01 9.468194551520937585e-01 1.259492489529514814e-01 7.174865595162945864e-01 -1.872672249252878285e-01 3.376586268899765542e-01 -5.721914083109007343e-02 8.250575596942890666e-01 -9.546737873237164107e-02 5.212862754326477166e-01 9.852469115963400359e-01 9.820419596875504809e-01 -2.420391222696642863e-01 -3.115832800978663997e-01 -3.560374729644036895e-01 9.697423932378094191e-01 -2.733223610072044729e-01 9.217428947976249454e-01 -1.152429307204921177e-01 9.349204054978041967e-01 -1.829420059905872697e-01 9.437064237471165518e-01 9.958847061713750337e-01 3.753305683887137589e-01 -9.121011483877498882e-02 -2.865670956830253246e-02 7.884690651584383980e-01 8.951229039063567372e-01 -2.298464960561618919e-01 -6.827651527489338179e-02 1.498068316502025044e-01 9.938167478965571622e-01 -2.589359024218708116e-01 -2.768465605449297318e-01 9.981384802865503891e-01 9.528672854026690731e-01 -1.200548438333011586e-01 9.840330560491846734e-01 9.015908097891808248e-01 -1.819680524184744963e-01 9.326064218368144143e-01 8.119308350236482952e-02 -2.393591434472649160e-01 -2.542095007715175492e-01 3.690598693645577577e-01 9.838156878426079777e-01 5.602157038666717437e-01 4.874833695452654436e-01 -2.388323443112046751e-01 7.732652325268389859e-01 8.249495583440394908e-01 6.800261697215376211e-01 -6.919325259917906423e-02 8.304969783361755287e-01 -4.592656972690242756e-02 9.842688001794521746e-01 9.085164577672087960e-01 8.422638924532553639e-02 -1.026155425774422508e-01 9.973627865138896542e-01 -1.405320330663659134e-01 9.991325135793995837e-01 9.275058824677359093e-01 1.025483207316687934e-01 9.627478440135582849e-01 9.872855895089640565e-01 9.993452316546620473e-01 8.918377781680993932e-01 -1.949912736762996202e-01 -2.430106404127191366e-01 4.453280705352590796e-01 7.444640085269778051e-01 -1.454537188030342598e-01 9.335049039955541916e-01 9.987675853058850528e-01 7.382921589628312908e-01 9.347637225285125862e-01 9.335520723270765986e-01 -3.007777922396928094e-01 -1.857210176983340733e-01 -1.005610564945375734e-01 -9.964605920439496833e-02 5.154859936489929462e-01 5.155827619662892713e-01 9.250018762544277573e-01 7.141289938708488272e-01 -1.039782642050502137e-01 -2.297953068407773691e-01 9.138626128778982727e-01 8.205078022548440986e-01 9.918341076490460040e-01 -2.911009081589235326e-01 9.788683003424654139e-01 9.038339624622488966e-01 5.558304624316818821e-01 -1.352267613048803788e-02 6.389786949638774916e-01 -2.140204718078866086e-01 8.982305635404681521e-01 9.378532623854750616e-01 7.953588176023309586e-01 9.966246146082518020e-01 9.597344570720832690e-01 -1.662667636662935600e-01 9.948108081720206108e-01 1.276914522022875031e-01 -1.728592321806138588e-01 -1.291612881460374174e-01 7.980005447969488186e-01 9.322660329774474786e-01 4.406311047951104731e-01 -2.946735153304763100e-01 5.995961089072814332e-01 9.448290728125849913e-01 9.115206851317810832e-01 2.013977784667966286e-01 -2.576658544743276047e-01 9.659296513672629425e-01 -2.927289141255871585e-01 8.933763082512642395e-01 4.382678050743428755e-01 3.214123757032101847e-01 -1.309619562731570430e-01
-1.921815621915695382e-01 -2.706043726709944641e-01 -1.914633279994188975e-01 -1.856330942458516431e-01 5.133674489773122351e-01 6.820927773026027596e-01 4.584511592039171579e-01 7.235963203354350837e-01 1.000000000000000000e+00 8.006210871753586256e-01 3.996954448425999451e-01 3.246613338095614143e-01 6.540813663910791664e-01 8.580709072799598269e-01 6.780347094000671593e-01 1.805736218845447327e-01 -2.070424382424665144e-01 6.616682640639702795e-01 -2.684038763093367641e-01 9.894442788581904180e-01 -1.221498646160336099e-01 3.791931602023794756e-01 9.025905330393410586e-02 6.320593531601680359e-01 -1.392617590432718711e-01 1.577993606985815811e-01 7.453377101138392025e-01 7.697863439714307532e-01 1.886305245509338757e-01 -3.147393874920578205e-01 -2.878979191477296085e-01 6.879396214536483978e-01 3.013308808478088463e-01 7.320855115921443002e-01 -2.374044635830926953e-01 7.102782248633049411e-01 -1.317102480613850657e-01 7.470924528569223844e-01 7.422581962884868823e-01 6.580856990381757365e-02 -2.531958912973214168e-02 -1.325570492136350642e-01 6.367777061140824646e-01 8.241753337519681644e-01 -2.133745182009274544e-01 -8.781891944481354240e-02 1.256681186897366277e-02 7.532530375489348007e-01 -1.763759187719151356e-01 -8.177440909646020717e-02 7.296826017826186783e-01 7.146013285174952490e-01 4.561217810914131032e-01 6.879331318172523524e-01 7.840308804434283907e-01 1.736054581685066989e-01 6.493843849132084900e-01 -2.788628709629925040e-01 2.640085173716075762e-01 3.509094816978450271e-01 5.394743008123350503e-01 6.970287088583065893e-01 5.855731369219188132e-01 5.215723407110765819e-02 3.180054281875020483e-01 4.581284237207604026e-01 7.791704754338554251e-01 7.079565725491657746e-01 -2.244392381002221007e-02 7.837530278436283249e-01 -9.845318301202708733e-02 7.741253409592467882e-01 7.133255866763730246e-01 -2.378122736181878527e-02 4.557027452970643377e-01 7.127291816855365614e-01 -1.696415445176215064e-01 7.317780333435034423e-01 7.397866255596051710e-01 -2.473239001431166637e-02 7.841797965468233489e-01 6.845830087323768742e-01 7.297049757569246120e-01 5.830556664493767860e-01 5.028897690279029997e-02 3.610902560609330902e-01 8.053040986415332947e-01 7.505112660191390894e-01 -1.781389516019311614e-01 7.122230050055569084e-01 7.343197772046554661e-01 7.002268795585445682e-01 6.955778020798216721e-01 7.812394847822741184e-01 -2.525437301512304389e-01 3.817929702247621626e-01 -1.176059416648064376e-01 -2.745801443053198787e-02 5.464320264025023244e-01 3.243678246242358565e-01 7.855913315142603048e-01 7.578806000052545899e-01 -1.015634921987941530e-01 -2.587773127393462880e-01 7.479521603072912805e-01 7.030076757343953764e-01 7.229357406168649414e-01 2.842408547136274777e-01 7.671000463373194300e-01 4.947215814933396683e-01 3.289928527749427789e-01 -2.813844478547345915e-02 4.443712408278611137e-01 -1.893211927964259800e-01 7.521791858785177309e-01 7.561125868841762632e-01 6.839298434739764510e-01 7.284182833745701524e-01 6.563701591745737529e-01 4.125406914742689723e-01 6.777333099214699619e-01 -1.570181418323099709e-01 -2.019247221645278922e-01 -2.926975836033697820e-01 6.562849475525385223e-01 8.485781580685637371e-01 7.835599956834996549e-01 2.700100713042400402e-01 5.174952877131674400e-01 7.587841764466149996e-01 7.783509923053320012e-01 8.663195274950862002e-02 -3.013275886883645116e-01 6.658709156261730655e-01 -1.646686256429691630e-01 5.410215209547520887e-01 4.533638375794288855e-01 5.064682333110901435e-01 -1.942222664652640540e-01
-9.271686911519208540e-02 -1.867559576379387576e-01 -1.981207169583021621e-01 -2.561301095380711934e-01 8.370044982472678585e-01 8.141269184397688097e-01 5.062417761417602469e-01 8.412813234935975215e-01 8.006210871753586256e-01 1.000000000000000000e+00 -1.589898988364012722e-01 -1.126988271835822619e-01 8.050492368597466086e-01 7.325183559412092871e-01 8.567784318057241055e-01 1.883646266975399497e-01 -2.007549526693665209e-01 7.841670941172493858e-01 -2.424641896778149119e-01 8.088232997878634922e-01 -4.328682447342878381e-02 4.678318165687158081e-01 -2.115300829381861758e-01 6.586003585168547225e-01 -1.347457442954896056e-01 2.580265758781601915e-01 8.344826562031343320e-01 9.162662524901699079e-01 -2.974460622686476707e-01 -4.157955326265569407e-01 -3.746732116085583209e-01 7.647277272764968492e-01 -2.349140976612207055e-01 8.169571518394413978e-01 -8.192515826509279286e-02 7.634861744875187650e-01 -2.418980954922420740e-02 8.502476300023577016e-01 8.385613203939391580e-01 1.597749023285121583e-01 5.634220254713136894e-02 -2.337937326249512060e-01 7.366091326731050160e-01 9.261829879043183000e-01 -1.347115853846337918e-01 1.555365067729615747e-01 1.954633986671233323e-02 8.543100629743460850e-01 -6.020894840587388136e-02 -1.789224876598811409e-01 8.265429341564956012e-01 8.097616537659663161e-01 -7.872681954479403277e-02 7.468537636306746830e-01 8.372302733780919715e-01 -2.617419287999660504e-01 7.716013982867321319e-01 -1.520440763614822610e-01 -2.595752669543476832e-01 -2.105386807992274123e-01 2.693262256706283053e-01 8.275345774949475208e-01 7.243244189882486195e-01 1.383427444333458212e-01 -2.283590166895531903e-01 6.506293858413868536e-01 6.762892191190734703e-01 7.833900517752377946e-01 -2.274212850553356813e-01 9.720304062105474818e-01 -9.041055278103932169e-02 9.071822076961620906e-01 7.231343396910515642e-01 7.696495921202783919e-02 -8.067306610243828169e-02 8.452878836993643619e-01 -1.721887586110276702e-01 8.412290837843993119e-01 8.808812156962534390e-01 -3.909637745148449722e-02 7.608956868211198543e-01 8.224112623104740116e-01 8.463810841833474541e-01 6.841071127171844957e-01 -1.279287186054659242e-01 -1.951681321989130746e-01 4.376742557454801341e-01 8.718385218520469104e-01 -1.809483319474402552e-01 8.655205152844206440e-01 8.452415038520803003e-01 8.320413162716718825e-01 7.624669499354151947e-01 8.966729476217599748e-01 -3.041431029716465395e-01 -1.585046952517019103e-01 -2.581808037875203410e-01 -2.659757253736146354e-01 4.033161687385019567e-01 3.408443587447767542e-01 8.731233053050179160e-01 7.302474206799769441e-01 -2.430232707691950753e-02 -1.523407787909294431e-01 8.667892266533129275e-01 7.932248887603626786e-01 7.856556306080233476e-01 -2.681757422075680686e-01 8.770420477320879371e-01 6.504458149431832092e-01 3.723160366468747928e-01 -1.959811783009639541e-01 5.169502302065775989e-01 -1.164534966118908887e-01 9.354764671870426929e-01 8.377013174653770156e-01 7.579797154198476550e-01 8.481531518823890448e-01 7.907694253735979562e-01 -1.294497531838718907e-01 7.998255244372604045e-01 1.224494625731804287e-01 -2.143975762349606962e-01 -3.246026249571597466e-01 7.856460112746734836e-01 9.306759382571241357e-01 4.273363919697552582e-01 -2.774073686424384233e-01 5.873078961866353698e-01 8.622128486204395648e-01 8.299035855008392026e-01 2.384111200286486987e-01 -3.464072767250130913e-01 7.982523144201427723e-01 -1.891278126485496369e-01 6.470444509460929750e-01 3.638638650072252845e-01 3.169356846025968011e-01 -8.618247762572550652e-02
-2.048807071012339331e-01 -2.859137318181432241e-01 -1.745982303479143294e-01 6.169893219487042335e-03 -2.195960058863505315e-01 -2.495737145637833831e-01 -1.786970898828779408e-01 -2.290788293749611571e-01 3.996954448425999451e-01 -1.589898988364012722e-01 1.000000000000000000e+00 6.745227116722748439e-01 -2.660605517522858787e-01 1.849297946454147301e-01 -1.879231784357118240e-01 -4.161942388866676085e-02 -5.710145286651908958e-02 -2.422357448994424400e-01 -2.903929002811881932e-01 3.890451833973439522e-01 -9.759948593362080538e-02 -9.757924826050225209e-02 3.727112381137560049e-01 -1.550458782709547567e-01 -1.944239826000817295e-01 -3.122862798217353464e-01 -1.801521645966716323e-01 -2.168394421422598084e-01 7.463641121052352334e-01 1.583561758762717098e-01 5.829392625993341792e-02 -1.880736654149822440e-01 9.625636383665649998e-01 -1.585010782489565673e-01 -3.145877934708635193e-01 -1.602779242702471463e-01 -1.528652171746685273e-01 -1.832197522534819434e-01 -1.911789220644257437e-01 -3.059028808502411434e-01 -1.012815271528090116e-01 -6.849425340413224650e-02 -2.336245085331612181e-01 -1.215691435953282357e-01 -1.682867157876213604e-01 -2.262650216080781262e-01 -2.147635414942346832e-01 -2.057187650453000949e-01 -1.504668537678105766e-01 -2.005779048561370792e-02 -2.078862970367502949e-01 -2.120480199010849887e-01 9.306903900580465461e-01 -1.977126545607227059e-01 -9.435911360533080772e-02 6.133158118641472978e-01 -2.629178407555876062e-01 -3.863729553358896118e-01 8.507131436320244378e-01 9.405834284745746565e-01 3.624459850303998198e-01 -2.451517178337102865e-01 -1.228266667023156788e-01 -2.899818153416066080e-01 9.282992452808681572e-01 -3.114437165983013900e-01 1.125726895781452713e-01 -1.270300514867903352e-01 1.496431548179577020e-01 -1.687758365095709812e-01 -2.025213830336321796e-01 -1.870598780303832365e-01 -8.161822622660025450e-02 -2.125329347436021310e-01 9.325448907380972097e-01 -2.416847536741340285e-01 -1.783706140784545313e-01 -2.130032811239593593e-01 -2.203617889823046849e-01 -1.396406724680036571e-01 -2.880673825135523017e-02 -2.513219161532073143e-01 -2.219776659804673091e-01 -2.591996721885354571e-01 8.540249308949088292e-02 9.618809456319821205e-01 6.491438869943964018e-01 -9.835041610102364384e-02 -1.809688266190663808e-01 -2.338884752572654990e-01 -2.168686471618538614e-01 -1.756249608191578770e-01 -1.524328569078685081e-01 -1.756111977993109197e-01 -4.652847440909153864e-02 9.321051177424217737e-01 3.740654167580647060e-01 2.391568661490282577e-01 2.216092407107115858e-01 -2.331170253895367694e-01 -1.810847998029003481e-01 6.529959997934350890e-02 -1.811705973262464076e-01 -2.071886241306659660e-01 -1.772623244985861157e-01 -1.889332635169260199e-01 -1.877042086317661784e-01 9.255104136091251155e-01 -1.904301247696739696e-01 -3.819541991689378579e-01 -2.747275793015505063e-01 1.135569137559150205e-01 -2.676515923295856858e-01 -1.633892631156437514e-01 -2.385183796637142806e-01 -1.926408834170056650e-01 -1.914453740756861533e-01 -2.307931641032900105e-01 -2.790246779879280714e-01 9.442877275044271324e-01 -2.574605616699079391e-01 -4.209473216511256943e-01 -1.745962408545061184e-01 -1.822396972947287475e-01 -1.858446067062314577e-01 -1.139132728423326163e-01 6.490209125695980408e-01 8.916489700311999167e-01 -1.308988164348860728e-01 -1.691145210394121301e-01 -1.238417426531859544e-01 -2.826924129716786860e-01 -1.370898963826281125e-01 -2.469216852461220968e-01 -4.443001106440718634e-02 -3.258266318821594898e-01 -4.317027611507111978e-02 1.039080198242492425e-01 -2.376233502820019328e-01
