1.000000000000000000e+00 -1.606416841359948888e-01 -1.307162963137608602e-01 -2.077657519791568652e-01 -1.557619589813294680e-01 -4.413664624638976262e-03 -3.858677271245896656e-01 1.402125900172514483e-01 -2.370440022600364405e-01 5.395035271743420235e-01 -8.064042696092769968e-02 -2.135906737221348883e-01 -2.022685397510670668e-01 -1.408384285276791104e-01 -1.418483773934290093e-01 6.852586984114447111e-01 -6.715411112860805720e-02 -3.961571369932443965e-01 6.084301409224667223e-01 -1.789230422002466014e-01 -4.289884259465472777e-02 -3.988973930498072862e-02 -2.158617171096700871e-01 3.231379201103664056e-01 -1.306894329874948579e-01 3.361857373556380590e-01 2.145168094594585850e-01 2.335970637767238178e-01 -9.235992460843740759e-02 -2.680613756985947838e-01 -1.785560681350691070e-01 3.046529954350404301e-01 -5.977066950575704585e-02 -1.306956128627337899e-01 -1.232503656034579648e-01 7.182095597352200489e-01 -8.391965967732477327e-02 -4.156044097678243676e-02 8.214228399254859536e-02 -1.985459489664023469e-01 -5.318065910012926417e-02 -3.318513390202547098e-01 -1.388832659611207998e-01 3.738312719845823251e-01 9.738213916687095129e-01 -8.346721546198565544e-02 -2.064358285424141778e-02 -3.211493966613159778e-01 1.189117309277358883e-02 -1.803739992606394893e-01 -9.676028588582484546e-02 4.047208576771709199e-01 -1.306893508286337269e-01 -3.696197628722535100e-01 8.577607723692050323e-02 7.633874286804035077e-03 -1.306668759777410427e-01 -1.240021322171220158e-01 -1.373866977157421343e-01 2.355160704902423408e-01 4.346534694271486643e-01 -5.122193582011231455e-02 -3.758156600207904902e-02 5.333550844586152154e-03 -1.306889777242708217e-01 1.260510478441848048e-01 -1.073376410680522974e-01 -1.129840245604255868e-02 -1.742409597629022422e-01 6.974289461758113040e-01 -1.306890410594603869e-01 -1.151827410950176517e-01 -5.292871933170711918e-01 -4.014865704714894873e-02 -1.172180418870728963e-01 1.271006026542980116e-01 -1.306892195618211128e-01 2.184607926774646477e-02 -5.299426142531931533e-02 -1.689702708818165977e-01 -1.306954945600184159e-01 -1.793597860187878812e-01 5.398740564562047595e-02 -3.808922980413707027e-01 1.035287313465211440e-01 -6.084422758442258050e-02 -1.311928872908919019e-01 -5.050787053587480618e-02 -1.360439500706263904e-01 -2.860925600170093897e-01 6.570445613049086253e-02 5.169726959381286679e-01 3.506717333956981264e-01 -3.394535776950045186e-02 -1.584467363062126988e-01 -1.377676987343870452e-01 -1.983969604912730611e-01 -2.022716601600509922e-01 -2.399050456225251815e-01 -1.306870840422398872e-01 4.613871851233780630e-02 -2.571445378336190690e-01 9.941628870694221298e-01 -5.445147887909753542e-02 -3.083586365048435751e-01 -1.357266642866187811e-01 -8.865504741041017878e-02 1.597801566025532916e-01 -2.318453110385841620e-01 4.254099850169783537e-01 -1.421875079287625854e-01 -2.303316723771154928e-01 -1.430881184341288026e-01 9.940855881587730147e-01 6.671607736825972967e-01 -1.643654815090239696e-01 -1.614315124677830893e-01 3.027337441307323407e-01 6.950062206892311245e-01 -6.326506968905799833e-02 1.244031488723690154e-01 2.355118248358842314e-02 -1.416852645038571001e-01 -2.181724205890576973e-01 -5.350551100405354088e-02 3.712629332655506542e-02 -1.373674070539809555e-01 -1.357482141965745959e-01 -5.346794372647388494e-02 -3.643165708326934205e-02 -1.152697715469766793e-01 -1.159335413640258244e-01 -1.699117175242806088e-01 -3.804302485436364956e-01 -1.402406140130421364e-01 -1.507779213976753463e-01 -1.537972470984458606e-01 8.559869792133438515e-02 -1.589976959754902663e-01
-1.606416841359948888e-01 1.000000000000000000e+00 -1.675727429019815418e-01 -6.653397263449535581e-02 -7.902152650455142313e-02 7.715701312166785286e-02 7.253964486529344002e-01 -3.591765676531397111e-01 -2.144271832001300448e-01 -3.038164135767083551e-01 -1.261657824023768859e-01 -3.671653831198364304e-01 3.077139509252166949e-01 -1.642477509921739798e-01 1.275917766982924417e-01 -3.273996426882475608e-01 -6.709502728348443190e-02 4.807089629989566570e-01 5.684043732767566359e-01 -1.594231147347498212e-01 2.406909916981015418e-01 2.440087462928155759e-01 -2.496093518623587193e-01 -3.813719997499230852e-01 -1.675458814777036898e-01 3.885748659502293867e-01 -2.922816324565536417e-01 -2.611966004461018787e-01 -1.358155404753357831e-01 1.526159432767905666e-01 -1.094987316569570254e-02 -3.608021610546854330e-01 -1.138190215435349040e-01 -1.675825195256252786e-01 9.120886560973056056e-01 -8.338005772736339916e-02 3.402269043490846467e-01 2.422085779527871352e-01 -3.308642780394169258e-01 7.414032677308188823e-01 2.276538944852531110e-01 -1.669169314439970242e-01 -1.769172636237636154e-01 -3.488635404605364143e-01 1.764606508125112980e-02 8.149648718924581425e-01 -1.683966131662179844e-01 -4.124493402514086138e-01 4.133967148644536183e-01 -2.014399774416724131e-01 -3.269412993867361616e-01 1.639648277193358206e-01 -1.268206890646726703e-01 -1.715983311485679563e-01 2.252328339208043984e-01 -3.492664226472903533e-01 -1.268630538605695357e-01 -1.865337996639699833e-02 -1.289645067307476634e-01 -3.331079460409648862e-01 -2.558199490246992336e-01 -8.232327335935508972e-02 2.459877116921623530e-01 7.486910168927209952e-01 -1.268201514135997021e-01 -3.118861568511439031e-01 -3.541487478513391518e-01 -1.945266470859966235e-01 -2.805465052590530584e-01 -2.593535704720941193e-01 -1.675445091822219679e-01 -2.401788247335132631e-01 -1.180161880221616832e-01 8.720318546929899384e-01 -2.216000656563580362e-01 -1.660831497915140065e-01 -1.675457734397260146e-01 -4.047357125295415470e-01 9.909681151239857488e-02 -1.485459148152440123e-01 -1.268343412573699480e-01 2.239204117105015046e-01 -3.313950345161331690e-01 3.997178722390070660e-01 -2.763476654771075958e-01 -1.801124726995507463e-01 -1.248017843251728320e-01 2.287791489926760402e-01 -1.729981797462813442e-01 5.566584607290026021e-01 -4.120084895753289844e-01 -1.119068348109925840e-03 3.581205911773091000e-01 2.506132803661980102e-01 -5.943665135725240828e-02 -1.482664872976796333e-01 3.668043244723927510e-01 -2.139983836545706619e-01 -2.921312655577570361e-01 -1.675465324587404048e-01 -4.273502141350203898e-01 -3.096034104346070959e-01 -1.675437322105165772e-01 9.811881704377551916e-01 2.488696031409215748e-01 -1.970360456510923952e-01 -3.764928402143747355e-01 -2.561564244876564644e-01 -2.068506166436634985e-01 4.339367446571862352e-01 -2.666673134457839267e-01 -2.465591185042953770e-01 -1.873939237480804210e-01 -1.681724424028995246e-01 -2.522774180449686710e-01 -4.036725292303190438e-01 -2.550978769821805603e-01 -2.597401227817075497e-01 -4.615471605612003064e-02 -1.774565143803955858e-01 -1.028163316539139199e-01 -3.390331977548844411e-01 -1.787497396046373588e-01 -2.945899652601802199e-02 3.645613507522847407e-01 -4.570017153845479241e-01 -1.492644472289882118e-01 -2.891632064751870623e-01 2.332838140995698029e-01 2.479217305332239996e-01 -2.210922615258562873e-01 2.363616350130855193e-01 -7.884008948665011118e-02 4.260754907531259517e-01 -1.389296126110416973e-01 -3.672390167229003244e-01 -2.671172556875415216e-01 -3.735990507240897207e-01 7.409691430473331897e-01
-1.307162963137608602e-01 -1.675727429019815418e-01 1.000000000000000000e+00 8.838683272722887008e-01 -1.149324923366162182e-01 -4.107192527562064654e-01 -3.038569809839424263e-01 -3.216284604281937631e-01 -2.832557986795965488e-01 -4.366201279768545662e-01 -1.344275464237652540e-01 -3.205010453990814745e-01 -3.790091727084917705e-01 -1.357553868098121119e-01 -1.046333651205493542e-01 5.582185631385147007e-01 8.505874947784566320e-01 -2.335059677870567341e-01 -1.954424364400451086e-01 -1.971773132816755647e-01 -4.447453194501500146e-02 -1.064285892676757744e-01 -1.082185968449065200e-01 -4.158369857511572953e-01 9.999999829459648160e-01 -3.323673155183136663e-01 -3.523238454952428711e-01 -4.154939723240627103e-01 -1.177643052695517972e-01 9.057509504809007073e-01 9.709794886625866539e-01 -2.827196038514744880e-01 -1.093160091260560601e-01 9.999999593767399109e-01 -1.754561590187208586e-01 -2.342071532337465511e-01 8.731884537094805609e-02 -5.415017140225619058e-02 -3.147474275043235514e-01 -2.794602694876565652e-01 3.393595624121709120e-02 7.813955297515920995e-01 9.994700734489860849e-01 -2.370451704510410929e-01 -1.385546632738922090e-01 -1.952420766962062737e-01 8.853739326675902355e-01 4.155400768526376076e-01 -1.507626529495951495e-01 8.972760969228047445e-01 -3.414429879781532562e-01 -1.544882792628728130e-01 -1.109277231063767466e-01 -1.948724149561806840e-01 -1.226369347401107118e-01 -3.124408660522559611e-01 -1.109564395996582992e-01 7.445430104796312287e-01 -1.080321128170131789e-01 -2.430750947276115737e-01 -3.628689472992647214e-01 -3.544520588251472981e-01 -1.151891142603009566e-01 -2.755536594261930872e-01 -1.109277238458223763e-01 6.954418221956028268e-02 -3.484633783996272660e-01 9.558796634731578923e-01 -2.640379353061450551e-01 -3.374519611986041556e-01 9.999999828528804979e-01 -4.157630434510254935e-01 -3.974142487815134350e-01 -2.216039662565702228e-01 -1.628415345638437040e-01 -4.166491811677902057e-01 9.999999830315131621e-01 -7.826991669868037238e-02 -3.375448406449225169e-01 3.992119154005283055e-01 -1.109377502213523409e-01 -4.056655192086188189e-01 -3.126429078653519267e-01 -2.732067149619608060e-01 9.440318402928705721e-01 -1.178976818957471473e-01 -1.115077441309720724e-01 -1.304766789571813468e-01 9.994846088181011945e-01 -2.628221769607712588e-01 -3.448784595907893324e-01 -1.788692502454953814e-01 -3.229649399161955703e-01 -1.110176350241911941e-01 9.814056634969938742e-01 -1.253435705011794743e-01 -2.081539049962942145e-01 -1.754315688381846428e-01 -2.117178176974246762e-01 9.999999828403202118e-01 8.848014687272612866e-01 -2.974815767274719414e-01 -1.111352128406297435e-01 -1.720111202164277264e-01 -2.190242803574453945e-01 9.847663534554187414e-01 -2.287876168833119506e-01 -1.345022242218095188e-01 -3.780474946385807833e-01 -4.033268941780861483e-01 9.382963444638333650e-01 -2.180842023417994546e-01 9.964818228098578645e-01 -1.076847503651097437e-01 -2.976221140973174806e-01 8.956680560663824453e-01 9.492379936545166652e-01 -3.482514682063845290e-01 -3.546146897622865501e-01 -1.294085009347099580e-01 -3.988346432114613926e-01 9.150734891553690131e-01 9.981274407819099581e-01 9.458556675893772248e-01 -1.286463634207232198e-01 5.683619666048422836e-01 -1.259788739591953532e-01 -2.215472757432865591e-01 -1.179854371708899119e-01 -9.221455330520197946e-02 -1.620268734535059152e-01 1.069685223561050030e-01 9.871639251009529659e-01 -2.340165663979854593e-01 8.411879284983715399e-01 6.511735196351778887e-01 9.172848557313882933e-01 8.264679894947599692e-01 -2.154445228351779124e-02
-2.077657519791568652e-01 -6.653397263449535581e-02 8.838683272722887008e-01 1.000000000000000000e+00 -2.084573350579902173e-01 -2.138310662745554480e-01 -5.656437114750179768e-02 -1.417903498869299839e-01 1.487745663236808916e-02 -4.381793011982298980e-01 -1.484433326909501971e-01 -1.677987811655108907e-01 -1.791121026834088803e-01 -2.129319902278968557e-01 -2.088059726368118596e-01 3.935050303498089375e-01 9.869582715600743184e-01 -1.919075604930088330e-01 -6.855059003986752053e-02 -1.722285777472738961e-04 -9.390184754036416670e-02 -1.515890067161215771e-01 -2.286674237733249682e-01 -1.595541684962114848e-01 8.838834120805235672e-01 6.574380185436386193e-03 -1.367863378085889536e-01 -3.162324909580471188e-01 -1.886760418493739488e-01 8.876832014972175777e-01 9.039168635210402813e-01 -6.626898704814092322e-02 -1.375977148249136472e-01 8.838676893311409044e-01 -1.455250768615038992e-01 -2.320337627241917111e-01 3.465453266163034951e-02 -1.024328640412418556e-01 -9.844867566320020247e-02 -1.456762299363488777e-01 -2.462471204877708653e-02 8.811262190475886991e-01 8.803451865588362013e-01 -1.843345889530391968e-01 -1.960669562149277845e-01 -2.112412526349409791e-01 7.136220664658159407e-01 5.610608813561051011e-01 -1.876458484521615067e-01 9.901234795226081520e-01 -1.262795785170759966e-01 -2.238944857937586741e-01 -1.814513121579843236e-01 9.412611543636292821e-02 -1.751774618841594466e-01 -4.030481047220179081e-01 -1.814869451972256631e-01 9.425225801855421359e-01 -1.835303394744018379e-01 -3.023337386938900750e-01 -1.567842423575331046e-01 -2.280616125100094482e-01 -1.586855230466722722e-01 4.746399863482608783e-02 -1.814512238606354189e-01 4.100256749608353068e-01 -2.394428180054326838e-02 8.005564593082508118e-01 -2.708537702233799194e-01 -5.214175677556905919e-01 8.838832766921245199e-01 -1.437204965838911885e-01 -4.079222036417086139e-01 -7.778499163618331214e-02 -2.306823657287248031e-01 -2.277147200216911027e-01 8.838834534002258936e-01 6.814806514231183665e-02 -3.783633493199853315e-01 7.532571467130830811e-01 -1.814626390915458076e-01 -2.707494516483308633e-01 -1.268384010514606031e-01 -3.886060558574405688e-01 8.576283512731882608e-01 -1.445503726632637320e-01 -1.819206095693452763e-01 -1.814322965045125635e-01 8.803140346722492238e-01 -3.064156009735999331e-01 -1.519119656660949391e-01 -2.781701262046219481e-01 -2.902976855844965343e-01 -1.524290601881706231e-01 8.704260105308602169e-01 -2.002957957830696911e-01 -2.229632830897915474e-01 -2.783914486223164619e-01 -3.415087880513461016e-01 8.838835307317544077e-01 7.596182734597107800e-01 -1.100811799296113301e-02 -1.814708262438966546e-01 -1.251537555585048311e-01 -1.587487703169670472e-01 8.580077454053672836e-01 4.287705025922155383e-02 -1.981147701014004114e-01 -9.916952443559370889e-02 -3.870511396965641837e-01 7.580285689060896059e-01 -3.443620370741491965e-01 8.707330098476780966e-01 -1.784516569672001673e-01 -3.846371815269593042e-01 7.896046315333615784e-01 7.885375126600890905e-01 -2.058409759364212832e-01 -3.985027154730515497e-01 -1.695459414703583134e-01 -1.636911738045755405e-01 7.396410329505910264e-01 8.758072831044583229e-01 8.138314319961422738e-01 -1.622812333016672159e-01 7.050272716849732557e-01 -2.007874373551236935e-01 -2.769980401248173796e-01 -1.705592856758250120e-01 -1.359281725402811114e-01 -2.288838539565115904e-01 1.881420583846927022e-02 8.675219255703418009e-01 -1.649664897634263716e-01 9.899473186105128830e-01 8.585336185882990190e-01 7.922505470364427094e-01 8.270144839414231841e-01 -3.059590634748627150e-02
-1.557619589813294680e-01 -7.902152650455142313e-02 -1.149324923366162182e-01 -2.084573350579902173e-01 1.000000000000000000e+00 5.059197275454472287e-01 3.024828246689816869e-01 3.119772334614543952e-01 -1.351139747383079959e-01 3.964314633024026979e-01 -1.949174052809412305e-01 -3.865973467557083931e-01 6.269878996524038683e-01 -1.185044697053337509e-01 4.736244391920316765e-01 -2.813046127585703271e-01 -2.457610982770552510e-01 5.779174173877719145e-01 -2.584735516247857467e-01 -2.154633505039378338e-01 2.084464515506067317e-01 2.090159431146167979e-01 -1.974393577323558524e-01 -1.678778456435593147e-01 -1.149141657525798860e-01 1.604458542832053192e-01 1.287096276291844477e-01 3.645535060689183982e-01 -9.213594393913492053e-02 -2.497563412503942260e-01 -1.887503320642975879e-01 2.368040548235989251e-01 -1.759869824754124179e-01 -1.149081330885658031e-01 2.998996242007337387e-02 -2.640310234705537384e-01 1.683665706216824487e-01 2.094462758345274900e-01 3.488636135655197035e-01 1.145221299869588483e-01 1.995123062035324690e-01 -3.112305679278796755e-01 -1.231553857364163646e-01 8.708510411429089618e-03 -1.789010482638324073e-01 1.776495287894803710e-01 -2.518840909499546199e-01 2.461215447133026091e-01 1.695978858544295587e-01 -1.922601722208889530e-01 3.104429344868642193e-01 1.332727639761543126e-01 -8.270009996627224191e-02 3.998135857320541109e-01 1.908317190183166923e-01 -3.425938433621306123e-01 -8.270228965513901076e-02 -7.748272218129248490e-02 -8.464675322961323634e-02 -3.026866633147310415e-01 -3.730894881521739093e-01 6.260887408076160066e-01 2.105191272607522812e-01 9.642356781222934103e-02 -8.270082113013554892e-02 -7.443011242616099331e-03 -4.058278462020709076e-02 -1.317541070227100097e-01 -3.239820210004596968e-01 5.015536319262163811e-01 -1.149141938558178450e-01 3.714272268626093720e-01 -3.645433346725986817e-02 6.973956401421038676e-02 -1.890493148205315554e-01 3.158167710608659196e-01 -1.149145674880721196e-01 2.989786302210843405e-01 6.030065469375770482e-01 -1.368243184051040895e-01 -8.270625075608728505e-02 5.562794747494169689e-01 3.131182848395580032e-01 1.713395333214374205e-01 -2.310189087873257829e-01 -1.731770112547380558e-01 -8.349593725945747558e-02 2.670166295631189457e-01 -1.142476321133177597e-01 5.111101411964034114e-01 3.366533383946276325e-01 2.401181643072469452e-01 3.692268162738554516e-01 2.150333234616810807e-01 -1.623331432188835632e-01 -1.029389344995398220e-01 -2.069525212188195740e-01 -1.883446395311176580e-01 -2.539425849517441547e-01 -1.149150460484590214e-01 -1.215757955459396966e-01 -1.904259680093864093e-01 -1.602113959175922309e-01 -5.967539349805950355e-02 4.894342651357926344e-01 -1.087499259904786825e-01 3.380647417018227130e-01 -2.709595211061912590e-01 2.436812734214841847e-01 1.390717682775811925e-01 -1.637920255224707966e-01 -2.418791949061429025e-01 -1.336789545564491255e-01 -1.606779265157867453e-01 4.889663773714882367e-01 -8.693444775732293850e-02 -1.024333301775016414e-01 3.759115746828886051e-01 2.003989626541202440e-01 -1.657171689470800235e-01 3.027908345261931533e-01 -2.275184840122241280e-03 -1.187215379993616371e-01 -2.034937940896211217e-01 1.950802260660649268e-01 -7.580400203341532139e-02 -1.039294367407592179e-01 -2.542941087856846472e-01 2.035151903144594154e-01 2.132461574014766770e-01 -1.892690822385861282e-01 2.712800818188929042e-01 -1.554960915956523360e-01 5.950091807145008183e-01 -2.294768069921695464e-01 1.750539923960620775e-02 -2.163114986249498051e-01 -3.292039689321220042e-01 1.116125085341258538e-01
-4.413664624638976262e-03 7.715701312166785286e-02 -4.107192527562064654e-01 -2.138310662745554480e-01 5.059197275454472287e-01 1.000000000000000000e+00 3.274722743102779221e-01 7.958823108088950438e-01 -6.970924998821138863e-02 4.465150478556580982e-01 -3.997811425449008804e-01 -2.403313295241429892e-01 8.870830248763597048e-01 -4.109032575857349268e-01 -1.191492250411967102e-01 -2.657050403871567545e-01 -2.116863629744430708e-01 4.745163730956424852e-01 2.682057396730372911e-01 -2.568751873809536068e-01 -2.972584615370627570e-01 -2.715549881864441351e-01 -3.427654093294216220e-01 3.923990137724090443e-01 -4.106512522836379686e-01 5.527305966906371770e-01 6.329377998777878656e-01 7.554019975488581728e-01 -3.175221028294343828e-01 -3.706249423139078014e-01 -4.197387570631024856e-01 6.687394081238789978e-01 -4.223104083155772570e-01 -4.107295912322849740e-01 -6.028405499561748787e-02 -2.448335752664009546e-01 -3.448082853323177766e-01 -2.931366523526446333e-01 7.514815395440166412e-01 4.086355294897908025e-02 -3.296182867921281234e-01 -1.754171511317413057e-01 -4.150365172675825054e-01 3.159832658116626947e-01 7.514020579521939192e-02 -5.006557354688387362e-02 -4.300899335347171393e-01 4.426619661966892938e-01 -2.612485150706713166e-01 -2.455597582764206255e-01 8.026339320862619919e-01 -2.317970844216856730e-01 -3.184188094579375461e-01 7.795948608041812777e-01 -2.835648301092276169e-01 -3.757869049361196034e-01 -3.184535686474315730e-01 4.653923004685484727e-02 -3.433007406108269932e-01 -4.802437828215251336e-01 6.347293776353382655e-02 8.981227088064736019e-01 -2.706175522198440708e-01 5.482332411645598480e-01 -3.184189562641397964e-01 5.393845335636555660e-01 3.005336884328549396e-01 -4.849912660900044803e-01 -2.251585236736687867e-01 1.934034549630505861e-01 -4.106528510224013440e-01 7.958774720162562488e-01 2.853362714558257962e-01 1.021391106942141080e-01 -5.504908796761712741e-01 8.291042028730934987e-01 -4.106517284770151432e-01 6.660367932365668375e-01 4.807905746699054350e-01 2.083580082131720745e-01 -3.184430645529504056e-01 9.394560089209381681e-01 7.566232208031123951e-01 2.553974119549566324e-01 -4.468197491383185116e-01 -4.385044261088747453e-01 -3.190627582855444233e-01 -2.488613634610392644e-01 -4.199254431106323460e-01 4.060628287222725619e-01 7.712327803442552421e-01 -5.546177797212099858e-02 5.923474323587958335e-01 -2.682867459561630308e-01 -4.589810767802431912e-01 -3.680252452552921771e-01 -1.391754349688115178e-01 -2.488908525450078124e-01 -1.433451656805713181e-01 -4.106510664114744191e-01 -2.119925115158592388e-01 1.778069431041610082e-01 5.001713940864487007e-02 4.007369620593899395e-03 4.133414128319031211e-01 -3.378431074646630616e-01 7.828116707163135235e-01 -5.228452203258575626e-01 7.562330629589775199e-01 5.872136563919442276e-01 -4.206419901135678985e-01 -2.266386113067936914e-01 -4.194260093569828762e-01 4.860513635267764421e-02 1.858372759416222764e-01 -1.900511332983467194e-01 -3.385074910544667581e-01 8.232133872360464233e-01 6.132043875323276438e-01 -4.649164100777534170e-01 9.056595362285239093e-01 -2.891819556838699512e-01 -4.299256737185619959e-01 -4.204622348815725830e-01 -2.605939960598792071e-01 1.480540939759787122e-01 -3.739025741027331429e-01 -4.883831590014282575e-01 -3.132218292853733987e-01 -2.766384134316820509e-01 -5.491400335211817918e-01 -3.507146437054511900e-01 -4.554617575244734318e-01 6.382952895582785224e-01 -2.007904020297213155e-01 1.364039058965322015e-01 -3.824108179282115216e-01 -3.058814351787281782e-01 -2.117371829957451490e-01
-3.858677271245896656e-01 7.253964486529344002e-01 -3.038569809839424263e-01 -5.656437114750179768e-02 3.024828246689816869e-01 3.274722743102779221e-01 1.000000000000000000e+00 5.916492069443976543e-02 2.038740740210803204e-01 3.793972111555173748e-02 -4.523546509122636228e-02 -9.313909167561788827e-02 5.487142998385289294e-01 -2.301249974830845424e-01 3.275688381802125959e-01 -6.920562101014958722e-01 -6.822588454575571892e-02 5.159437300434115414e-01 2.013707651648000974e-01 2.148042232211342661e-01 4.021812456079313369e-01 4.050031305864267295e-01 -4.383150696830191984e-01 -1.228171230214747112e-01 -3.038106984771747898e-01 5.684387866567944814e-01 1.415169438985457995e-01 1.094170011492145850e-01 -2.327768789629519608e-01 -7.951052697501506672e-02 -1.786821243257349923e-01 7.917482564647823629e-02 -3.510428558759863538e-02 -3.038138979090428959e-01 7.203411815615249347e-01 -1.598960889991966061e-01 4.363888131465649689e-01 4.049225561703807541e-01 1.812104708782940055e-01 8.079999162460530515e-01 3.785118531079819104e-01 -2.662522131252248458e-01 -3.217476188333289189e-01 -3.421259648735899828e-02 -2.965741962232850693e-01 7.291415804940362122e-01 -3.735957660412342340e-01 -1.379406956735444202e-02 4.870402011701278622e-01 -1.534584176852593629e-01 1.305142383029804232e-01 2.178685767299068099e-01 -2.165848554960827788e-01 3.133754018867720981e-01 3.695523225935228862e-01 -5.019823306703350418e-01 -2.166067167167084750e-01 6.608156953560695435e-02 -2.168602617039992742e-01 -3.871496575931053230e-01 -6.780961845414822109e-02 2.125078092579531785e-01 4.172776121661059268e-01 7.668100130457099484e-01 -2.165848740552903662e-01 6.797691514940408519e-02 2.069086339608553204e-01 -2.963705352994241427e-01 -4.495106448963669399e-01 -1.375253033228569233e-01 -3.038092646482606907e-01 3.051724940827522103e-01 -4.677176703949846581e-02 8.170766263581795696e-01 -1.813918492017333461e-01 2.230538146705019764e-01 -3.038108738228011418e-01 4.366851787929152545e-02 2.568905664949590606e-01 1.787426691455041017e-01 -2.165881386435546674e-01 4.398776213103376409e-01 1.365179795672012975e-01 1.157392582629294397e-01 -4.026221821032351378e-01 -7.324816217246100936e-02 -2.153846440905509141e-01 4.220769894354398089e-01 -3.114293353016369115e-01 4.528848224701270131e-01 6.491275650703211275e-02 2.077445750476374087e-02 2.328549502833586748e-01 4.203756045397424868e-01 -2.355319193041320314e-01 -2.280059690602272426e-01 2.922640724879778662e-01 -4.454809373238540204e-01 -3.203766793669795554e-01 -3.038119484165550110e-01 -4.988104431939340278e-01 1.558548375730052504e-01 -4.127492611942650269e-01 6.841373045685735788e-01 3.889924276145592108e-01 -3.676381699417370919e-01 1.289527299132858240e-01 -2.697140610313735754e-01 2.950469559214624615e-01 1.637854228055414252e-01 -5.133800993907273735e-01 -5.013985627063503037e-01 -3.424944468674517850e-01 -4.139575883218104546e-01 -2.838836824123439420e-02 -4.513614552132842461e-01 -4.382816543650412400e-01 8.004222680100839260e-02 -1.767965429872989103e-01 -7.595487019371431614e-02 2.347208220092698028e-01 -5.080356650176515165e-01 -3.216095085403404830e-01 -3.292168622714709558e-01 4.867795108802941972e-01 -1.728393959954902803e-01 -2.257570992688136269e-01 -3.359312475503072881e-01 3.932602799355783829e-01 4.153823446493372096e-01 -1.780341044072068224e-01 3.693668359483610053e-01 -2.763308600889569089e-01 4.633604362013502564e-01 -7.859311521129529188e-02 -6.418399727773051178e-02 -4.830142585992946991e-01 -4.626441238304762060e-01 6.545810738314032928e-01
1.402125900172514483e-01 -3.591765676531397111e-01 -3.216284604281937631e-01 -1.417903498869299839e-01 3.119772334614543952e-01 7.958823108088950438e-01 5.916492069443976543e-02 1.000000000000000000e+00 6.392550672453642391e-02 6.820649081855536533e-01 -2.771003462414663998e-01 1.292391615745482614e-01 4.901503785251378198e-01 -3.582023933381533465e-01 -2.516139668892528602e-01 -1.341370451294211230e-01 -1.198853494932946850e-01 -7.110105416183200300e-02 5.010985075433195546e-02 -1.620804169582747145e-02 -3.229864345998071373e-01 -3.084264262311225413e-01 -3.492330623247155152e-01 5.872324432125787252e-01 -3.215653611164876469e-01 3.750062175982959989e-01 9.434859562310325964e-01 9.516068053463219156e-01 -2.935155781513011375e-01 -4.337017934158974852e-01 -3.860968923814429021e-01 9.462135275700475079e-01 -2.852440679920036914e-01 -3.216122216696242209e-01 -4.393782479761916826e-01 -7.145726359525109150e-02 -4.136116342522425104e-01 -3.197113232754561496e-01 9.803215722562084178e-01 -2.037322257304586548e-01 -3.483741522528609469e-01 -1.694766235785910014e-01 -3.291960349645288719e-01 7.637342177656840647e-01 1.221467018551366246e-01 -3.523478533309404859e-01 -2.039232856109701175e-01 6.100334535592399909e-01 -3.656824163165295904e-01 -1.118435697995773248e-01 9.620280052130171233e-01 -2.029665271681498351e-01 -3.020131543874571278e-01 7.759553979000546331e-01 -2.922908336762431447e-01 -2.446272568361847477e-01 -3.020193002501971313e-01 6.165226032746592283e-02 -3.252802314396839867e-01 -2.973908507910897892e-01 4.247977527485344851e-01 6.868820780255475711e-01 -2.961104320399725598e-01 1.795704972679107170e-01 -3.020134609303689044e-01 7.603635104328256844e-01 6.314705428015233712e-01 -2.895852065349482918e-01 -2.990800300000990286e-01 2.870089358500229060e-01 -3.215670663886129876e-01 8.957404546718672478e-01 2.980952617749804134e-01 -2.315204259313689283e-01 -3.988016057297996131e-01 9.699738927499277352e-01 -3.215659550942726042e-01 9.500996650106925401e-01 2.105127155992062571e-01 3.554926345078014416e-01 -3.020267059184752467e-01 6.602635385246550248e-01 9.888444718502176212e-01 -1.959855983765206311e-01 -2.536754596681971008e-01 -2.718497675593106178e-01 -3.034477080831609608e-01 -2.891929731319763941e-01 -3.308393964583730140e-01 -1.543281185405527833e-01 9.882970526586021265e-01 -8.473025303178259582e-02 2.014183590151166214e-01 -2.998167837813391912e-01 -4.071964568423559472e-01 -3.339860313281784454e-01 -1.404284560216410571e-01 -3.477954341691414375e-01 1.421989461709332603e-01 -3.215648354537355980e-01 5.299983300160831384e-02 4.656294046269951470e-01 1.832856601881580894e-01 -4.092870075022091991e-01 2.016506100612123001e-02 -2.730592223184649114e-01 9.229654365918258385e-01 -3.284260839360421680e-01 8.985313238352738985e-01 2.317802606473405302e-01 -3.533056832443075002e-01 -3.349585926677350889e-01 -3.383028964054758947e-01 1.822261521805672579e-01 3.019372063751934454e-01 1.403380862523395667e-02 -2.841957770179969200e-01 9.526774053772669726e-01 5.483682435315329062e-01 -3.002937054173462905e-01 9.561706636254498903e-01 -2.411531343128511251e-01 -3.400730325780884078e-01 -4.725211092402604174e-01 -3.456024690197222471e-01 5.093713237010529804e-01 -3.363901805819398683e-01 -3.992514356547942067e-01 -3.377442285239529163e-01 -3.065376012821360852e-01 -3.959725278979892571e-01 -4.113339685873033669e-01 -4.137168018281510151e-01 8.756896206707029395e-02 -7.954206244304473650e-02 3.224580840187548647e-01 -3.388943428127288993e-01 -4.133756937330318459e-02 -5.015686343507561595e-01
-2.370440022600364405e-01 -2.144271832001300448e-01 -2.832557986795965488e-01 1.487745663236808916e-02 -1.351139747383079959e-01 -6.970924998821138863e-02 2.038740740210803204e-01 6.392550672453642391e-02 1.000000000000000000e+00 7.054790837627164524e-02 6.366495785405152930e-01 7.015439327523145252e-01 -2.421865698896162947e-02 1.431373286615423845e-01 -4.042754154903582808e-02 -3.701887980934150946e-01 2.490318935127095595e-02 -1.303509529263086886e-01 -2.711664694204262704e-01 8.862022780113741893e-01 9.017365953207189672e-03 2.627533103293976449e-02 1.586180722835050030e-02 5.982098845798693443e-01 -2.832518948687983706e-01 1.704700965098648047e-01 1.713226114302375536e-01 -3.254017748558528378e-02 1.100164184041127870e-03 -1.951165863689618141e-01 -1.981014603916225747e-01 1.527420970214301565e-01 5.996904522044721464e-01 -2.831543805240328004e-01 -2.136699500410936814e-01 3.171622622661539603e-01 -5.744416462954651109e-02 1.173095902099101188e-02 1.695205142893485006e-01 -5.277324403564242344e-02 -1.320026645683383681e-02 -7.867686443908342847e-03 -2.848011826239033595e-01 -1.927486165915176172e-02 -3.412469933347638817e-01 -2.499127629112652960e-01 -5.027876978352862070e-01 9.334850697060516345e-02 -4.889210055436642860e-02 4.950424206665541421e-02 1.310534303589737937e-01 -9.696739498724016304e-02 5.453385653428249706e-03 2.502965890752433809e-01 1.401214601017255514e-02 1.981089882076926822e-01 5.524848414698736027e-03 7.751882875085717994e-02 1.836442786426203261e-02 5.257852958261852727e-01 5.398533030213714667e-01 -7.604164541418829970e-02 2.899224465734653866e-02 5.667723170470879979e-02 5.452904447472035725e-03 3.275519102420044182e-01 7.608182623084862595e-01 -3.290504475372617033e-01 4.052302826909893185e-01 -1.966980075902554082e-01 -2.832520325566262875e-01 3.841452447532635039e-01 1.815134021288758101e-02 -9.911747990974278943e-02 5.416635355011679698e-01 5.058339632499581767e-02 -2.832516627465924142e-01 -2.174487328217273099e-02 -2.016558710122085263e-01 4.565302134369285669e-01 5.495579821190098996e-03 -1.686031008592995817e-01 9.000970637983263245e-02 -3.738989500638096874e-01 -1.469189458848438601e-01 6.333453086387685893e-01 5.997886037207549557e-03 5.164632642389530709e-02 -2.846649670007007082e-01 -2.710243365864118958e-01 1.403346051767372926e-01 -1.326423286272734869e-01 -1.287155793791548430e-01 2.789384906645656775e-02 -2.361104580488500027e-01 7.666009503066335828e-02 1.868889297943545358e-01 3.233256855394964213e-02 -1.664304383514378094e-01 -2.832522069400945086e-01 -3.980001747924503674e-01 7.755818538832637277e-01 -2.832500733436328355e-01 -2.773996150634131519e-01 2.422510003579072049e-02 -3.637819445363741910e-01 2.656222318593901566e-01 5.422816466530674395e-01 2.633000783604640960e-01 -3.498455721579482591e-01 -3.912699062161547614e-01 1.168257530073232714e-01 -2.779461995028086885e-01 -2.843576595470976853e-01 -1.036316806074620150e-01 -3.500590406946281208e-01 -3.392262054061021548e-01 -1.047926266171365500e-01 -3.727545178966417683e-01 6.234516629317353731e-01 3.982801342978998377e-02 -2.803678974916665179e-01 -2.865569579575962256e-01 -3.573563886298761760e-01 -6.323950692002819687e-03 4.020290485549627563e-02 8.516612487317733182e-02 4.778215282806043684e-01 2.295821309398748955e-02 2.251944736436591044e-02 5.483877748143848319e-01 -7.909445103041194691e-02 -3.021572775987273474e-01 -1.253151126777611035e-01 1.081634291762035432e-01 2.071748978167733124e-01 -2.144372256154098988e-01 -1.954565592828564069e-01 -1.845202957118847187e-01
5.395035271743420235e-01 -3.038164135767083551e-01 -4.366201279768545662e-01 -4.381793011982298980e-01 3.964314633024026979e-01 4.465150478556580982e-01 3.793972111555173748e-02 6.820649081855536533e-01 7.054790837627164524e-02 1.000000000000000000e+00 1.263692521122673496e-01 3.660125160779573866e-02 1.968483978802233747e-01 -3.875454734410400670e-01 3.289808239374318599e-02 5.301291824779462425e-02 -3.687416591281607037e-01 -1.978377838968074787e-01 1.586531574106444242e-01 1.977652745979052995e-01 2.299379686897771655e-02 3.914657291123427307e-02 -5.318780105936382618e-01 5.526619576586182525e-01 -4.365316029307602097e-01 3.222110672997910985e-01 7.393948748273586613e-01 8.244918241862716490e-01 -4.063021794021299815e-01 -6.210117783572123296e-01 -4.820352583907241972e-01 7.334990245342040138e-01 1.377168267808481505e-01 -4.364838838907113550e-01 -2.191642715170255828e-01 5.162690812350418934e-01 -8.603273781757012073e-02 2.723561709547466653e-02 6.914526886037098974e-01 -1.369985614206146451e-01 -1.127560834437842108e-02 -6.629346402437847896e-01 -4.549352902199944038e-01 7.852014229232274767e-01 4.591633368156607387e-01 -5.632535219660050885e-02 -3.478914998108011414e-01 1.433560270315598073e-01 4.662827075424031201e-03 -3.877922330429278142e-01 5.051725727038730573e-01 2.760211626281041108e-01 -4.265989718496219774e-01 1.971810375761422485e-01 1.194613558710185403e-01 -2.749205135953576296e-01 -4.265460367299929723e-01 -2.610826829517476355e-01 -4.333333569502152982e-01 7.728049002158554615e-02 5.616863271836202154e-01 3.782227279007684406e-01 5.625532095031908486e-02 3.230367100110202727e-02 -4.265994486842299982e-01 3.574217060066642859e-01 4.495309670408156877e-01 -2.771499816303092389e-01 -3.997214012515772352e-01 8.124469757031947958e-01 -4.365317933003249884e-01 6.018175165652274172e-01 -8.814298050931745898e-02 -7.538718908752203851e-02 -1.002399876033540638e-01 7.239463604542368813e-01 -4.365320421956111474e-01 5.731823995596034838e-01 2.328229215827137544e-01 -4.113580152135648538e-02 -4.265877191371936217e-01 3.474302914376274365e-01 6.693925062631701506e-01 -3.730485176916508161e-01 -2.490106905429227135e-01 1.374866593722049446e-01 -4.272980838601518894e-01 8.351827638880889026e-02 -4.504772357081192058e-01 -1.502014074038298674e-01 6.400809701698405574e-01 3.743060722143629060e-01 4.083179143462526417e-01 5.203734155297289055e-02 -4.629851088315839469e-01 -4.113171727067145844e-01 9.598920150533027384e-02 -5.415210886879481267e-01 -1.160728669083163495e-01 -4.365307273544359878e-01 -1.729986164201836873e-01 2.946505831433386402e-01 5.152236770035554247e-01 -2.389276131145216531e-01 -5.222532825608379448e-02 -4.670393121880117016e-01 4.500976397322714595e-01 1.083176203324715398e-01 4.260945033678253946e-01 3.441017362562082682e-01 -5.575398409285461376e-01 -4.495973388942815507e-01 -4.570697295360633405e-01 5.138881243198669679e-01 7.345377873419608461e-01 -3.272606769406306015e-01 -4.465597352422229216e-01 7.214433524073735615e-01 6.795774540535676200e-01 1.249142761407344288e-01 6.195931390498021774e-01 -2.701335975859449623e-01 -4.656613356954071858e-01 -6.588440029727828939e-01 2.552160635578967860e-03 1.886880888911581788e-01 -4.066261938564575962e-01 -2.855278634436484997e-01 -1.952150560540617547e-03 4.383613008996910948e-02 -9.036533723082568192e-02 -1.069347815152779657e-01 -5.377567551185632455e-01 -1.236741331559020607e-01 -3.585186629009251003e-01 -7.467238201571550771e-02 -5.011045299302947509e-01 -3.404875123202124598e-01 -2.470111864871289975e-01
-8.064042696092769968e-02 -1.261657824023768859e-01 -1.344275464237652540e-01 -1.484433326909501971e-01 -1.949174052809412305e-01 -3.997811425449008804e-01 -4.523546509122636228e-02 -2.771003462414663998e-01 6.366495785405152930e-01 1.263692521122673496e-01 1.000000000000000000e+00 5.387032856013319604e-01 -4.241425246764166102e-01 7.582396173358509073e-02 -1.720356264306915350e-01 -1.045716568579467265e-01 -1.681373717263852374e-01 -3.297519440516999412e-01 -1.958587545657493878e-01 7.984121650804664183e-01 -1.102205433849688665e-01 -9.980692372947244650e-02 -5.730777786394714024e-02 3.366687249556483685e-01 -1.343981373640060761e-01 -3.291973039946123336e-01 -1.447192667716541425e-01 -1.707636595002761382e-01 -1.482783727999553991e-01 -4.521125497431098539e-02 -7.167105654888154993e-03 -2.248742632687199816e-01 9.919938243019688073e-01 -1.342262009026212455e-01 -1.348984266499520801e-01 6.045431114877530820e-01 -1.304354636916183474e-01 -1.088810135890274505e-01 -2.262490323239949308e-01 -3.117827348355907136e-01 -1.208215810894071041e-01 -2.570185118256656520e-01 -1.394594778245205613e-01 -7.245764684709335435e-02 -1.667120402133492052e-01 -1.573104523866517834e-01 -2.824183660697077158e-01 -2.148064536561252458e-01 -1.378583948156826278e-01 -1.091317041068373683e-01 -3.199731707407398873e-01 -1.599200272330815464e-01 -1.461769399783732770e-01 -3.250246657392336647e-01 -8.391332663589722018e-02 1.792141811145907815e-01 -1.460594406765716169e-01 -1.586242472877809062e-01 -1.268323426510954421e-01 7.709823897645465829e-01 4.924177711357896614e-01 -4.855040950517173770e-01 -9.433092006841535537e-02 -2.471905507457470286e-01 -1.461776835726402157e-01 -1.864970108768214119e-01 3.378623340434257494e-01 -1.296454166888305615e-01 3.532826750264234095e-01 -1.333068334753918435e-02 -1.343985530801911632e-01 -4.328926270783241270e-02 -2.856883608170558003e-02 -2.183345658326623084e-01 7.814775184246636197e-01 -2.050380598265433008e-01 -1.343980115611706216e-01 -3.551166418090664356e-01 -4.138884365707613533e-01 -1.067169806992399397e-02 -1.461138349639098666e-01 -4.082506132601587678e-01 -2.606044072517946231e-01 -2.785554734478906114e-01 4.006242477719781231e-02 9.869970551846529716e-01 -1.443757414299517150e-01 -5.747725436304663288e-02 -1.402878383090891412e-01 -2.584651842514370523e-01 -2.793572103567005249e-01 -1.813891120674875901e-01 5.970685708543761044e-02 -1.006742334393477822e-01 7.427301184362892442e-04 -3.223833441553033280e-02 6.950875926020849693e-01 -6.401082002173301422e-02 -1.119329253216842651e-01 -1.343986898782409678e-01 -3.138781314872283179e-01 4.503270423853287241e-01 -1.461740018689078879e-01 -1.342004519801689166e-01 -2.488743124389760364e-01 -2.502098378583960669e-01 -2.816617332367472581e-01 8.893068270963255806e-01 -2.477213959370974106e-01 -1.994249487393850440e-01 -2.360946911897573164e-01 1.771758694741127627e-01 -1.167869613726597311e-01 -1.467047902357055678e-01 -1.845630584067679270e-01 -3.246113278752866815e-01 -1.643165408478625966e-01 -4.449601638018653715e-01 -2.245781748964235935e-01 9.818099444185880431e-01 -3.020628618510541874e-01 -3.271188749523352285e-02 -1.457322584487716621e-01 -1.837224761734813916e-01 -1.135775890517397857e-01 -2.155241101644965740e-01 -1.860474712127262523e-02 5.486458864980684469e-01 -1.228314895138765961e-01 -1.034509413374826575e-01 7.951895351528189826e-01 -1.839375898091867856e-01 -1.296658713867588075e-01 -2.967203064934069157e-01 -1.071295107217343917e-01 -1.956240178611516334e-01 -5.689868297174274780e-02 -3.261933667604763332e-01 -1.837204155380587067e-01
