1.000000000000000000e+00 3.761498780462950164e-01 -1.756447780501789180e-01 1.177257217508580339e-01 -1.064839646371620180e-01 8.275393041178380482e-02 2.867714408614668951e-03 -9.394283464904189598e-03 -1.457871921689394834e-01 3.483604452566186893e-01 -4.606335319595111083e-02 -1.440192763356308303e-01 7.788171345400411727e-02 6.476608816048651240e-02 3.561843437394957360e-03 8.158599762636491448e-01 2.493490245120298932e-01 -4.218369623448939981e-02 7.719846762441687771e-01 -1.683179346595582160e-01 1.277791916283818330e-01 1.732419247248752070e-01 -1.999139335027324271e-01 2.252482850341672727e-01 -1.808525584703226663e-01 6.922178943104971838e-01 1.245621063808676626e-01 9.550721987006166591e-02 -5.492521585174407750e-02 -5.350006426285241340e-02 6.823793102268108091e-02 1.141647443373136755e-01 4.576778264771522164e-02 -5.812905251992785960e-01 4.454293263626038502e-01 -5.883710662410841091e-02 3.721541116910039720e-02 1.437972617172039169e-01 -1.664123190156259480e-02 3.496104240547463771e-02 1.949021146349345368e-01 -2.673397412665731165e-01 -7.249977754725779600e-02 1.128016972540419882e-01 9.784869105611720963e-01 3.054863190257249839e-01 -2.083735996315085603e-01 -1.338434843017378695e-01 6.607177798237707789e-01 2.817052936416812869e-01 -6.197428302628439634e-02 1.780189557699282943e-01 -1.328134637262774476e-01 -2.369576505105149000e-01 1.797845274239916746e-01 -5.024301476617973328e-02 -1.531981758154496165e-01 3.739326722680077486e-01 -1.503525267730413395e-01 -3.923199957528503146e-02 3.474319690180114328e-01 -1.585461059759284141e-03 8.609457106026316420e-02 5.171358546532361933e-01 -1.487849203997669290e-01 3.131591714511019475e-01 3.184946971666722387e-02 -6.854037481343885907e-02 -1.079072812955889915e-01 4.682737709119427771e-01 -1.777429790362748119e-01 4.174307729760096120e-02 -3.904118309699087241e-01 5.154085770878581441e-01 -1.401497607929674538e-01 4.489866921530848848e-02 -1.683129924900788887e-01 -2.076913408129391417e-02 3.104137242112126049e-02 1.407024588584299962e-01 -1.161249083383399244e-01 2.695179616713577059e-02 -4.436451797392080426e-02 -2.620400586054021930e-01 2.675563012564536880e-01 -5.830227855395934272e-02 -1.747582927239640371e-01 3.692649719333378211e-02 -1.741183666075095671e-01 1.558018039674974597e-01 -3.169236851320676035e-02 5.092199419150508222e-01 3.081081560333784886e-01 7.524640560393992816e-02 -8.006255206025063298e-02 -1.295920874220476138e-01 1.002701705952877137e-01 -1.830634658113208524e-01 -2.965174557502996411e-01 -1.954642803043046273e-01 -1.249651218242874701e-01 -1.040710962891915753e-01 9.833517146145538401e-01 7.128697599339273161e-01 6.579976764284713175e-02 -1.935427496653095436e-01 -1.443815544356339409e-01 9.268480946722872094e-02 -7.174990519102968090e-02 4.552856026882412532e-01 -1.859419505828185104e-01 -2.510928115560577822e-01 -6.951688825102307623e-02 9.799896502715274016e-01 4.101253100814564179e-01 -3.204934547549855295e-01 -2.999396821662624890e-01 9.730997477449840338e-02 4.339542872997494416e-01 -1.185771503958538142e-01 8.165030813690636602e-02 1.773094870284575367e-02 -1.784547120997014846e-01 -2.625178892256391228e-01 4.480531788748935429e-01 6.359443072533585255e-03 -3.587370379926616004e-02 -4.866017268631033649e-02 2.598102595399751080e-01 -1.194015290098883186e-01 -2.450063150045179716e-01 3.037296900886597706e-02 -1.868445816095937462e-01 -1.508636602260079139e-02 2.250327959345503892e-01 2.605907463937737548e-02 -1.857548205903226113e-01 6.635242953066033955e-02 4.863056751907982728e-02
3.761498780462950164e-01 1.000000000000000000e+00 -1.631750669425856282e-01 -1.502284024554065289e-01 1.376306827268790889e-01 3.758646595872894292e-01 8.129173769657851434e-01 2.074060906800053727e-01 2.617871303481291226e-03 7.212661480203240438e-02 -9.846091771707293772e-02 -2.334783200908292777e-01 4.948432990568801260e-01 -2.600540562505919140e-01 5.644020399457233550e-01 1.088511344883721227e-01 7.489068473640607404e-02 6.134045841521612585e-01 4.541898169516204731e-01 8.980705421155675550e-02 7.896642531523559994e-01 8.125490766057242853e-01 -1.081381678865146467e-01 2.255715670649745541e-01 -1.551224290501743985e-01 7.563984463990782725e-01 1.613505743763239964e-01 1.425300082769713761e-01 -4.770236046238504612e-02 -1.005430241015273229e-01 -1.204100510785164613e-01 3.323882880088466774e-01 -3.236182286629672722e-02 -5.811100978927560279e-01 8.892558778516578277e-01 -2.501489406660712955e-01 7.950280626971514275e-01 4.073234198872310169e-02 2.423696164214012572e-01 9.036575929598322787e-01 8.169531139083796578e-01 -1.688013877306594190e-01 8.271604776486635516e-03 8.859742263210328150e-02 2.827334179407146042e-01 7.999330397226548373e-01 -8.355186082614438070e-02 1.413310253861557175e-01 8.359883906112085539e-01 -1.377854060892705346e-01 2.076314817552371017e-01 -6.969005943741884979e-02 -9.351237322533419161e-02 2.494519072162691975e-01 -7.233107586765222252e-02 -9.480812705502446314e-02 -4.625009787272895689e-01 1.546572774509887838e-01 -1.727553889440192059e-02 -1.002291501404920238e-01 5.105933965170485200e-02 4.517786340616679608e-01 7.979190528662817306e-01 7.636719756604657405e-01 -7.486594505009332157e-02 -8.049374137853384939e-04 8.059111728080872727e-02 2.305870047309694637e-01 -5.185274783230497259e-02 1.618208392615903823e-01 -1.697282284707143929e-01 1.706648271130346839e-01 1.283432522305792134e-01 9.398202493982205086e-01 -7.625174762489021763e-02 2.278726243522203598e-01 -1.592521765933588296e-01 1.963188511462163888e-01 5.883676113808516961e-01 6.331136502222926843e-02 -2.517335915032163918e-01 3.901658074524078090e-01 2.102863460225942172e-01 5.029680491925520025e-01 -1.282984274328952401e-01 -1.048477414560152893e-01 -1.314841448186402917e-01 7.251319810984688807e-01 -1.542959903727201543e-01 5.679165421712786266e-01 1.863463233543299902e-01 8.661574219926195806e-01 5.298429109554627647e-01 -8.083830336912850578e-02 -8.593516451199863238e-02 -9.281990221874712732e-02 -1.042102568430937001e-02 -9.089364663448122605e-02 -1.289806178273824322e-01 -8.566564493827347193e-02 -9.745145249712799940e-02 -7.968901248967803774e-02 2.758792476174559694e-01 8.771157651660487220e-01 6.747270598329759839e-01 1.201678606567390534e-02 1.380859963059824502e-01 3.195098923495350018e-02 2.134102658384170459e-01 5.590220245619745842e-01 -1.186573444908241293e-01 -1.061174611689574554e-01 -6.213966840136370129e-02 2.592033366080938039e-01 5.611732941158020793e-01 -1.326692595868238511e-01 -1.553072679890213359e-01 3.494409693188941235e-01 3.477286852620672941e-01 -5.664568318947200976e-02 3.165432615994360765e-01 -2.970936112107016025e-01 -1.620764163929825918e-01 -1.043336277570743459e-01 4.612743615711430434e-01 9.468623038621321042e-02 -1.195412831439949947e-01 -6.353686590457326144e-02 2.599781986574715709e-01 -4.072849086577072231e-01 -4.252216986746620853e-01 8.066484251205700007e-01 -1.445944149152170732e-01 5.138274230146375743e-01 -7.408417348820378612e-02 1.307695799029269801e-01 -1.676452579543779853e-01 -1.539558221113017933e-01 8.592696302377577089e-01
-1.756447780501789180e-01 -1.631750669425856282e-01 1.000000000000000000e+00 7.921204625888308426e-01 -1.227534372461694945e-01 -5.265139812599140684e-02 -1.924173272270550683e-01 -5.925759372355181298e-02 -2.335251135368737463e-01 -1.742188308030865329e-01 -1.454465520009663448e-01 6.800857218933469006e-02 -1.181763020051254526e-01 -1.794953679217959619e-01 -1.681016764896835769e-01 5.976750556547548443e-02 6.305444714871655254e-01 -5.822464181606407801e-02 -9.369440602419652764e-02 -2.226171103421877573e-01 -1.170153863156201957e-01 -1.373422167972321306e-01 -1.550246970747439640e-02 2.493387295990295294e-01 9.998398703947080080e-01 -3.349498647129529050e-01 -3.649345108276191851e-02 -8.572323861212445550e-02 -1.198136806317098985e-01 7.772677205421810731e-01 9.338958962164473077e-01 -2.250489437796882597e-01 -1.395810611753869335e-01 -6.033113108833770832e-02 -2.160672340072190001e-01 -2.995525647569766692e-01 -6.694550763772137703e-02 -6.215032080085174382e-01 -1.521413255554635302e-01 -2.341178034215460335e-01 -1.270554862217383452e-01 6.435275327691414304e-01 8.973724031332123152e-01 2.499760411056837772e-01 -1.305109097768700765e-01 -1.316435612231132146e-01 8.441858228017795618e-01 1.409092552093066664e-01 -2.042509597674770083e-01 7.713202558543346132e-01 -3.530496144015423526e-02 -2.465012799267233545e-01 -1.092866780467333099e-01 -2.014323406150144991e-01 -5.250709997459083178e-01 -1.244276746061086063e-02 -2.810020400861108492e-01 4.500282462937211791e-01 -1.204155662564746626e-01 -1.281692238031283959e-01 -1.706904613301153395e-01 -9.778797863232509269e-02 -1.435687822884917364e-01 -3.223546035494235240e-01 -1.153821391492490245e-01 1.596006433754956211e-01 -2.076620706425179874e-01 8.381596102178053842e-01 6.796131046543896215e-02 -2.689154167341087365e-01 9.995827005363442375e-01 -1.726385289520114830e-01 8.375618780184371226e-02 -1.157811383012471718e-01 -1.363168006874829474e-01 -7.802665532533531456e-02 9.996656882946746148e-01 -2.616594322880884740e-02 -1.606333547654533456e-01 2.919974085166597288e-01 -2.585123391393227554e-01 -8.721675610315823834e-02 -4.327852730144295806e-02 -1.190480404889889821e-01 7.964236432456378578e-01 -1.446659651480523556e-01 -1.793468615211397665e-01 -1.821408711781326017e-01 9.995475934502292548e-01 -1.639587274542584905e-01 -7.005817771025749097e-02 -2.416982404334258316e-01 -1.209466877091652098e-01 -4.557517661019025446e-01 9.832631099503579275e-01 -1.384646204716112605e-01 -8.715481795627250117e-02 3.440762786946073570e-02 1.039376640510933369e-02 9.828478782255976043e-01 5.421822630240085150e-01 2.632539143884616850e-01 -1.505522281153872100e-01 -2.122283464540618836e-01 8.773753020977836936e-02 7.769477474952506402e-01 -1.068954879963769089e-01 -1.552033883391953639e-01 -1.013425416462154088e-01 5.273882501545719415e-02 7.371426048154159361e-01 1.799203877547492780e-01 9.602165529353117179e-01 -1.206975915754580908e-01 -3.255427798398172756e-01 5.714773585849093340e-01 8.177895622131646780e-01 -5.462291396658167791e-02 -1.368755489023521128e-02 -1.269542612013687954e-01 -1.001097824744318077e-01 4.683471879617109312e-01 9.992928579699698055e-01 8.401933094764809651e-01 -2.818326969795141301e-01 2.865422936425683353e-01 -1.222977832072368459e-01 -1.229304706515349371e-01 -1.416823661575704607e-01 -4.065417800964431505e-01 -2.987902693082509220e-01 -1.223740662026886750e-01 9.690509934089220900e-01 -8.981147889094792669e-02 6.858417917635012406e-01 3.171392342912389695e-01 8.472909208820418314e-01 5.159146749384934116e-01 -7.036849309528439567e-02
1.177257217508580339e-01 -1.502284024554065289e-01 7.921204625888308426e-01 1.000000000000000000e+00 -2.521220993660546750e-01 3.995945979353204836e-02 -1.097643498256417743e-01 1.611207991907978310e-01 1.542454114535844467e-01 1.804897738812232810e-01 1.229109469448316644e-01 4.056652453720358542e-01 -9.963685071917655067e-02 -3.153026264144373481e-01 -2.616537251707097833e-01 2.742592278847416076e-01 9.435634236600753955e-01 -2.145816981100120979e-01 5.088642904350981766e-02 9.852993316663698209e-02 -1.374665947198324689e-01 -1.536747220258386781e-01 -3.086272574353086592e-02 6.695945175779453029e-01 7.917167546404583200e-01 -5.524579659867570255e-03 3.196771827289880963e-01 1.912608477283763153e-01 -6.975149800622976182e-02 8.044756556544887527e-01 8.645026828775570493e-01 8.876971135253053369e-02 -3.894622426783199420e-02 -3.040921749062960311e-01 -1.724317330344972699e-01 -5.641834721828311583e-01 -1.154428366288392793e-01 -5.353050315238478962e-01 1.015057519985628903e-01 -1.827402212518207392e-01 -1.517625869932387184e-01 7.567304105428723782e-01 7.533054181530235427e-01 5.812344667635053197e-01 1.049655240752433161e-01 -1.263495340880977647e-01 8.646287112762477411e-01 3.133347715273493428e-01 -8.554239156361158336e-02 9.792470288855648075e-01 1.610548388412313126e-01 -4.792515109461759626e-01 -7.528688773037404969e-02 -8.601494212859613075e-02 -4.850505303656986733e-01 1.134164198191411621e-01 -2.520577147250214201e-01 8.229477960356493815e-01 -9.962197488510086962e-02 4.583962628849923976e-02 4.185555622789422503e-01 -8.546744375310950936e-02 -1.623960435604416552e-01 -1.134545442539207499e-01 -8.914628656403898732e-02 6.172209528191081596e-01 3.317023962248497049e-01 7.799622185631994720e-01 1.529923630626230102e-01 -1.121257010444886085e-02 8.052006219753441441e-01 1.192713127880672408e-01 7.268637644375100515e-02 -1.314879677499844815e-02 -8.198446820358022691e-02 1.829575985706653474e-01 7.898391581144255102e-01 1.988631839071825225e-01 -1.694622480726497848e-01 7.583506008900608997e-01 -2.198135155416648667e-01 -4.038138956017839343e-02 1.822503891979632140e-01 -3.105770776761068719e-01 9.331318930972348769e-01 2.124968112491075131e-02 -1.931099584975180250e-01 -2.201898311104492911e-01 7.910817061373491832e-01 -2.588459196875912416e-01 1.784877703989452835e-01 -1.768887074001451176e-01 -1.671896011885819211e-01 -5.498543868337755214e-01 8.152127180981726395e-01 -1.030995015486938227e-01 1.031453542531025752e-01 2.406823341999369398e-02 -5.564742029973138854e-02 7.546493572013603934e-01 6.376095975284189477e-01 6.784518519322146890e-01 9.633749914135338044e-02 -8.257703134201842265e-02 -5.115228500712528520e-02 6.545588925867960040e-01 9.186702425085736812e-02 1.704440589955022803e-02 2.052717050585179115e-01 4.884564476215681045e-02 5.117040190056444393e-01 1.111909239732218058e-01 8.061752741885892526e-01 1.239402591529790709e-01 -1.204535504205509616e-01 5.594615655311323543e-01 6.277993845849818566e-01 1.327982371658888161e-01 6.809738186378390401e-02 -6.691085288170169065e-02 1.140122331091500824e-01 4.907819412386126845e-01 7.912354455349742688e-01 6.325333371089960632e-01 -3.226459285519917564e-01 6.079886923194223192e-01 -3.294967047878130662e-02 -1.396558236437297346e-02 -1.005036231050739498e-01 -4.326275676275233573e-01 -4.336585227920057295e-01 -1.910847705988544254e-01 7.758957798035232001e-01 -2.355519288556578439e-01 9.787185186370608303e-01 6.763022834020155916e-01 7.301568731247760624e-01 8.479488427507559933e-01 -1.287061419816294683e-01
-1.064839646371620180e-01 1.376306827268790889e-01 -1.227534372461694945e-01 -2.521220993660546750e-01 1.000000000000000000e+00 5.870411165438308432e-01 2.310421789165669204e-01 4.946412416349205698e-01 -1.146504186963230310e-01 6.623954542953376379e-01 -2.240658477602404663e-01 -2.658280091365705644e-01 6.661924186044291263e-01 -3.170159614179953178e-01 8.213986344237940163e-01 -4.686095971908662422e-03 -1.669715711974475159e-01 7.144573130823209661e-01 -1.893775138586235030e-01 -1.273620456732059980e-01 2.307786076509864837e-01 2.101136647461572804e-01 -5.475412962233177500e-02 1.557486776461623756e-01 -1.230852433837279353e-01 6.982204036010406130e-03 3.040694050651318037e-01 6.406468581993737255e-01 -1.583393141302127105e-01 -1.748844995953589554e-01 -2.081755545495859172e-01 2.708018219496205470e-01 -1.888778390189806144e-01 -4.436496831855823997e-01 3.861823708347146278e-01 -3.955524000504813120e-01 2.970346353414279883e-01 -5.046658440707628701e-01 4.426074165023615725e-01 2.269091570220395093e-01 2.166369690464924336e-01 -2.328315410514900097e-01 -2.702597076714610691e-01 4.541483662082241302e-01 -1.113291419433438123e-01 5.322821049665200643e-01 3.819689136356373138e-02 5.308193771498691538e-01 1.649990477708665748e-01 -2.601703515540981226e-01 4.910597777719057921e-01 -4.329063637455182745e-01 -2.115181946907064570e-01 3.325715688989550056e-01 -4.538400438589529351e-01 -1.966908124076918174e-01 -6.308279146513714464e-01 -6.519934662392226632e-02 -1.316716653010959470e-01 -2.127795489793700978e-01 -2.549912729551855328e-01 6.768613089515046477e-01 3.485280178675980722e-01 4.007191382005345637e-02 -1.598778891405686631e-01 1.540929016711171384e-01 -4.905312249276874009e-02 1.350074133484767680e-01 -3.544733037476911763e-02 7.428008113912398791e-01 -1.277904027974645362e-01 6.037983507617079582e-01 3.832356106498473469e-01 1.887762281596178926e-01 -1.682675106116960084e-01 5.344624548520083840e-01 -1.155213426727594167e-01 4.687880651407695942e-01 8.227881187755717862e-01 -1.992939205796872559e-01 -5.617552823391966932e-01 6.603738298516554917e-01 4.914948377747435648e-01 4.550327849321965656e-01 -2.659755284206951620e-01 -2.206038943827514642e-01 -2.736701931879245153e-01 5.778765946902117978e-01 -1.032013035325304862e-01 8.364288036597058440e-01 5.056886225493966158e-01 5.001620689092557415e-01 4.090256939779143841e-01 -5.529911802923971331e-01 -1.341255413894006654e-01 -1.824089166898828218e-01 4.660509054951090385e-02 -1.315104102378884532e-01 1.483360064960272118e-01 -1.453716822380142493e-01 4.029885405753074190e-01 9.041354044536584200e-02 -1.291214999597237179e-01 1.285362677066047843e-01 7.409081473463229317e-01 4.303918735992937061e-01 3.327781388071373581e-01 -1.909444567768424361e-01 5.373161479939395635e-01 4.848199052279458798e-01 3.007808425131674457e-01 2.800180290447587886e-02 -2.801789257751474693e-02 -1.261498870772383984e-01 7.399367451078165958e-01 3.752485478564301369e-01 3.736108919448887233e-01 5.325338424612495736e-01 5.410281577683739851e-01 -1.666359536343548775e-01 4.851911261761255867e-01 6.122689670241705517e-01 -1.104688825564618532e-01 2.264232210900848571e-02 -2.629428297435604800e-01 2.975816666561666990e-01 -2.489207820204477339e-01 -1.822276147115705347e-01 -4.963670324374674925e-01 -4.847940879023713290e-01 -6.060557237264736496e-01 3.417941359167305237e-01 -1.205539547802875894e-01 7.032133881017855748e-01 -2.222330665300458197e-01 1.340071516237126281e-01 -1.363229875788100898e-01 -3.089265801185598903e-01 2.929352966057691132e-01
8.275393041178380482e-02 3.758646595872894292e-01 -5.265139812599140684e-02 3.995945979353204836e-02 5.870411165438308432e-01 1.000000000000000000e+00 6.858318070263007549e-01 9.506801958009714060e-01 -1.057110302508013772e-02 6.118360225315891965e-01 -2.396829734384455790e-01 -1.828901903214349700e-01 9.778665591610182783e-01 -7.110139710090731535e-01 4.241559578194983304e-01 9.378312819696101033e-02 1.166218822216010531e-01 8.240495622048082947e-01 4.019312440925652541e-01 -5.075385227604142790e-02 -1.335601585273358573e-02 -8.957567108487579427e-04 -2.416066857331786444e-01 4.827971954584698855e-01 -5.425655217468561275e-02 5.620382001942743067e-01 8.633704057955913225e-01 8.869203375339232975e-01 -2.970293658969920259e-01 -6.147402189708266185e-03 -7.810128040951345996e-02 8.855794602728136455e-01 -2.841566497598671526e-01 -6.423365009251099655e-01 2.741817730103056627e-01 -7.436329447827447758e-01 9.436319634890467933e-02 -6.395216862332538943e-01 9.302773371570487448e-01 4.239162946049547243e-01 -7.400649430042526141e-04 9.921824955129898704e-02 -5.607644508951100532e-02 6.704847781479299496e-01 8.573179234314229347e-02 2.847043166276471138e-01 1.278282859888071332e-01 9.052037522672293779e-01 9.423769259553613220e-02 4.154584796232380778e-02 9.506289624045533015e-01 -7.144934418669804943e-01 -3.748735002408193351e-01 8.674723021645545096e-01 -7.497301833749047129e-01 -2.645720843568334923e-01 -6.744712332489281037e-01 4.937920403258980184e-01 -2.994714620561682583e-01 -2.795134814313597338e-01 2.070435262894793349e-01 9.789652689490687676e-01 1.409577875110804290e-01 6.690821141678866546e-01 -3.126783821814797526e-01 6.299919490259126009e-01 4.121143466363498820e-01 1.890626674274211438e-01 -1.360738223943993852e-01 6.025338679391831764e-01 -4.564861524856444336e-02 8.905427320723080520e-01 6.235542213889955221e-01 2.633536862343658913e-01 -3.028874541492588279e-01 9.383750985377001808e-01 -4.964907277275949771e-02 9.424711615302862056e-01 8.323163415047721836e-01 3.243988505087350704e-01 -8.745892699496287115e-01 9.920334999990851887e-01 9.390782106103661153e-01 6.985875588562454608e-01 -2.240748366858540119e-02 -2.913189964821321642e-01 -4.392322952529983948e-01 2.819639554819072802e-01 -3.720947171152393096e-02 7.980058384055632725e-01 9.287149626366831834e-01 4.396288222913504184e-01 8.463814103909343967e-01 -7.122608611526453082e-01 -6.606141689135418271e-02 -3.563799587686460324e-01 2.826520144444971683e-01 -2.879218487297505180e-01 4.677877847565572317e-02 -4.438990167371022200e-02 6.827888177210568177e-01 2.769689080064202669e-01 6.305721303257300070e-02 1.861991630354576654e-01 7.632271070403526814e-01 4.624347400423692855e-01 8.932611475379650390e-01 -2.278890321449777157e-01 8.348271159786305740e-01 8.313975156288335722e-01 3.061587220930945263e-01 -1.401883608374474566e-01 -1.702315562749160890e-02 8.093279275944607887e-02 7.270694579919680933e-01 6.570898968085292502e-01 3.246623762487503284e-01 9.830494743488541465e-01 8.906601093524755264e-01 -3.165151008501189134e-01 9.746264098628740769e-01 5.156790613239675691e-01 -4.465053181416894085e-02 -6.527681659109439705e-02 -5.544975770876825472e-01 7.221290385956468105e-01 -4.153052622376293135e-01 -2.903345919912080353e-01 -6.799740208592758295e-01 -7.144645594890522977e-01 -7.229880185817371130e-01 1.281374756341898125e-01 -9.067186184880969557e-02 8.967069579409284730e-01 8.961070288451239430e-02 6.471908380889362933e-01 -8.454814201885509084e-02 5.357659517965102786e-02 1.793306917267361023e-01
2.867714408614668951e-03 8.129173769657851434e-01 -1.924173272270550683e-01 -1.097643498256417743e-01 2.310421789165669204e-01 6.858318070263007549e-01 1.000000000000000000e+00 6.274819371548722158e-01 1.761841886682646574e-01 1.993691874880636206e-01 -1.026719875707985258e-01 -1.157127889721161623e-01 7.407844576742790288e-01 -6.022684260198638562e-01 4.999805365163146331e-01 -2.172361563377140092e-01 8.368249661909893389e-02 7.366885860093105309e-01 2.930120400768331801e-01 2.152231154063210528e-01 5.263326670924436401e-01 5.489376138136153882e-01 -1.746334751815982189e-01 3.713155963314072605e-01 -1.843613758588561469e-01 6.962183104329153771e-01 5.597134483710836106e-01 4.832032145269034018e-01 -1.726179877689327513e-01 -1.169656913519288161e-01 -2.379876676495739363e-01 7.250298351275517028e-01 -1.781202414884406338e-01 -5.017908391790480982e-01 6.094946803621289488e-01 -5.335558584946797911e-01 6.137314140158558473e-01 -1.873354419861034403e-01 6.762025758896652583e-01 9.181297917570858669e-01 5.376325693237336001e-01 2.952038504075424688e-02 -5.631966176860807999e-02 3.540732573436383701e-01 -8.824493590512577645e-02 5.565656145036802505e-01 6.983905726663649713e-03 5.694221087637899581e-01 4.387992679460075984e-01 -1.697297472917499161e-01 6.363582352398821085e-01 -4.432603027865030798e-01 -2.050619180061733493e-01 7.307769618830406433e-01 -3.633680525308459752e-01 -1.748749086673627162e-01 -4.782236483648520387e-01 2.913935044207419112e-01 -1.171792619199326646e-01 -1.633382878970513763e-01 1.945282902302885031e-01 7.360892177598131747e-01 6.259197514120173889e-01 7.931452351166170534e-01 -1.648777392654451612e-01 2.669758974643429150e-01 4.282826592889736883e-01 2.068741051425550259e-01 -9.997861865299979833e-02 1.705120252132467928e-01 -1.880619767690169253e-01 5.512620955803124723e-01 4.704868806170198203e-01 6.571114340088504147e-01 -1.533511321319548648e-01 6.160722054208001008e-01 -1.927079189981327212e-01 6.234124016105746513e-01 7.298071900850815474e-01 3.137070856698112586e-01 -4.557862140987793964e-01 6.969438112622293735e-01 6.405649296541329196e-01 7.193235761972047726e-01 -2.279060241357402927e-01 -1.634025378251271199e-01 -2.415294199658059582e-01 6.107267707626041764e-01 -1.834622519118744577e-01 6.011852078275233824e-01 6.147633218137655842e-01 6.234309426017794475e-01 6.149937747786654585e-01 -3.386020742773168668e-01 -1.753471783585982824e-01 -2.002479366966934404e-01 7.750203366526450810e-02 -1.785596312591711810e-01 -5.816618285020357798e-02 -1.166292186403338205e-01 2.161439628987620598e-01 1.920607902311883275e-01 -9.675448780427685358e-02 4.995704793885402673e-01 7.100268941365976971e-01 1.378350462841063384e-01 6.311081170569620147e-01 -9.590683011668954538e-02 6.134876338091332926e-01 5.476753324902103870e-01 -7.336044429806271028e-02 -1.451445983336914214e-01 -1.530837703604671363e-01 -1.026517248983860597e-01 5.734592154907016681e-01 2.360971058126619115e-01 -3.389202545266609828e-02 6.918773389533275919e-01 4.421335774157621468e-01 -1.534295195990859340e-01 6.864386866093667994e-01 -1.459647167454835304e-01 -1.907835473489201683e-01 -1.613959929728262521e-01 -6.585210416480026530e-02 4.586444616955159814e-01 -2.643181574043296789e-01 -1.618542563744748974e-01 -1.539724784461793949e-01 -5.043868771678210461e-01 -4.830603856548207342e-01 6.332062522043321318e-01 -2.014931361107136776e-01 6.950397847159747178e-01 -3.777143353886140698e-02 4.776634602620503101e-01 -2.022002425192883923e-01 -4.249384969986767097e-02 6.963611480688839395e-01
-9.394283464904189598e-03 2.074060906800053727e-01 -5.925759372355181298e-02 1.611207991907978310e-01 4.946412416349205698e-01 9.506801958009714060e-01 6.274819371548722158e-01 1.000000000000000000e+00 1.527654499349053452e-01 6.758727429650228657e-01 -1.453974589111426408e-01 -8.670725084390403306e-03 8.817645113634959841e-01 -7.845565982159200535e-01 3.084437753850519104e-01 -3.861550895283334933e-03 2.410540724897393128e-01 6.540374848986119094e-01 2.625884029887842752e-01 7.677211723374023633e-02 -1.207564968229803415e-01 -1.059474883666399192e-01 -2.565087093896092907e-01 5.896983593717596284e-01 -6.069281570181254970e-02 4.906346139503059978e-01 9.619465024455459146e-01 9.468307545546580384e-01 -3.139029031800701364e-01 2.240590442722580761e-02 -8.644614802775635320e-02 9.460411702479327722e-01 -2.986750933125525420e-01 -5.731633715517762129e-01 1.198180238715878809e-01 -8.263020052790860381e-01 -3.115582422845361034e-04 -6.284046634046647206e-01 9.916479329083007777e-01 3.428747720389604958e-01 -1.146545250324928211e-01 2.086724373884758232e-01 -7.721978519323864643e-02 7.874559293509459934e-01 -2.820383144814736162e-02 1.433737074968491620e-01 1.965242889403225612e-01 9.682363515355201233e-01 -5.324033033227669465e-02 1.311114224412860407e-01 9.923201117114937020e-01 -8.127930937748977236e-01 -3.740742666344161194e-01 8.999567776622817705e-01 -7.344719555304164427e-01 -2.384605189256966684e-01 -5.597017338047208801e-01 5.918697870583706777e-01 -3.129069466630002849e-01 -2.340466509808573903e-01 3.792324959195102485e-01 8.975766430042964039e-01 4.944429131951006556e-02 5.678470350774551534e-01 -3.187534176853606405e-01 7.722007414012020954e-01 6.193074913902143486e-01 1.857603603513934554e-01 -1.264708930792617925e-01 5.812547173197455397e-01 -4.504244897401005893e-02 9.624260164618192448e-01 6.156827842458998390e-01 1.230836277663260175e-01 -2.980720465747152548e-01 9.921627113974591516e-01 -5.881549366100919524e-02 9.989723613455616658e-01 7.276769781422028904e-01 5.280288339636743933e-01 -7.889656324508826923e-01 9.313214767552535633e-01 9.980109699221815234e-01 5.573502523581634893e-01 2.072334784304164304e-02 -2.454054089255437721e-01 -4.465696714653206723e-01 1.841922512048440874e-01 -4.733174650269193068e-02 6.215598659558020378e-01 9.958794961484874753e-01 2.690401079124034034e-01 6.673853162875597045e-01 -7.489591702865918688e-01 -8.760320666580295734e-02 -3.582430772055575918e-01 2.773933585032676841e-01 -2.995718842532259507e-01 1.526191851448516212e-02 -6.511031086091166598e-02 7.385814068128359056e-01 4.866932589822694499e-01 -4.346793629839539042e-02 2.148290395850208784e-02 5.999075897225287779e-01 4.373827522409822754e-01 9.626197476799612796e-01 -2.242035727703464154e-01 9.299160123554567337e-01 6.500156045939476934e-01 2.252892006191184737e-01 -1.672187581203367079e-01 -4.157599585707164036e-02 -2.340337610071587665e-02 6.540159871002082514e-01 7.037154660404949524e-01 3.044595798929362607e-01 9.834914821051512490e-01 7.712387011573491602e-01 -3.134815604354942997e-01 9.898318296577921505e-01 5.321053599896885533e-01 -5.367465082851102798e-02 -1.013841663269394455e-01 -6.970429312967691970e-01 8.549940661113483165e-01 -4.011415604055623696e-01 -2.783071487724291249e-01 -7.284988045690985459e-01 -6.420712348744338493e-01 -6.762009300578462057e-01 2.030588466638684128e-02 -1.055726133315890158e-01 7.370770537339765838e-01 2.255079819124317653e-01 7.935937619853288272e-01 -8.596555395211989692e-02 2.037539427955163407e-01 6.429932212240091483e-02
-1.457871921689394834e-01 2.617871303481291226e-03 -2.335251135368737463e-01 1.542454114535844467e-01 -1.146504186963230310e-01 -1.057110302508013772e-02 1.761841886682646574e-01 1.527654499349053452e-01 1.000000000000000000e+00 1.596420006579223061e-01 9.046081381817310252e-01 9.201287186861554224e-01 -6.043180016233542368e-02 1.577270217255407059e-01 -4.117409057358890900e-02 5.922702481272577174e-02 2.221391850908061572e-01 -4.392112499989766355e-02 -2.369797498745197517e-01 9.866757118055651254e-01 1.965759515187924245e-01 8.042138332857942662e-02 6.772402206721344076e-01 6.079479757105795690e-01 -2.279975585878988575e-01 1.027543805402939964e-01 2.471881007557751864e-01 1.873743056250859462e-01 6.942048387978955182e-01 3.455797030565467831e-01 -4.461793425761505921e-02 2.197636224003242100e-01 6.989599170543000506e-01 -3.856565828375341232e-02 -1.984842827695162959e-02 -1.968264837839524828e-01 9.878696711046343337e-02 1.782936911958507564e-01 2.145133991968331544e-01 2.365239286524128404e-01 5.732942122494957826e-02 5.339104793666976656e-01 -7.235780537414672475e-02 2.309045360367910638e-01 -1.856565661860026251e-01 3.716085419119168065e-02 2.649302002025580305e-01 1.813882636962789174e-01 -3.171551428947753243e-02 3.345876719293121998e-02 2.124297154433013590e-01 -4.755335836564731911e-01 7.007108924148075513e-01 2.207576189307238756e-01 -4.171235114597478255e-02 7.696248413790136578e-01 7.129401184612491060e-02 1.678023399523295156e-01 7.145660447751828181e-01 8.151586656071280190e-01 7.715655282087047206e-01 -1.525252195854906456e-02 6.735432329007554064e-02 2.886910218129903200e-02 7.070189840510393564e-01 2.690053356270615814e-01 7.803204072005847092e-01 -2.468929941095219377e-02 7.573262535025580000e-01 1.688657902955567613e-02 -2.198722397146966878e-01 2.462785119643913223e-01 5.133571999776102013e-01 4.546724605713247519e-02 7.357832877381742520e-01 2.074768428853449864e-01 -2.454193904168429363e-01 1.630421891574843352e-01 1.480823857919813871e-02 3.968428738869360095e-01 2.858500557949524845e-01 -4.785064462746784625e-02 1.900244768661468742e-01 1.288373993225604142e-01 1.134024322310214494e-01 8.137818653542474578e-01 6.290914475040246812e-01 5.673939193085056343e-02 -2.249201026769877265e-01 -1.111387910813847468e-01 2.234617609097995228e-01 -1.303524162985104234e-02 -1.809001520461392953e-01 -1.290437421913970817e-01 -1.343164217777225722e-01 7.019501174918710840e-01 6.597770672106118006e-01 6.774388089545708702e-01 6.049909999033036279e-01 -2.339705062639659550e-01 1.601592140889906146e-01 6.990087050091858822e-01 -1.914267543525386694e-01 -2.005998708284368465e-02 -1.832971029066139956e-01 -1.236671510163576612e-02 2.108235005957175279e-01 7.688223832771231558e-01 4.347777140103733506e-01 -2.026297180539020637e-01 -1.446087904025679166e-03 6.143465123961113772e-01 -8.806636420328076142e-02 -2.046057927718916980e-01 6.403250094734683207e-02 1.328618061127969097e-01 -2.529690513645511604e-02 7.279370194477428890e-02 -1.926970750102859620e-01 7.380212986585539259e-01 1.295417010057675344e-01 -8.598204332145321926e-02 -2.162596846367845216e-01 1.465366140886499302e-01 1.499717732651296292e-02 2.625289272759276371e-01 7.020402943991987943e-01 7.586646506585374983e-01 2.687658515104502932e-01 -2.018823111048247826e-02 -1.314207969682504584e-01 7.103336459967926619e-02 -5.351300942092069440e-02 -1.570793637853102609e-01 1.565883505369823625e-01 3.506244178134562683e-01 2.058480558960737172e-01 6.029560485161773453e-01 1.155198335212086341e-01
3.483604452566186893e-01 7.212661480203240438e-02 -1.742188308030865329e-01 1.804897738812232810e-01 6.623954542953376379e-01 6.118360225315891965e-01 1.993691874880636206e-01 6.758727429650228657e-01 1.596420006579223061e-01 1.000000000000000000e+00 -5.295841163168241161e-02 4.181232938049980752e-02 5.696441537319235637e-01 -5.142675521677526618e-01 5.152427388879582404e-01 3.213820485466136190e-01 3.492820875511863377e-01 3.597972245275399272e-01 9.849559785479856944e-02 5.528488272064970704e-02 5.914771270000514919e-02 7.355319758862488566e-02 -2.348453786806533328e-01 6.123448955737464949e-01 -1.771354100961337608e-01 3.806011888216782602e-01 6.924164215366277464e-01 8.711478378547988788e-01 -2.495498758749452317e-01 -6.229940523565843241e-02 -1.012252590493697146e-01 5.725539368254316530e-01 -2.057673343377073027e-01 -7.134546434602490050e-01 3.271144486392153494e-01 -6.981091640222318873e-01 1.045296922646460624e-01 -4.522260996582282977e-01 6.459701716769807867e-01 1.238204652465769717e-01 7.466811937703005109e-02 -6.209596118176857749e-02 -2.662847995025039438e-01 8.333456452881494725e-01 2.854158440078284897e-01 3.952667189814945692e-01 1.298811871884805180e-01 6.623448144323178521e-01 2.604127573634671400e-01 2.059603106700187425e-01 6.269416163825481947e-01 -6.082518548874438213e-01 -3.184643730337755052e-01 3.424058006138295251e-01 -3.993476759031079903e-01 -1.743963994257832217e-01 -5.311760640451722582e-01 5.086769369964614373e-01 -2.787866392256890258e-01 -1.499421915169469322e-01 4.075352796287670665e-01 5.614167838747208261e-01 1.865740317784273794e-01 2.543302716182588297e-01 -2.891837457270227119e-01 7.472470267571960090e-01 4.897672625774557864e-01 1.585051099630776228e-01 -8.297215288813875045e-02 9.524948980857900205e-01 -1.629738151192658413e-01 8.289637020731059902e-01 1.834134636288649312e-01 2.441331319345745043e-01 -2.669722253125103584e-01 7.504036231311778105e-01 -1.683275916007439810e-01 6.633753204051265895e-01 6.284699595565818031e-01 4.374593963210956504e-01 -5.282264504236237057e-01 6.098054484253008223e-01 6.718965305830260082e-01 4.065644799131524351e-02 8.632172083398317874e-02 -1.707086418412580853e-01 -4.315436438742453196e-01 3.525559917286383294e-01 -1.612184586753968862e-01 5.567557224594748000e-01 7.052713634035387980e-01 4.531668576810444216e-01 2.999445312831797161e-01 -6.434634451166308944e-01 -1.551582802967111374e-01 -2.967043910832003473e-01 1.434630426090172384e-01 -2.852271070720489576e-01 -1.122089534791391174e-01 -2.311947569273601899e-01 5.290838696999357049e-01 5.300289265439250830e-01 2.841983917583249530e-01 2.426227525411962516e-01 4.621523894635184981e-01 3.164796619414028678e-01 4.860191579877521928e-01 -1.282691593404434727e-01 7.520755043636973003e-01 4.593716150875747917e-01 6.266007129521521113e-02 -1.939714386709627814e-01 -6.009659152666008142e-02 2.931205243614720679e-01 8.334886987542691195e-01 3.612113571993506578e-01 1.878454559158568016e-01 6.787832743476314157e-01 6.238421930146168526e-01 -2.571078423119884104e-01 6.564759174987334633e-01 6.650296447556394153e-01 -1.688381309368192362e-01 -1.746012315752588084e-01 -3.411290146166117698e-01 6.827578245265868429e-01 -2.699922785693537608e-01 -2.026845523640741220e-01 -4.633325734384010630e-01 -4.898981810227576728e-01 -7.118743454475950916e-01 1.113791133398058658e-01 -2.016273179769574320e-01 3.948101984248483243e-01 3.065374364238008797e-01 5.796743523325005309e-01 -1.887738966415224429e-01 1.534707441322737675e-01 8.141188491409356853e-02
-4.606335319595111083e-02 -9.846091771707293772e-02 -1.454465520009663448e-01 1.229109469448316644e-01 -2.240658477602404663e-01 -2.396829734384455790e-01 -1.026719875707985258e-01 -1.453974589111426408e-01 9.046081381817310252e-01 -5.295841163168241161e-02 1.000000000000000000e+00 9.320454780953337792e-01 -2.736738239262591632e-01 5.203333018800351262e-01 -2.022254710416035162e-01 2.880415568617928912e-01 1.049706366560440585e-01 -1.681136398146019506e-01 -1.571826198329356050e-01 9.218223274395007660e-01 1.189095341199217504e-01 -2.790260092530431196e-02 8.880689449983969475e-01 4.382091081915194808e-01 -1.425126279765067117e-01 -3.746714138506863911e-02 -5.114496316631280542e-02 -9.415931706760902187e-02 9.175735857312924404e-01 4.676239083437894184e-01 1.055273955077656589e-01 -9.485084639795374195e-02 9.259780687065631843e-01 9.244424158584114981e-02 -1.167054379138462855e-01 9.494124881428109286e-02 -4.909773414186539148e-02 2.859980136906868364e-01 -1.036880766571398743e-01 9.195036289286364142e-03 -4.009441371451720471e-02 5.400522142004949844e-01 3.059078906316085519e-02 -4.879853269299955221e-02 -2.307627256261025536e-02 -6.497511319670823404e-02 2.450594085572868619e-01 -1.098552955107679335e-01 -5.259025589714437510e-02 4.555010667336732016e-02 -6.533465366224704141e-02 -2.449455221778064906e-01 9.179822716221535117e-01 -6.122381766781453266e-02 7.179500227804071211e-02 9.602278722840373870e-01 1.709334643841936563e-01 1.752513823681068261e-03 9.114003186251138366e-01 9.812194290050307854e-01 6.485899557757434097e-01 -2.381445644098943715e-01 -1.033923615414495817e-01 -1.154671941207646851e-01 9.156034154796811597e-01 3.943963750045631489e-02 5.031853873621684459e-01 -9.545847343828778309e-02 9.245647143363586729e-01 -1.116037885278255842e-01 -1.396035925187529281e-01 -6.291687747868028591e-02 4.279472821673794836e-01 -4.406289087609070731e-02 9.315824221524656723e-01 -9.172492418767477784e-02 -1.571412850713293508e-01 -1.367885388274335812e-01 -2.086592055735831119e-01 1.271118500473334134e-01 4.244738277001642301e-01 -2.857385920907059007e-01 -1.193957334108236151e-01 4.279604574384664184e-02 2.250616594733704512e-01 9.794307745456236614e-01 8.634716434407492258e-01 -1.279878077101031797e-01 -1.361864486112825956e-01 -2.138889743633178020e-01 -8.480003333744673411e-02 -9.849474886905582038e-02 -2.219406337710834176e-01 5.366180536601467682e-02 -1.573806227796115467e-02 9.172535797480479980e-01 7.724745387702324217e-01 8.953334978520528509e-01 7.712188874103171887e-01 -1.541849374159727226e-01 3.115655907168775329e-02 4.770925913354436831e-01 -3.644799465512147535e-02 -2.628072117631358520e-02 -3.412806358008551033e-01 -4.717812175861253038e-02 -8.095178405614832096e-02 9.539107985330751438e-01 1.137260019708268843e-01 -2.307392408948671647e-01 1.374746066680826440e-01 8.186334887145058081e-01 1.959092793175136807e-02 -5.060401771521672032e-02 -1.373528718310249030e-01 1.078735564364308175e-02 1.939660435124829349e-03 -2.048046882211668196e-01 -2.671409121708689383e-01 9.348945089942571895e-01 -1.489311902144069832e-01 -1.142641488881145084e-01 -1.238230397130759552e-01 3.056390818573477275e-01 2.215296363180803141e-01 -4.100381529878062425e-02 9.253849812130061636e-01 9.540223867908061983e-01 4.619176629173580295e-01 9.913389813046942500e-02 1.504139422183581321e-02 -7.754009182916675458e-02 7.907423936837745804e-02 -2.924248717519803975e-01 7.012727141882868498e-02 5.893414267582521016e-02 3.690429252275389538e-01 5.938223100823917244e-01 -2.667518938612455440e-02
