1.000000000000000000e+00 1.725266606622525567e-01 -8.758263322515714988e-02 1.667614054805209578e-01 -3.206951419229248090e-01 -3.274576494762533319e-01 6.290666040648413984e-04 -2.585337106273057906e-01 1.545535688131201846e-01 3.723315245730451362e-01 5.429565922919694920e-02 4.979311716265670540e-02 -2.597235003839655776e-01 1.240648134685979065e-01 1.002615288065809712e-01 2.910328467593567003e-01 3.865241917773742930e-01 -3.589151455972716120e-01 3.620154015345810605e-01 -4.976601640089811651e-02 2.844371471703706078e-01 2.218295499040278673e-01 -5.279207831111439875e-01 3.691295875550840155e-01 -1.289983599709717821e-01 5.798227892555197771e-01 7.317962485791219829e-02 4.173813291729915054e-02 1.635481951067088990e-01 -2.063685685096665612e-01 1.070197982690598848e-01 1.920370086188826486e-01 5.870870336629421815e-02 -7.281184018542535830e-02 3.784719310517603019e-01 5.970358511847502214e-01 -5.945160762783696130e-03 4.177352393764600658e-01 -1.085661999670367167e-01 2.782328509504553016e-01 2.444910273161335634e-01 -2.502312591046804702e-01 -1.541256883392980344e-02 -1.668199516592320797e-01 7.177612105047839197e-01 2.781836517954940913e-01 -1.053564891741524609e-02 -5.591943144953220868e-01 7.195317156539996484e-01 5.158218744681117851e-01 -5.565653335672733348e-01 4.717153360900237513e-01 1.561151713215198356e-01 -1.610947363887748618e-01 5.311914052902604322e-01 1.526534669029993019e-01 2.023839185460663270e-01 3.868836959832173683e-01 -1.576126148371935487e-02 3.767037985813017631e-01 5.229036733722048913e-01 -3.143240390472094026e-01 2.382637137121644544e-01 3.519029356490757654e-01 3.146707301054817163e-02 3.139640244589296803e-01 4.019056145785689371e-01 -9.695174334597468635e-02 -8.428192918845567316e-02 4.144187521929162399e-01 -1.114653291910379235e-01 -2.811699311149881142e-01 -7.134290559125049391e-01 5.407500265105211756e-01 1.141839910897409910e-01 -7.697154444507074700e-02 -1.518382379847455776e-01 -2.210347007383214046e-01 -2.289163548591982567e-02 4.451862752944861223e-01 7.676141527207719362e-02 -3.598631416447758968e-01 -3.629824667372487101e-01 -4.486552452747677444e-01 5.292773675095395758e-01 1.565349797411159649e-01 -1.549249068880466547e-02 2.789220509675681692e-01 -1.526506944931372844e-01 -1.415648664010340230e-01 -2.390442972921497655e-01 4.342831888321810330e-01 -4.398640440137949192e-02 2.234924316010944575e-04 -3.622712070728908995e-02 2.099384114312327354e-01 -1.560125940683895485e-01 -1.701138890199590803e-01 -5.506598846760408783e-01 -2.069143327833189994e-01 -1.178843994886521057e-01 -1.251642251409762763e-01 8.369147738015877414e-01 5.365733303834793189e-01 -2.979372565294515218e-01 -4.389866426007962841e-01 -1.701140396808422106e-01 1.256077775047259037e-01 -3.068618269980392665e-01 6.145043759998823629e-02 -1.109226281098470018e-01 -2.742276816315347698e-01 2.312060569223803319e-02 7.644581640785613752e-01 4.788591367687634048e-01 -4.764315353691128685e-01 -4.203763652016110353e-01 -1.796730927174262915e-01 9.478237325938532187e-02 2.363960947501493048e-01 -9.871579745861215616e-02 -6.677390897950602477e-02 -2.681593637934993613e-01 -4.444346017046528763e-01 4.940591662324201327e-01 3.693062457414385963e-02 8.533413973391022755e-02 2.738636380773079027e-01 4.665870205023263106e-01 -8.957015815409413717e-02 2.638896089977740278e-01 -6.040688233655045619e-02 -2.821760581552731906e-01 -4.121306576066889327e-01 3.068192248092442842e-01 2.011613528799754136e-01 -1.427105075961955238e-01 4.242662973879820498e-01 1.863463581342290551e-02
1.725266606622525567e-01 1.000000000000000000e+00 2.072336843454589406e-01 2.299941066630437625e-01 4.143221588270104561e-02 2.755861479876278164e-01 5.216183059799571753e-01 -3.155316228809509904e-01 -2.757097926542884103e-01 -4.618459402362722344e-01 -1.478366382712196225e-01 -4.821037616441406493e-01 4.838526284095580055e-01 8.981863592147654174e-02 -6.772714571158956753e-02 -4.183603634531286586e-01 8.434029867352327292e-02 4.711362201858657617e-01 5.100953867637120220e-01 -2.148909836574507959e-01 4.714235848791566985e-01 1.425629425475491152e-01 2.257524451378093225e-02 -3.578203158433424513e-01 1.481911845315339871e-01 5.637553773566874593e-01 -4.557967719774277393e-01 -4.813360578005229096e-01 1.998646716392918007e-02 3.745499677981304898e-01 3.311547661828382338e-01 5.512470220046256086e-02 4.318139792493289053e-02 3.931157267497613073e-01 6.114220400296908053e-01 -3.980089409474924511e-01 5.148114930484479768e-01 1.426733605951971406e-01 -1.314964217529903945e-01 5.460493100178729353e-01 4.390379603000356123e-01 -5.429269081943574604e-02 5.151198331004239739e-01 -4.376428822867730606e-01 2.450816473325769518e-01 4.373867657594076586e-01 1.117825035029598596e-01 -5.321631621380601418e-01 3.469045403463982269e-01 6.644938645220546669e-02 -3.099763928799881829e-01 -2.598216830508128794e-01 -4.563290245503970333e-02 2.443432534711015292e-02 2.706024528768733450e-01 -3.154953197915996155e-01 -3.431197868368910386e-01 3.056544047698722122e-01 2.451020514527879335e-01 -2.919709719474494203e-01 -2.509592164146607352e-01 2.203108599705645987e-01 1.029991793208987483e-01 6.738473556717572421e-01 1.191096380168839980e-01 -2.128425307417844692e-01 -2.490402856849010249e-01 -1.669655499350040928e-01 -8.671969447205182813e-02 -3.501563491393917538e-01 7.447864466596074151e-02 -4.241821502406573074e-01 -6.633430923364265486e-02 6.808464096925518350e-01 -1.751579460758324880e-01 -2.474427751491588279e-01 2.799458231941654440e-01 -2.972019551227531586e-01 1.444959829814486951e-01 -3.141318954808385282e-03 1.904981978662004987e-03 2.322430854907688580e-01 -3.015026172109225855e-01 5.653403592737273886e-01 -2.444534710337824268e-01 -1.342138328954587678e-01 -4.625723998006075338e-03 -1.256211062279934398e-01 7.154854981514520429e-02 2.725176821980139219e-01 -3.860733815925322387e-01 2.408997630575871740e-01 6.464241696665126713e-02 3.624647716331154679e-01 1.666440846252381924e-01 -1.859868193390430136e-01 1.927015687352987561e-01 3.772493245604898598e-02 -1.688491415218742464e-01 2.162845815253307269e-01 -4.524833254424126538e-01 -4.524344597192849204e-01 1.446647251085714514e-01 6.198119250633536970e-01 2.408497475272533550e-01 -2.425711576198638919e-01 -1.054773593033628137e-01 1.856807195463433535e-01 -6.952156389319320562e-01 2.915101518595241137e-01 3.417388982650264306e-02 -9.200261432472928158e-02 1.170553827005984121e-01 8.471834002508869810e-02 1.411899204371416111e-02 -3.540949816878485867e-01 -2.489499465429813319e-01 1.396624293691980066e-02 -1.994093306168598020e-02 -2.912676175488529973e-01 3.188331608438948334e-02 -5.659240330518374718e-01 2.044866390412443669e-01 3.533571756692564514e-01 5.263030531753127850e-01 -5.732057563636154818e-01 -1.328063431499909575e-01 -1.640937434916477367e-01 2.647713117408668215e-01 3.405035757044889144e-01 -5.604265161742751772e-02 5.114825618617170333e-01 3.334591347035619213e-01 4.567906001987994125e-01 -6.482843289409685739e-02 -1.518073653330517525e-01 -2.400282882212419477e-01 -3.816138450399214621e-01 6.565419620977780424e-01
-8.758263322515714988e-02 2.072336843454589406e-01 1.000000000000000000e+00 5.164348246741817805e-01 -1.957566186807128128e-01 -3.090256333647720122e-01 8.571430873476949819e-02 -2.572019850255317652e-01 -3.947998113798611985e-01 -7.383474805166519161e-02 -3.573075560434934017e-01 -5.461993498757167220e-02 -2.326757658504529924e-01 1.379688020130699112e-02 -7.163883982382701632e-02 -3.003128066463268131e-01 4.148892364195449489e-01 -6.996231915236068855e-02 -1.437209233110685880e-01 -4.484848620753891790e-01 1.042294372505946504e-01 -2.207566068634932710e-01 -1.230007637125718131e-02 1.846900613757411214e-01 9.740357840656923560e-01 -1.189673044937355068e-01 -3.122773761175086649e-01 -1.212241744168104512e-01 5.859009841788281880e-02 4.969177057193794877e-01 6.365495787343732337e-01 -1.492740967770890825e-01 -7.760586982785697141e-02 2.047531721820340933e-01 6.938227390303213947e-04 -3.537930282821610817e-01 8.744148436173871525e-03 -2.042083124288434914e-01 -9.085165550446210048e-02 3.133940871740263923e-01 7.714106848990089083e-02 2.032079585370371588e-01 9.031042372082380698e-01 -2.816063391313599062e-01 -1.879505497221727328e-01 2.919097761114698431e-01 8.975434779021559395e-01 -1.282586980936727128e-02 1.087986983981090450e-01 4.115276873708293426e-01 -3.023654400969033040e-01 -1.852528185871581412e-01 2.331163619879307314e-01 1.738961681775575974e-01 1.313908932311048661e-01 -1.797726447158038421e-01 -3.240438765053040016e-02 3.452270349727610821e-01 1.899589103662646106e-01 -1.462740699941588174e-01 -1.704183179335066467e-01 -3.643603656649351819e-01 -3.684951978844075993e-01 -3.989880953659336732e-02 3.080901030005646080e-01 -3.906507778123897989e-02 -9.944617051481015324e-02 2.281692734126000155e-01 1.037130474041531164e-01 -1.658806059520513410e-01 9.678102533619247216e-01 -5.604110283228048717e-01 -3.511771430880010203e-01 2.044671301693415655e-01 -7.906705621742686485e-02 -1.727189404536898232e-01 9.714134557796618719e-01 -5.419183555177163603e-02 -2.598480225031611357e-01 3.168666819585454486e-01 1.779035565419954668e-01 -4.285072857940121493e-01 -2.752340459491572910e-01 -8.801707506935773501e-03 3.727551300958618641e-01 -2.371798465407133627e-01 1.387739238187332969e-01 -4.684522817497361324e-01 8.339345968382966268e-01 -4.918935308334290712e-01 -1.057542185486698705e-01 -3.436921379105531416e-01 -3.746735368302342439e-01 -2.311374945271970488e-02 6.055454869955992914e-01 -8.987355769847963846e-03 -1.437398360356369476e-01 1.285131682432506250e-01 -3.127892600820836311e-01 9.348032771701922927e-01 4.798853030476587511e-01 -2.924970511989134492e-01 -1.570992212654264142e-01 -1.120173168797804208e-01 -4.003786939003792233e-01 4.618485557256916674e-01 7.447565640822284561e-02 -1.460366747203078741e-01 -4.692275496363571552e-01 -2.981451663761712778e-01 5.085221638769396035e-01 6.453726620724797858e-02 8.185321641871465825e-01 -2.751180304753301775e-01 9.876929989038442381e-02 5.009170338788164756e-01 4.053104466134891393e-01 -5.039629348903865713e-01 -4.589140843896410416e-01 -1.105997438641392050e-01 -1.909244474359431676e-01 2.027469733838800359e-01 9.674792898910494765e-01 5.532135544609779743e-01 9.842354635781880301e-02 -1.118850790617495899e-01 6.633165384252281971e-02 -2.277797679160076944e-02 2.106430831098323464e-01 1.166492515453368545e-01 3.735832075984553136e-01 3.444754105589423188e-02 7.996081141381734536e-01 -3.906178849465070102e-01 3.198736415005871137e-01 2.628725789978644256e-01 1.760453967896322969e-01 1.511108301007584032e-01 1.094214208239777664e-01
1.667614054805209578e-01 2.299941066630437625e-01 5.164348246741817805e-01 1.000000000000000000e+00 -3.800030982758327291e-01 -4.956301640720612300e-01 -1.034610450545162819e-01 -4.520544501964048889e-01 6.799743901623218900e-02 -4.523826894799622411e-01 1.615775208108312377e-01 3.880982264278763916e-01 -5.237103700242768944e-01 -4.404060131222430757e-02 -4.365223167741285049e-01 -9.485981163141234129e-02 8.347439013285166132e-01 -4.634935822166698083e-01 2.366122066490069231e-01 7.366423026751875436e-02 6.453097052918106702e-02 1.926079064294531351e-01 -2.951722773249254583e-01 5.263492801508820040e-01 4.562475832811054288e-01 1.484099726445365641e-01 -6.973380691205258164e-02 -6.326046510194416328e-01 -2.290202361519423080e-01 5.468211289204207848e-01 7.215113120773676281e-01 -2.323722638715212396e-01 -1.384625887414364376e-01 1.896358619799311529e-01 2.840712495789392625e-02 -4.806153526200445114e-01 1.244759388612364098e-01 -1.437992175182791765e-01 -4.022295644734252273e-01 2.136358226036619637e-02 -3.368072300956687776e-02 6.760019772679379813e-01 4.148192259466988996e-01 1.801947963460624746e-01 2.297630702096807587e-02 -2.346823227875349804e-01 4.913063308857292810e-01 -1.634790258661414086e-01 -6.916596441370864712e-02 8.628587368769840005e-01 -3.526452290083180729e-01 2.588863072638544205e-01 -1.830523422172665449e-01 -2.484456688236481858e-01 -1.754977624458020635e-01 -5.359664085389024939e-03 1.498088635964242576e-01 7.648147974923495962e-01 -2.191378076031411104e-01 -4.148574536278220454e-02 1.869121253478021882e-01 -4.773752555710015222e-01 3.269511949242950161e-02 2.409645179547351690e-01 -2.185290807052157058e-01 4.208430203213904819e-01 2.567438819392401927e-01 1.323239897737698290e-01 4.247100135189894182e-02 -5.402540776071881323e-01 5.431000425272590748e-01 -1.914029238349108930e-01 -8.474152470295145956e-02 9.946216905204328940e-02 -3.079649131439173848e-01 -5.269842757924100285e-01 4.692352177164019755e-01 -4.016337691532789744e-01 -1.964249201522694221e-01 6.155661083775794129e-01 -2.489799251735269892e-01 -4.665660025453932103e-01 -3.858010418437285982e-01 -1.902627255552636620e-01 2.917352530718634318e-01 5.637542269751375651e-02 -4.356081225190875927e-01 -3.287342576098424285e-01 2.217732355379618270e-01 -4.300964567934132954e-01 -4.611589971549599487e-01 -2.930558926450655202e-02 -3.378198631620077941e-01 -4.357350931484843537e-02 3.440714819865146046e-01 -1.875719010713821910e-01 -1.344021554633281768e-01 6.022208929534172972e-03 -2.686732015913840255e-01 5.786742233761379417e-01 -1.530854884793132753e-01 3.462122809289277514e-01 2.599413255824254212e-02 -5.222460862055354480e-02 7.633875118451938224e-02 1.356972801516107552e-01 -1.566570453959097720e-01 1.112966413962749625e-02 -3.094313982799954399e-01 3.542559295008879811e-02 -1.445631373576278522e-01 -1.000085445303300208e-01 5.735433490802607226e-01 1.552486988423770475e-01 -4.636773656777329333e-01 -7.324718156832984994e-02 1.710231249776458518e-01 -3.629817615036660672e-01 -3.294068947593006280e-01 -2.029727785758734526e-01 -3.724411634163576901e-01 -2.924855206739068181e-01 4.082159394834095623e-01 3.333262425167409782e-01 3.974369382569291342e-02 2.601284584539786393e-01 -1.532362417909449714e-01 1.067680917392931361e-01 -2.234262601455215269e-01 3.287079072765432541e-01 -1.198739547098754965e-01 -1.511450097753102018e-01 4.621178971025564630e-01 -3.743989459673490727e-01 8.443087373183790767e-01 6.709920909217090834e-01 4.081088407987552014e-01 2.961969394216814599e-01 8.665415761936239025e-02
-3.206951419229248090e-01 4.143221588270104561e-02 -1.957566186807128128e-01 -3.800030982758327291e-01 1.000000000000000000e+00 1.763846320750542540e-01 -2.152658499216722476e-01 -1.072434636520022133e-01 -3.712905347090630359e-01 3.671440716618223354e-01 -1.078620779226950738e-01 -2.154568900665259357e-01 3.020065617111755141e-01 -1.250083869039863571e-01 5.071439280075027423e-01 1.635916598663298208e-02 -5.358927106691729891e-02 2.351013560069166175e-01 -3.511620623619161607e-01 -2.949905181167975510e-01 3.243242017543621070e-01 1.008843389620389525e-01 2.210404473027921257e-01 -1.258457297213979621e-02 -5.029951762719997443e-02 -2.631106661049365525e-01 -3.539080738669316273e-01 3.562567123158093541e-01 -1.406396936589050239e-01 2.611410178560831241e-01 7.800299893116985350e-02 -5.126528053080861014e-01 2.338399104286393027e-01 5.997755647534956935e-01 1.283411559453866979e-01 -8.844784111659710624e-02 3.498880460905932632e-01 5.917668158169411274e-01 -2.755207504349763692e-01 -3.526617417014683009e-01 2.510939425990587615e-01 -2.081168236746840650e-01 -2.849502951074532331e-01 3.438862639255733100e-01 -7.053997902769063022e-02 4.014876125457171319e-01 -1.795446906777229124e-01 -2.728079609901559177e-01 5.234650220977189738e-02 -5.481472248796152025e-01 -1.733407755786577631e-01 -7.114983172369092612e-01 -1.132199803175609060e-01 -6.292165390312433049e-01 -6.852258224519705565e-02 -2.724605625364366346e-01 -1.236778768683887697e-01 -1.782023229205016990e-01 -1.402188985385516562e-01 -3.551319809207397760e-01 -6.095449985968657280e-01 4.621288783792739524e-02 3.446187951174579100e-01 -1.923126197904665713e-01 -7.600443949013564737e-02 6.183066627177616348e-02 -6.301807508292468496e-01 -9.001018407482743247e-03 -1.506606977024839422e-01 3.759882024208530127e-01 -9.659928588469447741e-02 5.635265229198909154e-01 1.231268056296448421e-01 -3.688047454534445491e-01 -2.075266508724003534e-01 1.450607259204910737e-01 -5.859930151842007023e-02 -1.842326193367054554e-01 2.413107191256854411e-01 -5.349552964158328372e-01 -1.423694595348780623e-01 2.788801804534223883e-01 -5.678539955711278675e-02 1.086763419852052881e-01 -7.337906295782736787e-01 -1.364876931465732746e-01 5.740322764902476560e-02 3.206961498479372064e-01 -1.218508562752063928e-01 4.452835437169106458e-01 -9.642222862676409767e-02 1.559786942961766121e-02 -1.665102819130556966e-01 3.618162014422651729e-01 3.333133593135607087e-01 -1.156395470900619393e-01 5.279069722034066547e-01 -1.281940440417216331e-01 2.780885164122581243e-01 -2.461834274471279282e-01 -3.735476938233067146e-01 5.012624857428594344e-02 -1.066994921558965664e-01 -7.272060313175471302e-02 3.055367188358495412e-01 2.246173291230596503e-01 -6.755372296484336569e-01 -3.697125124607535812e-02 4.367602211227517572e-01 7.419011213947736272e-02 -2.040586187568055321e-01 -5.179250708157378917e-03 -1.610372778139673999e-01 -1.751067461255241542e-01 1.529396628563595983e-01 -3.725913890632734926e-01 -1.111627562637163974e-01 -6.727039764870107463e-02 2.758455285985632333e-02 -2.336945451616529168e-01 -2.550224166467645048e-01 2.208939906358982075e-01 -5.231677211116748938e-02 2.657027325249779470e-01 1.356530935169381058e-01 -4.232614883722451982e-01 1.604926624508914712e-01 -2.594926355065854118e-01 -1.588653532432466320e-01 -9.846647474384878640e-02 -2.243387114445691555e-01 4.307786258628258924e-01 2.358415426003709903e-01 3.238360507406905509e-01 -1.024133439715328997e-01 -3.977420357718153832e-01 -3.509173445766692323e-01 -6.782430243916690582e-01 1.678880751530202331e-01
-3.274576494762533319e-01 2.755861479876278164e-01 -3.090256333647720122e-01 -4.956301640720612300e-01 1.763846320750542540e-01 1.000000000000000000e+00 1.940598350988857468e-01 6.725018818408169397e-01 -4.768195427109827023e-01 -2.477089969387113455e-01 -4.662299747593068866e-01 -7.914906481875532140e-01 8.957716213255055848e-01 -2.186193503554445250e-01 -1.908019858243412137e-01 -1.479412646521118813e-01 -7.216387928916413452e-01 5.033763491997886863e-01 3.913150631344696206e-01 -4.018105341960347965e-01 -3.893222263042979692e-01 -4.464532370514283088e-01 -5.576442199002788064e-02 -8.206652506663574265e-01 -3.486925958706511008e-01 1.595528661460469400e-01 2.220398219111565097e-01 1.746439363476042228e-01 -2.569604120534383918e-01 -1.867799246452362394e-01 -4.294608016514208648e-01 4.013878184355216261e-01 -2.075539014371037827e-01 1.774172510529088420e-01 5.824770020801908754e-02 -6.747323286226228345e-02 -2.318265729223182303e-01 -4.106353004782515859e-01 4.938177433259045568e-01 5.116614193592334235e-03 -3.185076874240533873e-01 -2.822487203730827399e-01 -1.014150601604369289e-01 -2.961499362778544087e-01 6.782133371185827819e-02 -1.700805781051756282e-01 -4.383806345992413700e-01 2.671217142786275200e-01 -3.872564744379869417e-01 -6.888485658085458097e-01 6.754883518496014316e-01 -5.167616863281693229e-01 -4.259654076539519107e-01 3.835321231793644148e-01 -3.531341260856223352e-01 -4.390494431736026160e-01 -7.024321641511125369e-01 -1.932385025244932608e-01 -2.189825924188576745e-01 -4.811481734083312700e-01 -4.088133533308831447e-01 7.863129076603156964e-01 -3.797542415003564154e-01 3.072084974888847353e-01 -2.395034966916631536e-01 -1.812214890834928371e-01 -4.281987022053774239e-01 -4.096372520154688002e-01 -3.371908444842357522e-01 -1.143318943137148352e-01 -3.439090799477707017e-01 2.479539964645629535e-01 2.593552314219101929e-01 -1.033237422869633659e-01 -3.060885274922225951e-01 5.197904911626848312e-01 -2.262222289148756726e-01 5.659008255213758831e-01 1.567584547972481757e-01 -4.373793463960046202e-01 -1.734723275572442325e-01 9.031381844280331750e-01 6.564424900018747122e-01 6.265404554411108107e-01 -5.354041708060217619e-01 -4.615215386505666650e-01 -8.756692448647816762e-02 -3.436122791857362246e-01 -2.802491665196689685e-01 4.299515522097165365e-01 5.053432635978973853e-01 -1.310159476997127259e-01 3.932497383883580278e-01 -1.875363577584496788e-01 -4.480479131781682778e-01 -5.218611764319341928e-01 1.415627930340399854e-01 -1.969560180396751903e-01 1.371443668106852587e-01 -3.000408449498021546e-01 -1.418463022289699338e-01 -5.402428499592318856e-01 -6.278913766973673316e-02 5.608350534247021069e-02 1.495639285433526811e-01 -2.615564050680146968e-01 4.136503593764449538e-01 -3.275638106224399437e-01 -1.874514450853290715e-01 4.316611761530823599e-01 6.697919651091539806e-02 -1.312397415703893400e-01 -5.930602045049333526e-01 -3.930713105792188466e-02 -1.325986983730683411e-01 3.481284735987906498e-02 -1.936347368439388650e-01 8.443344129052732239e-01 5.409895728927457403e-01 -5.235129536483159596e-01 8.004913676179089554e-01 -8.428344267884349539e-02 -2.361176190152865784e-01 -1.187636390087034449e-01 -3.128235389654525078e-01 -4.059958033946087785e-01 -5.029755754569046333e-01 -6.502076060639203625e-01 -3.307141934138406181e-01 -1.156421164081732345e-01 -3.898553665408063251e-01 -2.860631643842597924e-02 -2.548421949476562531e-01 7.660268001152280570e-01 -6.981213649532111987e-01 -3.918674498389245753e-01 -3.800099647268498360e-01 -4.715226543465500519e-01 -5.817695107847957459e-02
6.290666040648413984e-04 5.216183059799571753e-01 8.571430873476949819e-02 -1.034610450545162819e-01 -2.152658499216722476e-01 1.940598350988857468e-01 1.000000000000000000e+00 8.914672098026562783e-03 1.760439113203732947e-02 -2.144987862911038046e-01 1.814014634338809440e-01 -3.349158572838412118e-01 2.303357735228533099e-01 2.143068589275230196e-01 -1.120918710288394682e-01 -5.232562586439849506e-01 -2.154313721239842772e-01 5.416781659113296676e-01 2.358860517329522677e-01 2.291714964450952963e-01 4.651821099747497495e-02 -1.219809676449166158e-01 6.118555472608931678e-02 -5.003854930879187979e-01 8.904717934143416280e-02 1.040531255830054458e-01 2.227023394689336966e-02 -2.790659181558786672e-01 -7.731997624063040829e-03 -1.340755447177668647e-01 -1.228156799967566049e-01 5.255892894810363369e-01 3.131745492169588641e-01 -1.186036397451025320e-01 -1.161545826006104148e-01 -5.280059266529818496e-02 3.313487004890270926e-01 -1.739278170899898612e-01 4.200956191133991546e-01 4.281396871610418930e-01 3.075240936589047069e-01 -5.514961031576079975e-01 3.683948825961270157e-01 -1.978778945781059506e-01 -2.374723310172003887e-01 3.792263086773755565e-01 -2.011304362262895384e-01 3.065803848078444901e-02 1.677987787004275311e-01 -4.079979224736286769e-02 -1.450744925635456990e-02 -1.958647732160656296e-01 1.306715268965809307e-01 4.860077634755797238e-01 5.029900661317853183e-01 -4.046499569400288099e-01 -2.051057432564057925e-01 -3.021746536186543097e-01 3.274728225360994949e-01 -1.592057733482457049e-01 1.402013630644699804e-01 5.854129340865940612e-02 -1.303862143167515697e-01 9.628247858771001033e-02 1.756734508896602154e-01 -5.676781318151389311e-01 1.025356196879780857e-01 3.391922361666838692e-01 -4.058749525797056834e-01 -4.031141731129965766e-01 -9.142460815311267974e-02 -5.402113448398841999e-01 -1.760416304523223785e-01 6.715471252351954412e-01 3.532090571339411844e-01 -1.072891954132031700e-01 1.576432653305197273e-01 1.746090193017446612e-01 -3.520001795759380991e-01 -8.998519818233903511e-02 8.194778217560137745e-02 -3.408631902287515003e-02 6.884253487613331557e-02 1.439696429206753225e-01 2.988110752749568999e-02 2.599948961065735586e-01 3.267118337351985341e-02 -5.456130196383368602e-02 2.313031815251652967e-01 -1.470675748804754213e-01 -7.287632010466355004e-02 -2.230152831945069747e-01 4.464279863713926932e-01 4.786148550063316076e-01 1.758171587432306171e-01 1.822373946306285117e-02 1.458866555381985175e-01 -3.327467383481370056e-01 -2.903656191370185269e-01 1.877057830416313244e-01 4.740130636547486287e-02 -1.771064884106388904e-01 -1.934371876595009365e-01 3.452543813405932194e-01 7.262750560283215417e-02 -2.747517094739370114e-01 3.244388108010163307e-01 3.422263540587640041e-01 -3.996137221137808782e-01 -3.389206993875050755e-01 -1.313850027951986021e-01 -4.425583059683734222e-01 -3.058528587307616717e-02 -3.670139413014386065e-01 4.635237057756175921e-02 1.110122158558853322e-01 -2.378232697130589768e-01 6.500141221717466167e-02 -2.037908976207010170e-01 1.186446870006601095e-01 1.615838983054671829e-01 -4.615277002446908639e-01 6.599045143893422782e-02 -1.845877661841853201e-01 4.047646186546677294e-01 1.935396675524518606e-02 -5.399494616270832104e-02 -2.291610028930374798e-01 3.352132115713172822e-01 2.934165853695636650e-01 3.607293356098073001e-01 1.992629227050636553e-01 2.396450034390443934e-02 1.148304693739322230e-01 -2.814733857183279175e-01 -3.492752300705839752e-01 -3.341771778724885733e-01 -4.760982034410040642e-01 5.770281528004558291e-01
-2.585337106273057906e-01 -3.155316228809509904e-01 -2.572019850255317652e-01 -4.520544501964048889e-01 -1.072434636520022133e-01 6.725018818408169397e-01 8.914672098026562783e-03 1.000000000000000000e+00 -8.074799033835100559e-02 8.388898421319675169e-02 -4.018682667907693684e-01 -3.566282910889549962e-01 4.675782924862046386e-01 -2.122508828391898583e-01 -4.061635308103617725e-01 -2.173020023504619591e-01 -5.760989735901778097e-01 -8.839454087421604045e-02 1.407197023779897110e-02 -1.939096021702470529e-01 -8.321863221422676204e-01 -6.716541456420366263e-01 -2.720785023889575882e-01 -4.696200773799649175e-01 -3.317262328199525045e-01 9.481658106183223078e-02 7.241482792818900727e-01 5.705940504962699888e-01 -2.514402328399484854e-01 -4.250052978767682177e-01 -5.808000954876038069e-01 7.009623068400392398e-01 -1.841278917753862709e-01 -3.391578642221369511e-01 -3.903193079920230235e-01 2.051250229082773879e-01 -7.294399006118208462e-01 -6.059398888858443799e-01 8.679232731917221333e-01 -5.252340666862168744e-02 -7.993530436535210004e-01 -2.895474588930153637e-01 -1.785470766846813939e-01 -2.042011637074144237e-01 -2.084051133601187433e-01 -4.512347969081126342e-01 -2.992923051313836624e-01 5.912011380552809614e-01 -6.130730956279373256e-01 -5.423253500611385780e-01 8.753616028763697710e-01 -2.014735729018006238e-01 -2.472158370592537902e-01 5.431121844016782996e-01 -2.692702481963732408e-01 -2.834368776620040387e-01 -6.382344331811388161e-01 -1.153788071121764208e-01 -3.132119983720570433e-01 -2.324663204602316346e-01 -8.039971430978813324e-03 4.275721738158047014e-01 -5.041382729938351792e-01 1.231240709814758055e-01 -2.352461502941563254e-01 1.514342057692479593e-01 1.707389986123915293e-01 -4.607430265847555773e-01 -3.542863336955185960e-01 9.928874603455797865e-02 -2.826490408628974937e-01 3.862125397099074320e-01 9.330077388179129627e-02 -3.658402253626015233e-01 -6.747073003724711471e-02 8.683286990584072607e-01 -3.106849211543477596e-01 9.557453816327228235e-01 -8.889604282920081368e-02 5.191459803774804704e-02 5.390246404579074335e-02 5.902034168405300152e-01 9.783115711733121334e-01 1.100857484149912746e-01 -2.321571090965383333e-01 -3.143611253070666689e-01 -2.798105298555255208e-02 -3.935902544005058790e-01 -3.577461252045761597e-01 -1.415811842248028973e-01 9.486813792649223531e-01 -4.257808662402408073e-01 5.879804358708159984e-02 -5.392450547143796680e-01 -5.457038208009901137e-01 -4.165673109649966621e-01 5.323412888793455783e-02 -2.873445808117449096e-01 9.726584838506267816e-02 -3.633617058975911474e-01 1.218730516928149959e-01 -3.159138157192573626e-01 -1.911573181950486922e-01 -5.243964633979673051e-01 -3.226763471768508418e-01 -4.212514422109947532e-01 7.062363425876952983e-01 -3.949425696964477539e-01 2.159864262601665363e-01 -1.275659320462429192e-01 -1.026189491571738860e-01 -1.873721675530119479e-01 -6.350784547622249088e-01 -1.739914909464501114e-01 -7.559103537103878390e-02 2.120583415435478292e-01 -3.028965087362375797e-01 7.957558351682786357e-01 1.618123160858595255e-01 -2.402572999620109229e-01 9.110167275567728762e-01 1.580751182991313453e-02 -2.862551590937998380e-01 -5.438778716365364474e-01 -6.656471293113375154e-01 2.200463804387023381e-02 -4.810370899521341781e-01 -4.971956714354092699e-01 -3.315782969079856257e-01 -5.149851218618365367e-01 2.259952631011109478e-02 -5.519828884814362846e-01 -5.005178133373646698e-01 1.700137254065173797e-01 -5.592716791995960834e-01 9.416019098805923637e-02 -4.749316719869501879e-01 -7.854283516493001938e-02 -6.403220087789717185e-01
1.545535688131201846e-01 -2.757097926542884103e-01 -3.947998113798611985e-01 6.799743901623218900e-02 -3.712905347090630359e-01 -4.768195427109827023e-01 1.760439113203732947e-02 -8.074799033835100559e-02 1.000000000000000000e+00 -8.946314273089135682e-02 6.202908534113887873e-01 7.610016678165028026e-01 -4.202762902870029738e-01 2.857950671186865743e-01 -1.849644661612820373e-01 -1.180541402437403076e-01 9.564799616806037019e-02 -3.620453530217982441e-01 -2.295200884222194648e-01 8.839519840229778103e-01 -4.485787770774545512e-03 3.474306958635149378e-01 2.028396733323061529e-01 3.046886271829679638e-01 -4.645515289103016587e-01 2.211959414901395471e-01 2.161826268675964835e-01 -1.256217177111138561e-01 3.146595200345693732e-01 -2.575178895939277957e-01 -2.789575966042376898e-01 2.005453127950872494e-01 1.703090374548984487e-01 -7.496091327018529205e-01 -9.763409955566818010e-02 8.937065430472523886e-02 -1.592973755719591031e-02 8.331936217725217919e-02 6.367684202571895213e-02 1.527679547574927466e-01 -9.387251893795982294e-02 1.929706383362558286e-01 -3.224651432587525846e-01 4.724558278423490743e-02 -2.330481136251614793e-01 -2.965995686908559636e-01 -1.610477231408246612e-01 4.318753798755873771e-03 -4.461995891551213955e-02 1.828720232205726659e-01 3.340301871107410198e-02 7.582863733054644451e-01 3.469087768812985084e-01 4.560586822887317121e-02 2.466000049847654751e-01 5.854542224042764698e-01 3.396660432060649160e-01 -6.064563414394197327e-02 3.229064917225665243e-01 5.665725755325765611e-01 5.839620447600543107e-01 -2.172314883203606828e-01 3.898909764804174283e-01 8.076072082581514655e-02 1.665470410991692352e-01 6.840425827868278075e-02 7.953685140499243689e-01 -1.256501134959502053e-01 3.713701242605268460e-01 -7.172159357197856189e-02 -4.715507950592944253e-01 1.442460294167914429e-02 2.982079685346882836e-01 6.380606685018792856e-02 4.942319572911997860e-01 -9.919490656459031830e-02 -5.389117856769394255e-01 -1.275769705351284256e-01 4.987282488151043025e-02 4.178130878370470702e-01 3.515817647747189745e-01 -2.919341579404433618e-01 -4.256874229832639800e-02 -2.262782466016923233e-01 1.642666729131554704e-01 5.740825693054837364e-01 1.634882469873498445e-01 3.664421396307160905e-01 -4.761049932622753444e-01 -1.790739065665311325e-01 -1.396412255390499894e-02 2.175525796651130439e-01 -1.668477789001877876e-01 -5.150777520906120455e-02 -3.584426092086926974e-01 4.380671374777417304e-01 -4.278629904154655078e-02 3.111097605974713631e-01 3.160248659831812468e-01 -3.945182070363357774e-01 -2.344755179609012974e-01 4.852176021863447430e-01 -1.705500855281951722e-01 -1.863580572066930174e-01 -5.686341860389683249e-03 -4.271741575757982967e-01 1.317005536624293038e-01 4.702509392845737324e-01 4.049020153719546378e-01 -3.687118801025000003e-01 -3.889650392982173521e-01 2.601725252930235932e-01 -2.200282752265312891e-01 -7.801353160495498595e-02 -1.162691312386478631e-01 -2.269919069789309296e-01 -2.526929177349629407e-01 -1.438449036728004227e-01 -3.950176480627636266e-01 6.141565213337535356e-01 -1.784320968651040840e-01 -4.859552252663321137e-01 -4.563732024742583326e-01 -3.511639598926451500e-01 -4.857455806901814915e-02 3.735576243737860347e-01 2.619803965365063436e-01 6.431789463755451797e-01 2.194376026270422331e-01 -1.071321094389889456e-01 2.924450751989183250e-01 -1.412731000806608794e-01 -4.810940727692094021e-01 -2.774217731913240503e-01 7.687258938111198037e-02 3.777069888492329275e-01 7.078977722152081375e-02 4.125975231315874847e-01 -1.716987432952198356e-01
3.723315245730451362e-01 -4.618459402362722344e-01 -7.383474805166519161e-02 -4.523826894799622411e-01 3.671440716618223354e-01 -2.477089969387113455e-01 -2.144987862911038046e-01 8.388898421319675169e-02 -8.946314273089135682e-02 1.000000000000000000e+00 -1.087848805437918592e-01 1.994635641153626529e-02 -2.208912863351043532e-01 4.288628866563123920e-02 5.026211166792917684e-01 2.807530818244676207e-01 4.662169068547955542e-02 -2.847589433060006003e-01 -4.260641066185636983e-01 -2.595246082472218996e-01 5.696882678118158488e-02 -1.321281929301455216e-01 -2.137270918328479652e-01 3.424576669577483745e-01 3.330024808176514084e-02 -1.624818982348079643e-01 1.343550704522164241e-01 8.066288658814676493e-01 1.312810097682994004e-01 -2.760209924404010140e-01 -1.208875441121599892e-01 -5.543147163176521779e-03 2.917721380910044404e-01 8.285197166992620474e-03 -1.417945162581907004e-01 7.480966978520480204e-01 -1.951795541542382662e-01 5.151960692234407446e-01 1.184507999855243382e-01 -1.702408766950509189e-01 7.024971887565154005e-02 -6.111990216104346008e-01 -2.323423898181885272e-01 1.549138855848237462e-01 1.814541547824655987e-01 4.464206922738413463e-01 -2.931168125453800441e-02 -1.700636169692261723e-01 4.287841400668818137e-01 -1.550940421900547928e-01 -3.004937357008978238e-01 -1.308814377971612708e-01 3.067002914072210484e-01 -2.619196082088769417e-01 4.351228234102273440e-01 -1.256090731980208028e-02 1.383560147115399097e-01 -1.861633174531303614e-01 -5.636206652045676335e-02 2.034796048936848567e-01 1.289821493060889224e-01 -3.903574880645862000e-01 9.897631957518346346e-02 -3.838376885433327224e-01 1.529559644164784071e-01 2.161904899246516742e-01 4.620567396581219677e-02 1.072823483176684328e-01 -1.969133668833048800e-01 8.944497299895084463e-01 -4.311126115708607820e-04 1.910955780778317292e-01 -6.331462144808079895e-01 -1.258014753142929487e-01 2.694185256204925105e-01 4.034465674362541776e-01 -8.096732283357430116e-02 1.657373049916941732e-01 -1.340899292052322722e-01 -3.004266869052973910e-02 2.065596824370345419e-01 -2.979854658428354730e-01 5.206666522567707407e-03 -6.380989119552290534e-01 1.739179487806358781e-01 7.888625812592177378e-02 2.798745413818493066e-01 3.825008610279108656e-01 4.714444521223672829e-02 -1.902797617202237612e-01 2.187577005150862230e-01 -7.682017439411234494e-02 -1.862721719368631290e-01 2.834096670541466634e-02 2.442003140031238639e-01 2.840472317787590129e-01 1.556119449057814241e-01 -3.007232550588088693e-01 -2.330027726055166892e-01 -2.671954251889621657e-01 2.541501510387533802e-01 -4.998508434049498544e-02 3.647452787656904061e-01 -9.580747949100494598e-02 -4.818951550147234641e-01 -1.240365995081370298e-02 -2.972223220040586811e-01 -4.466143481056998599e-02 3.931627995569640932e-01 -4.101373631778320594e-01 -4.835677898315095258e-02 -2.176619159921562852e-01 -7.836442075728212997e-02 1.556399261417976965e-01 7.001925794973032913e-01 -1.140461753207255152e-01 -2.495609858736559661e-01 -2.479002320100763268e-01 -7.267784011088650187e-02 3.139373464025561611e-01 -1.189818054357571486e-01 5.728188277412424867e-01 -1.144266723327939106e-01 -4.220791939429805462e-01 1.669590890499140223e-01 2.087922692140799577e-02 3.342720286733488755e-01 5.206139459257946162e-02 3.178601465183387154e-01 -4.809976640511362533e-01 4.617510520708592026e-01 -9.740211480357419127e-02 -1.461343376124989990e-01 -5.078084837758969350e-01 -1.772056099792122807e-02 -1.381583633135275990e-01 -4.074000530073246806e-01 2.467295784987429824e-02 -2.877111648471875616e-01
5.429565922919694920e-02 -1.478366382712196225e-01 -3.573075560434934017e-01 1.615775208108312377e-01 -1.078620779226950738e-01 -4.662299747593068866e-01 1.814014634338809440e-01 -4.018682667907693684e-01 6.202908534113887873e-01 -1.087848805437918592e-01 1.000000000000000000e+00 6.987214413185469652e-01 -5.821067629035862057e-01 6.151489903187166153e-01 -2.043055244240926105e-01 2.693031062949807208e-01 1.853908492658416785e-01 -1.646964260809925529e-01 1.257330790591859038e-01 7.824187377225856332e-01 6.107194395806925247e-02 2.002477629125501146e-01 3.646758502173697014e-01 4.357253049467162964e-01 -2.946088942926190501e-01 -2.208547012858974312e-01 1.673010869909352938e-01 -4.107524115441911761e-01 3.161119485727274525e-01 1.581535464393768464e-01 1.535349614219243264e-01 -6.791526401195450979e-02 6.494999158071805834e-01 -1.095471563447761865e-01 -3.882866062833273402e-01 1.458036438454144712e-01 1.801206908473261814e-01 1.581203909989598588e-01 -2.661563862579932049e-01 -3.909169526526363181e-01 1.620981872411559888e-01 1.014889872093850398e-01 -3.602544719121981154e-01 4.655337030813692656e-01 8.603865798273867185e-04 -1.978760027562960766e-01 -3.897065063826589126e-01 -2.266403066256134635e-01 -3.218011934550997900e-04 3.075658497014995274e-01 -2.471071973801314270e-01 4.090268211207119808e-01 3.163383473440516958e-01 -3.174640889699666957e-01 8.569481393739952638e-04 4.905876517572642093e-01 3.270359956436951210e-01 -1.811965679252024453e-01 2.527771755978338586e-01 5.896165916121305361e-01 6.436029977599684315e-01 -4.964525780737564231e-01 1.767329292214682712e-01 -2.631130461939962251e-01 1.776634883450938507e-01 1.661745011154326657e-02 3.796950060185111941e-01 3.515095764733094374e-01 1.836762800466710810e-01 -3.087181011021083443e-01 -3.241068330691865285e-01 4.068919083143644755e-02 2.534349687696302866e-01 -4.363318604542685414e-02 5.925725376526861377e-01 -4.774154651771451707e-01 -3.303458713703877336e-01 -3.988210930650204489e-01 -4.438430198936914040e-01 -6.108936201562296248e-02 1.104322027582124860e-01 -5.080398657210183355e-01 -3.149897146804773729e-01 -3.824617856742928979e-01 1.702575622523863352e-01 9.353965385744431593e-01 5.115307072339572020e-02 1.874962245711296049e-01 -1.845869437036581073e-01 -2.042103927082768999e-01 -4.917253078354456020e-01 -9.681644930820278161e-02 3.397171626905399755e-01 1.314048819332485629e-01 2.015372182559716230e-01 5.667091194730059511e-01 3.566062405050620110e-01 5.633571759772578597e-02 3.335892011966023474e-01 -1.769470432725867848e-01 -2.153062915035646729e-01 7.217756524867138257e-01 2.877080189991541165e-02 1.217092700838982994e-01 1.997332343673191846e-01 -1.240853927396829148e-01 -2.962733069314636980e-01 8.092792991533790392e-01 1.829420913128792237e-01 -1.536759206024572721e-01 -4.477057784541305652e-01 2.357079964907617120e-02 -1.632376608525629158e-01 5.995017781866901485e-02 -4.307482615690543248e-01 -2.294778003693951629e-01 -1.758437494739819862e-01 -3.908599797641009177e-01 -5.137696961651016386e-02 6.454997331124699977e-01 -4.760704424259170064e-01 -2.157906716194070706e-01 -3.231231522645303667e-01 -1.580511536562207997e-01 1.995237944213592782e-02 3.327660442107617800e-01 5.468451252443795596e-01 5.472163314108665633e-01 -1.091664747429886839e-01 2.992142131961614618e-02 8.116175285263850514e-02 -1.730744860881888447e-01 -6.650975028384961685e-02 -2.610291416816266641e-01 2.887661674901124687e-01 -9.335774587917985978e-02 2.099852162518784648e-01 3.167767039038597160e-02 1.245483343345039073e-01
